1 6 7 8 9 2 3 4 5
1 6 7 8 9 2 3 5 4
1 6 7 8 9 2 4 3 5
1 6 7 8 9 2 4 5 3
1 6 7 8 9 2 5 3 4
1 6 7 8 9 3 2 4 5
1 6 7 8 9 3 4 2 5
1 6 7 8 9 3 4 5 2
1 6 7 8 9 4 2 3 5
1 6 7 8 9 5 2 3 4
2 6 7 8 1 9 3 4 5
2 6 7 8 9 1 3 4 5
2 6 7 8 9 3 1 4 5
2 6 7 8 9 3 4 1 5
2 6 7 8 9 3 4 5 1
4 6 7 8 1 2 3 9 5
5 6 7 8 1 2 3 4 9
5 6 7 8 1 2 3 9 4
5 6 7 8 1 2 4 3 9
5 6 7 8 1 2 4 9 3
5 6 7 8 1 3 2 4 9
5 6 7 8 1 3 4 2 9
5 6 7 8 1 3 4 9 2
5 6 7 8 1 4 2 3 9
5 6 7 8 2 1 3 4 9
5 6 7 8 2 3 1 4 9
5 6 7 8 2 3 4 1 9
5 6 7 8 2 3 4 9 1
5 6 7 8 3 1 2 4 9
5 6 7 8 4 1 2 3 9
