15
3
9
4
12
12
15
10
8
11
14
3
11
7
1
2
8
5
12
1
20
24
9
11
15
5
15
5
4
10
6
10
2
2
3
3
4
24
5
18
1
2
4
2
11
8
12
2
13
7
2
3
5
18
9
12
9
3
6
4
5
3
5
4
4
6
4
6
3
5
3
8
11
13
4
6
3
3
7
4
4
6
11
17
8
7
4
7
5
5
4
12
3
13
8
7
3
11
6
2
8
7
8
15
8
7
1
7
16
8
16
3
2
10
8
3
9
9
16
3
1
11
4
10
7
6
8
5
2
5
2
14
6
6
7
2
1
4
2
4
7
9
9
10
8
9
2
6
10
2
20
5
6
14
10
3
7
15
8
5
8
3
7
19
10
8
20
5
8
15
11
5
6
4
6
2
11
15
11
13
8
9
10
3
8
2
11
6
8
17
9
2
3
17
2
2
3
5
2
3
8
17
9
7
5
9
4
4
7
9
12
6
10
16
9
3
4
2
4
11
8
6
3
8
2
16
15
2
5
4
5
13
7
11
6
10
6
12
2
3
9
5
5
10
17
3
7
2
17
8
13
15
3
3
8
10
8
15
15
2
2
1
2
7
11
6
5
14
8
5
11
13
6
21
15
5
3
2
4
13
2
3
6
5
17
12
7
13
17
4
15
8
11
5
12
4
6
6
7
17
19
12
1
13
5
18
4
13
8
11
2
7
15
14
4
1
6
5
5
20
7
8
3
14
1
2
9
7
10
4
8
14
7
9
9
7
5
2
2
2
4
2
8
1
9
10
8
7
7
15
6
4
18
2
2
16
8
7
5
7
4
7
18
10
4
4
16
4
4
18
14
2
4
6
13
2
5
7
11
13
10
5
3
4
8
9
10
6
3
10
9
5
16
2
2
1
10
9
14
9
5
6
7
17
2
3
3
11
18
18
5
6
8
9
5
18
8
3
3
11
2
1
4
6
6
19
7
10
2
8
1
2
4
4
8
4
18
7
14
9
14
12
1
5
5
6
3
17
7
4
15
6
4
6
21
1
3
2
4
14
9
6
1
4
7
7
7
16
3
6
4
9
5
8
8
2
13
9
3
7
7
18
7
4
5
8
3
10
7
11
7
10
5
4
9
10
9
3
3
5
