916841841
049285673
165481431
610171865
964788007
047151134
709941150
201527397
268345793
275489457
829540320
756140878
417626153
340915740
739982598
109935648
366252639
911074825
035744683
801983372
004215258
832668538
039779122
747737626
235259011
662029337
545550307
532990565
190923324
375243099
414330951
174285000
762350137
937155892
815047978
769944919
101765196
940457376
718764117
048396370
553221274
176782554
553660630
253924300
878584099
055161951
817506100
891945750
806162038
598511800
874207716
397652483
909600235
444010823
256235659
410834008
358004850
071026004
023316390
666140876
684319754
212488987
140903727
574687873
868022129
205368707
769635720
734372740
994256420
065175400
411309197
561172576
754246876
573649933
058651915
637539537
202247252
796533443
581983878
815004230
582935923
758064180
378715668
060083975
126946476
306513217
993118838
867626649
217432766
211380978
174519439
877555577
126552161
501693570
436239569
720524370
180587505
331736133
399332100
315150240
188317920
284366693
876012400
370527968
565192023
529859908
573752314
932065863
240138866
177256724
022765620
046660529
234097554
160601177
074828470
665260970
379592280
758624302
531488164
994387351
399532588
661999342
724004455
342186979
770170200
281123289
887675313
601639950
933581090
886207232
319851150
256756602
097663240
215862779
777876228
213384810
427791919
113949022
864233883
861808940
455910870
932932887
125571981
024722490
498960558
602867463
270583318
000833271
550776974
741527217
049564443
817273925
626392227
001209671
893068916
842527106
955427136
996515459
194642422
676992893
923971399
879772467
100711702
818965040
476002548
898351450
439524137
936056671
089519156
181379758
602778820
419212602
723701717
331439977
983826043
554882964
340896749
778994280
022465171
309195908
236687742
691910617
071767572
307346446
303387140
874448741
566371794
744699697
027886287
502660976
050641701
937759693
241196747
092341872
620578212
940779977
889859880
494515722
420742647
726157261
371459343
789409946
505981277
885962471
591969982
393806642
730056801
816790476
681271347
915375450
068962850
439083730
348845050
394214521
879454711
824390492
661184975
322293727
184995881
996592039
409997163
981743724
182738463
704957233
996359826
002262021
543850615
119870256
552994051
357877481
064030882
210329717
887646683
648646476
423128947
111927593
658373077
294653760
662022900
418372531
555711240
380530450
837506400
289781807
666691923
880341624
641379272
374007949
366211278
548858654
464174724
532423200
161767783
593111547
629971890
829825143
336886300
594577231
480882938
280408200
334081930
651435176
950414417
944702999
157105514
335030902
011182000
147503918
004967007
202883250
646542373
175938084
665528397
734702424
303497691
748635734
615545389
643160696
861366640
639985051
266462008
218230609
044932119
926788444
135452793
760936963
687246498
152478601
340490693
570259100
567775691
081597996
886152747
741216960
381702724
715946037
772575100
593921592
300013197
715915115
721847081
974058636
800371831
099094726
791979400
473902002
233114653
290694610
814999788
707612680
217252651
644302450
398823567
134905318
935962711
751184986
055031674
335768943
909560057
397856450
021937185
701488774
973621733
370031701
133810577
692160088
924567552
359508816
176210597
152548450
196021471
502222457
711868771
878792284
561774843
588523315
124443770
563025421
651101769
962055300
012534060
712574832
893175679
270742254
258663251
401052705
641223576
349307044
358947530
772514243
727935165
856728454
857532181
976890350
308377634
391711886
319415651
566489457
290129001
829359577
726922947
253370938
655193758
002996111
107713514
075629990
441495854
179617158
330212508
273549696
158046443
936016215
544621293
487204949
452184740
319306736
628980436
225081574
528156520
525096074
160283720
520451536
717826635
478701251
072613471
112719727
030266400
300793222
202655362
507091019
014542913
389457280
113642020
332116114
773801999
870032358
123827176
869220814
649020143
590491331
794467760
115571034
579001787
533942690
452397545
513643044
914031593
232299321
356321498
195032876
718632001
996622368
740917423
778003751
209245609
391440183
693369167
201604561
129970178
633913769
972832612
583517975
752256800
565214037
481136137
277725225
091283600
863924049
970956760
337525896
405668856
891290499
040546729
597905091
452012641
951633240
395982000
166355656
988537989
152075188
710114665
018440109
032052829
248633984
405544205
528419755
688672026
795590258
595415400
041583379
950373806
268520680
614054193
881009693
401297050
548575518
564460678
207192293
317906467
388716250
073346081
574129037
241565251
153229656
960732467
217357667
081258502
728775022
164524913
533220182
509793105
390080100
017401402
951629531
381018412
971729757
291850154
239505889
178507451
305963155
837108043
263096570
837687556
320119663
942131797
070977640
365514451
749195000
866793750
378469737
150629727
528349189
992481640
753216061
741890500
365295238
808214036
956522952
525855000
940315078
126482047
246009927
102115327
071946491
051461256
771039958
761999765
851020201
254777792
440763683
545219393
953761494
578817227
146930169
323221933
008981893
742997250
957731945
856085250
313462607
225663857
948969585
552417750
696094965
317431272
159418871
322343620
156732665
267027250
593423974
921004611
727466450
587093598
839315155
615861150
433201690
580995879
812745924
648458353
755185001
904816079
141880005
697961901
921902920
013717510
222681280
013640169
200526025
264265550
784250337
448014850
313606583
540632031
558828357
814932112
065170480
608894610
310538608
362344645
399885554
192238683
211482677
396555807
772514089
744250111
006150002
488373696
506546835
831781020
916338093
545448650
085277680
967715981
998833478
764672965
738060645
599464481
600949727
565611800
533423106
888860545
104970962
675105741
223105861
279912977
476422466
105426911
375837860
079721763
924872080
910744966
195525133
843654402
537979697
035521711
947882419
628646277
105013758
166087596
206580794
673970240
523663789
457620240
057168168
055715275
867102279
372242227
896616261
660510079
371627745
537356338
229117237
300233573
496655917
096349131
598960621
186595680
947076197
819865128
214116928
994944020
753743300
230455211
422694351
265681631
599000678
977353201
153889974
693137665
947678697
781961889
705398281
241303791
692368689
926337430
740853039
153496904
508004741
794653950
481587517
253846389
692125693
703631738
357935820
666209950
422325927
307893500
765644992
954223656
924465080
727936486
926326580
685928086
197585883
446175221
955961088
831927795
712099488
976527400
482137407
139611281
099121347
917453791
944953619
004964007
249414401
623022498
688646736
537363380
695987130
205630001
503861583
093884933
148303111
730492578
334811462
084473533
154600340
418679700
732168501
146460862
290760888
812135189
651344346
431454177
208065550
900043451
199374987
793288502
041506555
850959250
357334849
294251134
208696162
121006921
817231304
872764242
511034499
043798750
606879574
984580041
069666668
413433629
088012207
183602007
226473186
300165920
801666531
408407980
454820817
139295809
469065740
116795783
287580720
468281895
496524999
605302602
823717474
356670225
802776635
774757443
070645000
180040962
774501540
768693750
465527650
895739590
980941884
867428649
859865997
527712680
409137460
383263268
588064943
018955478
941915375
512254241
583668974
771077550
072080037
522944221
727106675
891037874
305089886
352970133
415437537
390998669
509936799
805031389
650782250
500043236
964970079
836195748
783457980
843569983
357408843
754244939
913965981
509299384
328123494
669988901
182628394
008533260
306859754
454063398
790763060
276581725
249117183
543730457
660204250
880343273
006829587
753906693
880529870
450667002
563623675
634347071
948927804
837744501
371695704
728972979
101151565
727614574
191088199
029517664
234779923
278121671
947856429
817731006
078017933
832409188
744451057
353238596
976607852
586156171
237606976
778487305
960450572
097386208
234462693
805693102
790988029
555033297
347932157
356608800
727333500
275417819
800990911
377261445
148859361
037130297
902127334
223201000
595028770
020175950
072766567
772118575
100521740
703307899
863504499
713541110
744360110
508467516
339128820
224216527
765312849
777829541
741618330
836962907
524572888
018142950
733677476
926748950
212897126
334923240
757364046
227359200
005674501
583828689
747056093
444945102
191829550
041524246
443972049
499097376
494258585
377227084
833918303
655124300
447196851
864816418
915023849
525436197
966867297
471458166
274715133
876589968
830426287
234984494
120155433
802637889
156106727
689083052
554899046
028631644
486227601
300005218
216705860
418872864
403063751
386848598
383059376
659204696
180656150
509392078
775954439
289525791
641492157
889145095
612073150
959330542
163702117
679455010
981925451
236283533
936397600
024256951
424272923
083219045
239916142
654802526
992629383
687912702
935006171
064015058
199424761
308952446
217449320
594311721
007583240
048690740
653791467
110517480
742311663
547732037
717232677
147337749
039866740
215814343
300278883
481156428
345500901
742098374
655899627
341785396
852408689
113169769
721390952
339538100
665496796
362933964
340026157
881113480
511782777
509116231
806150202
802410233
382274450
318825600
810801542
188954850
150465276
966999147
840774718
869896250
991640457
960806844
584856309
916716487
913723912
554408298
322305978
919975050
010218080
902631156
407037691
095421218
533020816
356994254
793043325
475262779
102905769
792700436
090975124
459607683
377426545
425620058
073802660
325845337
332931564
059967493
791865477
279966777
738349480
023183867
291358250
295310520
650909949
071723580
965203951
104975687
684616819
596866700
571042556
532614539
369341919
246104120
161376552
057457650
640249260
784138540
327676904
804752502
970784314
499061177
607808878
418725802
821652132
952276284
659805469
749038140
179314529
709544534
451923613
275343099
132941841
763297462
428662543
015237050
431213226
