5000 4998
1 43 444658
1 51 987701
1 61 466887
1 2865 209117
1 5 329422
1 37 829063
1 3665 617895
1 4129 735799
1 45 943228
1 4873 707880
1 878 126374
1 3706 691236
1 1 2154
1 34 550733
1 34 309346
1 25 897522
1 61 300559
1 2150 464597
1 2060 661064
1 27 47502
1 16 90853
1 3358 239218
1 2613 844050
1 47 989685
1 4013 458670
1 67 285039
1 3272 642769
1 4264 732266
1 4911 711892
1 55 250722
1 3928 985504
1 3564 703042
1 3137 5230
1 3992 94459
1 53 847316
1 24 909070
1 59 565348
1 2187 189534
1 1527 198145
1 20 649608
1 3654 842939
1 3335 116496
1 4538 754602
1 4547 691037
1 25 288030
1 12 489143
1 46 909523
1 35 340501
1 69 241849
1 1111 696768
1 2515 881637
1 48 837382
1 2898 13797
1 2 881790
1 61 668619
1 39 343692
1 2118 626608
1 52 139070
1 3522 106200
1 3616 602860
1 3253 346196
1 4716 965790
1 41 979528
1 2623 507230
1 1008 104359
1 9 401027
1 28 796068
1 4490 37687
1 4962 439425
1 46 123295
1 2961 754141
1 3157 245638
1 481 26073
1 3629 883338
1 3521 829566
1 4956 725073
1 12 267775
1 52 73682
1 2066 754012
1 794 24282
1 1329 664482
1 65 968537
1 2444 223318
1 1005 32964
1 16 784623
1 4647 34820
1 12 84532
1 1736 27557
1 3140 328450
1 2615 941860
1 23 576156
1 19 456529
1 2934 999465
1 4007 364087
1 4666 162641
1 4943 883168
1 2937 549091
1 1893 800555
1 1505 164829
1 19 353915
1 61 100058
1 3636 462184
1 28 971693
1 3402 56174
1 64 637537
1 11 456715
1 48 11072
1 4784 649710
1 180 430685
1 4742 439323
1 4336 989454
1 4353 951724
1 3426 785217
1 2806 944109
1 43 852864
1 2830 992903
1 4340 995384
1 4766 270877
1 2653 611250
1 827 780839
1 3220 159970
1 4998 330682
1 4437 368573
1 3651 557803
1 4301 875320
1 4 972403
1 1343 560630
1 4325 312882
1 43 504051
1 4832 34186
1 32 264739
1 3735 583648
1 3796 687509
1 31 265410
1 4292 712405
1 4269 858008
1 4483 822114
1 4746 21696
1 34 278986
1 2045 401977
1 23 75403
1 70 578317
1 3564 150401
1 3605 738303
1 4990 349308
1 4371 984831
1 1687 233124
1 1215 755546
1 4855 699173
1 4806 733148
1 60 301339
1 3751 547063
1 3747 847761
1 2910 23403
1 60 610480
1 3522 650393
1 51 218688
1 2525 741482
1 4337 589944
1 25 118352
1 3980 591488
1 1833 691628
1 805 812932
1 2776 589273
1 2478 189334
1 2287 417301
1 36 636473
1 51 164635
1 3002 208373
1 47 759720
1 39 313230
1 3368 235586
1 3033 969812
1 61 278179
1 43 896450
1 67 348114
1 27 379922
1 3102 621556
1 1613 660150
1 62 573832
1 3659 375976
1 3524 428506
1 15 714234
1 4533 645214
1 4495 260948
1 4785 629848
1 2749 802366
1 4942 479466
1 4548 108630
1 2122 739600
1 61 609031
1 4340 858049
1 4498 48616
1 45 598778
1 2828 435384
1 67 363140
1 3540 168978
1 4491 223836
1 39 677652
1 1194 600448
1 4119 214133
1 4074 282501
1 4229 146645
1 3401 638496
1 4561 743154
1 3074 188013
1 60 301601
1 2645 453503
1 2 124260
1 2263 625393
1 1805 159293
1 3837 156637
1 52 388679
1 19 229920
1 2718 775138
1 25 271273
1 1125 991934
1 14 870708
1 42 770110
1 4668 285789
1 1736 923341
1 33 674567
1 4443 553392
1 4782 747659
1 2656 471646
1 3847 173954
1 47 68750
1 29 825417
1 56 971909
1 4 436264
1 4916 807947
1 31 110636
1 2817 704851
1 9 62607
1 63 362082
1 2068 100288
1 3057 687182
1 8 257478
1 3801 783679
1 3840 35430
1 59 488731
1 466 684769
1 2224 641014
1 623 539140
1 56 454795
1 3924 459318
1 4899 438721
1 3534 963535
1 3420 668726
1 4813 111744
1 3516 664493
1 4366 170416
1 3407 336366
1 3039 755714
1 48 802689
1 2551 469099
1 70 762325
1 30 732224
1 1756 328645
1 53 952232
1 4130 724942
1 43 941520
1 7 901037
1 3405 835694
1 50 361885
1 3371 860985
1 26 849849
1 20 418566
1 35 241074
1 3786 767723
1 3355 962099
1 4661 841343
1 2105 285303
1 4669 736824
1 4612 938130
1 232 543946
1 34 380013
1 4079 309912
1 4469 202319
1 4212 787271
1 4170 281290
1 26 872161
1 3436 968235
1 1527 997998
1 2129 65837
1 6 964080
1 4238 133302
1 2277 289541
1 49 174929
1 4079 17945
1 13 561812
1 61 756487
1 2708 375832
1 4073 293739
1 4174 340031
1 42 654713
1 3493 412069
1 3702 300462
1 4047 732754
1 4336 331110
1 65 150839
1 4987 12995
1 3039 768462
1 3135 285751
1 4660 930445
1 4914 66965
1 3201 497032
1 3999 681042
1 4528 822741
1 48 685914
1 31 33991
1 4425 881480
1 3644 613384
1 3829 921621
1 3809 919729
1 36 331095
1 4636 865323
1 3541 623805
1 2120 751597
1 3960 156598
1 4364 396065
1 22 826562
1 1619 457464
1 9 101894
1 4664 962243
1 4710 20216
1 3039 959812
1 65 692882
1 24 595202
1 3416 425468
1 2965 602817
1 2976 629965
1 4562 884208
1 2533 165004
1 3141 25690
1 4275 116133
1 3564 604812
1 32 309228
1 4033 482426
1 3932 742184
1 4398 323072
1 42 221896
1 3343 200694
1 1906 129259
1 4011 578818
1 3381 215015
1 450 887260
1 5 133011
1 3049 121413
1 1806 539445
1 2419 445595
1 54 647342
1 2471 247833
1 43 132688
1 1521 628734
1 994 253056
1 4982 428178
1 26 879498
1 2694 674868
1 4842 858296
1 4427 329222
1 1430 454941
1 3603 791445
1 18 28508
1 3416 612252
1 4853 152798
1 1616 440527
1 3860 256340
1 69 36990
1 4865 464560
1 3747 814394
1 16 455474
1 23 348307
1 1697 144529
1 50 1045
1 3401 594587
1 12 768273
1 4664 235432
1 58 351864
1 53 26627
1 1434 168519
1 3695 848637
1 3541 525811
1 4554 141322
1 1895 737336
1 19 93473
1 2 512219
1 1327 428959
1 4771 880028
1 59 7941
1 18 814270
1 47 199514
1 19 364089
1 6 586548
1 4295 199404
1 2169 199881
1 3147 219323
1 58 209968
1 2330 919114
1 1759 690495
1 4278 468332
1 50 38807
1 4546 974849
1 4240 275254
1 2512 145645
1 3219 314641
1 4936 971969
1 1824 673039
1 41 771896
1 3243 432768
1 2850 491750
1 4890 472415
1 22 950890
1 3621 117592
1 23 842092
1 3945 986
1 3080 82923
1 1981 931110
1 928 433188
1 4700 58195
1 26 775193
1 3796 108421
1 52 95853
1 4759 883194
1 3654 266465
1 61 1543
1 674 515888
1 2900 981217
1 2742 112879
1 4478 235554
1 41 516445
1 24 306820
1 2333 952631
1 4512 102986
1 1568 228659
1 63 697479
1 2618 924323
1 4457 361134
1 13 87624
1 4545 388582
1 62 477479
1 4498 556990
1 4123 718239
1 3044 700670
1 66 220748
1 3815 576405
1 60 741668
1 2 622916
1 4734 52682
1 70 548093
1 4129 179326
1 1592 800869
1 46 637035
1 64 217587
1 37 561977
1 2332 135450
1 4465 347670
1 24 339108
1 26 771760
1 4409 228569
1 4968 921445
1 40 87645
1 7 197228
1 1259 875712
1 896 997369
1 38 54028
1 53 790942
1 2080 872347
1 24 81198
1 26 393602
1 2320 543862
1 49 113567
1 43 854160
1 18 338949
1 9 226937
1 31 880992
1 3462 360688
1 3452 740506
1 38 330615
1 43 494737
1 62 357040
1 3324 295062
1 1 89459
1 4029 920019
1 4376 646314
1 1827 533359
1 40 745131
1 4134 349881
1 2431 804622
1 58 711296
1 14 331481
1 17 22742
1 2335 673871
1 1287 30442
1 2223 237508
1 2172 157933
1 3 845816
1 2435 325473
1 17 605984
1 4922 717563
1 4586 730466
1 52 871812
1 1506 152506
1 41 972770
1 3184 217194
1 15 957180
1 3642 506699
1 3538 370686
1 1889 967678
1 64 396452
1 3678 529874
1 1855 145875
1 3098 457804
1 65 309049
1 1287 797396
1 4098 9355
1 4416 711585
1 4358 285357
1 2410 919579
1 9 648676
1 4617 485237
1 4799 693600
1 255 159128
1 3052 795207
1 9 431669
1 48 797491
1 3574 799418
1 45 354458
1 47 187791
1 67 618332
1 2346 781194
1 2937 541050
1 3087 768926
1 3016 794683
1 62 346130
1 37 810372
1 38 179377
1 3694 661657
1 57 707765
1 2 416658
1 69 20873
1 4912 962032
1 4991 118426
1 2255 887844
1 2373 485566
1 1850 393258
1 3300 252353
1 104 453166
1 50 856542
1 48 148621
1 28 703251
1 3813 262850
1 36 242415
1 2378 630797
1 39 465664
1 53 950251
1 3555 328836
1 3565 148087
1 61 176402
1 3 526742
1 4014 839010
1 4877 722782
1 34 822111
1 1206 687421
1 35 930665
1 14 74152
1 4126 417249
1 3932 213741
1 2815 804742
1 1137 718363
1 4592 165390
1 4621 404599
1 3306 349343
1 2027 831942
1 844 899871
1 20 275881
1 6 376717
1 9 923841
1 4263 347307
1 24 493026
1 18 295733
1 66 10415
1 3197 316939
1 853 660984
1 41 939854
1 3972 757176
1 5 137860
1 4795 351640
1 4100 862951
1 12 28564
1 2019 698255
1 26 156136
1 5 715418
1 11 850309
1 32 397762
1 4065 497802
1 4392 470680
1 4295 506230
1 23 229759
1 11 997841
1 67 903782
1 3016 208902
1 3248 325740
1 4633 27262
1 3140 958230
1 49 33463
1 70 649225
1 4 882461
1 2063 968982
1 8 503894
1 3208 801748
1 15 462872
1 584 678465
1 3085 904552
1 4994 686421
1 3330 782308
1 2257 522628
1 35 562336
1 33 531990
1 3540 681229
1 14 757385
1 3397 112644
1 11 917391
1 4298 547980
1 44 364884
1 3905 11322
1 3556 102254
1 2561 821289
1 2422 115159
1 2559 572505
1 4310 755396
1 3683 374496
1 1911 92267
1 3994 69011
1 2719 601023
1 4254 235079
1 45 395812
1 1953 583752
1 58 449690
1 4778 180693
1 2633 908756
1 4038 369555
1 34 926631
1 3687 414101
1 3369 733756
1 2597 231226
1 2936 439100
1 4769 995336
1 4695 785588
1 4372 453356
1 24 663830
1 3814 760578
1 4190 566785
1 765 689864
1 2501 778623
1 3568 81603
1 1177 539428
1 36 455247
1 59 520600
1 11 476968
1 4048 940268
1 4306 437328
1 2442 314071
1 48 468011
1 45 204114
1 4618 677955
1 17 941234
1 2180 832840
1 4593 921375
1 4292 257223
1 3939 5640
1 4064 702621
1 62 849185
1 1608 869269
1 4763 772472
1 3999 902157
1 45 312627
1 4550 504472
1 52 138655
1 2823 318056
1 35 576049
1 4173 885072
1 18 15129
1 4295 35035
1 19 731302
1 3661 84291
1 6 928955
1 1564 576782
1 4707 741858
1 54 197233
1 1 820519
1 4359 512580
1 2578 898384
1 3871 869494
1 3054 841526
1 2010 371619
1 63 36833
1 2220 893527
1 3922 825723
1 4701 36331
1 2419 861494
1 2832 55265
1 4492 896421
1 1677 335726
1 29 48088
1 33 9784
1 3640 244222
1 3885 56124
1 57 450521
1 3257 905538
1 1371 769971
1 46 935237
1 1678 723275
1 38 464779
1 3795 935707
1 20 511509
1 2258 503290
1 44 228924
1 3250 802310
1 18 72610
1 1649 53786
1 2125 377019
1 2074 586550
1 63 333544
1 4539 697555
1 16 237849
1 3657 903419
1 2697 903941
1 4198 624137
1 750 189325
1 45 176926
1 69 884357
1 2547 680134
1 1197 799233
1 18 474506
1 3638 490928
1 1665 131077
1 59 263528
1 32 427465
1 1988 31200
1 4854 293466
1 3596 471603
1 22 688269
1 4726 34568
1 4115 222108
1 13 154127
1 51 136117
1 4041 469704
1 26 802180
1 40 17066
1 3982 139923
1 38 960164
1 4473 716498
1 1503 388025
1 4589 463367
1 4082 629629
1 51 156070
1 19 198019
1 3791 33419
1 58 471053
1 3876 57945
1 63 82577
1 1204 11429
1 3041 594803
1 4710 759174
1 2617 973115
1 1548 563459
1 3404 773350
1 638 917499
1 25 812519
1 30 993054
1 70 42084
1 59 478685
1 53 598049
1 22 144346
1 214 549174
1 3644 359349
1 66 853072
1 2117 968686
1 4866 384287
1 3205 10642
1 64 773199
1 2019 926323
1 1046 967793
1 4835 113612
1 4590 973145
1 946 971329
1 10 173666
1 41 607215
1 3966 781770
1 64 813280
1 57 751267
1 3795 135660
1 3679 44276
1 8 931333
1 62 860577
1 3183 768925
1 64 977848
1 51 696978
1 23 300012
1 4196 512875
1 4460 737788
1 33 369077
1 59 802158
1 3129 639760
1 3863 466698
1 2906 983160
1 1768 574089
1 3030 908097
1 4582 699191
1 2845 983448
1 4041 91426
1 22 437714
1 5 500527
1 4475 594452
1 4060 369225
1 43 890266
1 1221 573339
1 2873 477953
1 2275 919217
1 2217 367167
1 52 353506
1 2933 722505
1 21 228434
1 1649 200031
1 3172 621392
1 4133 535423
1 47 687022
1 3887 327184
1 1889 161234
1 696 858589
1 15 782690
1 4605 926021
1 3202 284745
1 4603 34529
1 4547 805678
1 17 950096
1 56 865619
1 4401 867923
1 4280 73981
1 3762 722422
1 4328 59095
1 671 312877
1 66 522342
1 4374 854052
1 3614 245542
1 10 818758
1 4695 482973
1 1150 868653
1 10 481854
1 3549 608768
1 2132 54148
1 4462 873593
1 8 171296
1 3636 76872
1 17 826328
1 31 791306
1 47 515268
1 3820 174606
1 2134 87401
1 60 489596
1 3151 593919
1 8 364777
1 3469 745191
1 4877 714824
1 43 331012
1 1462 746475
1 2563 211980
1 2255 934092
1 3257 61382
1 992 776202
1 47 302822
1 3725 286728
1 3948 970930
1 9 678208
1 17 937689
1 4831 229540
1 38 632845
1 37 58443
1 2133 276359
1 3868 881018
1 4949 952017
1 4436 682322
1 3725 552467
1 66 917111
1 3677 431277
1 2985 773206
1 3493 534642
1 3729 491126
1 2363 129994
1 3545 117515
1 37 388070
1 3008 914081
1 4603 407676
1 4612 963461
1 4300 948189
1 4894 620858
1 2583 672294
1 2772 241085
1 1020 201523
1 3977 315404
1 4487 185634
1 2328 331427
1 9 705204
1 4172 268439
1 43 84722
1 27 666482
1 3816 340875
1 40 90998
1 2838 894167
1 45 427253
1 61 369854
1 51 242072
1 4137 233016
1 4278 712056
1 20 142391
1 4928 683488
1 3940 34736
1 1546 233659
1 4972 193452
1 455 126913
1 3119 324682
1 3204 608429
1 41 907820
1 3799 658089
1 65 477712
1 4051 303660
1 4622 607230
1 3967 524447
1 1490 904442
1 5 626008
1 2977 687797
1 3777 681730
1 1703 556085
1 15 267379
1 3973 82814
1 3134 523355
1 1720 217448
1 30 707936
1 8 848679
1 1329 477902
1 68 997162
1 3170 616163
1 4975 585960
1 3295 435198
1 190 914623
1 31 196242
1 2848 779023
1 51 618846
1 3425 783541
1 4200 471554
1 1435 239440
1 4940 622975
1 2130 450626
1 17 283058
1 11 525947
1 1807 857344
1 27 235150
1 9 239908
1 3373 10284
1 3 680799
1 2770 500056
1 4618 581579
1 24 859103
1 4560 454629
1 5 616685
1 55 969906
1 4190 827177
1 4344 618645
1 1649 603924
1 4106 456275
1 65 531488
1 59 206462
1 31 933668
1 4550 894251
1 2864 23866
1 4623 26748
1 16 554967
1 3313 349349
1 57 31521
1 4429 823761
1 33 444531
1 1 985662
1 2938 32182
1 4990 380676
1 3886 18714
1 65 645707
1 4838 115555
1 29 988914
1 3567 672318
1 3085 862690
1 3087 3221
1 1 144736
1 36 440048
1 1556 798515
1 51 561480
1 8 260925
1 4375 904033
1 65 410633
1 381 303425
1 4907 333755
1 5 56050
1 3408 12529
1 3694 369877
1 3664 958998
1 4986 204574
1 13 742629
1 64 165647
1 2958 974780
1 35 125066
1 40 503494
1 67 82512
1 4683 290436
1 4883 31047
1 3710 917534
1 4532 336479
1 932 196661
1 1770 98274
1 4019 158520
1 3758 739935
1 2389 992211
1 49 775503
1 4898 291634
1 2366 855437
1 651 84708
1 15 186584
1 37 903455
1 3314 660703
1 63 539320
1 36 930104
1 22 618152
1 4923 993431
1 3978 997007
1 1891 875514
1 4547 335388
1 8 845242
1 11 237890
1 1001 776207
1 46 140505
1 4208 332359
1 44 261933
1 3483 2012
1 4918 839956
1 4624 782239
1 3923 701530
1 6 168352
1 2574 177053
1 1734 692382
1 53 413754
1 2559 395452
1 55 555796
1 1411 694751
1 3596 500789
1 2825 537052
1 4745 202700
1 40 245905
1 94 311186
1 2329 529943
1 4909 161960
1 4948 395299
1 8 379668
1 2832 488934
1 48 23231
1 4197 841246
1 4774 662616
1 48 24954
1 3039 55529
1 21 826152
1 31 169189
1 27 19141
1 1267 194191
1 4180 882400
1 17 296646
1 4394 122051
1 46 60083
1 54 69324
1 2323 177514
1 3724 809175
1 4312 379965
1 4810 24378
1 2969 706465
1 4385 870329
1 4446 963132
1 2535 24858
1 3031 408436
1 69 146859
1 4 708228
1 1407 18384
1 14 468597
1 1597 68334
1 54 972111
1 2313 188876
1 10 251095
1 31 874736
1 4009 876686
1 4831 236324
1 70 220996
1 55 611499
1 30 315688
1 4 432523
1 42 630429
1 63 498153
1 18 768466
1 65 821844
1 4026 781013
1 24 34669
1 1578 576603
1 38 391755
1 861 418144
1 1885 264467
1 2200 899666
1 9 375657
1 4129 59777
1 3768 24530
1 20 71978
1 4715 647338
1 286 806850
1 1 354524
1 1105 576805
1 40 977286
1 2513 174413
1 16 507642
1 912 944675
1 40 477907
1 994 481839
1 3235 86380
1 2264 135941
1 4149 443685
1 4245 429485
1 39 4512
1 4022 242993
1 60 700686
1 3148 303403
1 41 374719
1 4973 913839
1 39 120545
1 2872 358994
1 3596 256860
1 2274 690398
1 2066 642087
1 2750 603965
1 41 452157
1 3224 949411
1 3444 817715
1 2196 923873
1 3933 318392
1 57 28837
1 2221 162637
1 4407 124924
1 3395 966452
1 29 401988
1 49 802636
1 4 14199
1 66 715977
1 2391 694711
1 3649 115424
1 4772 684156
1 4159 358683
1 4337 859164
1 4011 380471
1 4842 242036
1 44 328345
1 3847 305196
1 1420 110224
1 5 581951
1 3317 642091
1 3080 631528
1 15 339058
1 3038 592347
1 2578 459680
1 4648 773445
1 3625 436803
1 1371 337030
1 3163 329712
1 4020 778580
1 4866 418939
1 27 786275
1 15 293448
1 4677 209472
1 2581 111831
1 29 970680
1 3165 649836
1 15 207104
1 9 198508
1 2277 861263
1 26 654068
1 4373 530549
1 56 515068
1 22 354447
1 1766 881728
1 3845 639835
1 3925 378385
1 2660 457286
1 4257 737426
1 2045 134851
1 59 183316
1 4005 162490
1 849 595987
1 33 707442
1 3149 774796
1 4534 994804
1 4952 298592
1 2112 508692
1 12 141619
1 4082 306824
1 3 149473
1 3812 788180
1 2387 741361
1 2925 542479
1 30 618266
1 4166 45207
1 29 586136
1 4160 969021
1 1818 353964
1 13 434533
1 16 24086
1 4816 204509
1 40 206101
1 4328 881889
1 3296 939767
1 8 398540
1 3495 300874
1 3552 127937
1 15 330522
1 4156 564732
1 2369 373334
1 51 282809
1 3389 30513
1 27 697408
1 34 158048
1 60 240700
1 2937 195064
1 63 918221
1 4681 830044
1 4417 929875
1 26 561230
1 4543 673531
1 3832 44826
1 2681 952346
1 27 768377
1 4708 933299
1 3826 8518
1 22 198419
1 3833 368787
1 3250 998652
1 41 6951
1 57 472047
1 4710 785779
1 3364 726199
1 4294 701782
1 23 551
1 5 295899
1 56 24436
1 3985 942690
1 4762 574929
1 32 225128
1 3677 564211
1 33 180620
1 3104 135587
1 65 626764
1 4183 423875
1 51 550008
1 1895 663098
1 3526 471737
1 19 426285
1 2072 277986
1 4651 421246
1 4233 4527
1 490 662582
1 4580 968681
1 2755 619505
1 29 918133
1 1506 878613
1 56 773904
1 3640 690204
1 2 954910
1 4820 197761
1 3758 546829
1 4216 957631
1 3539 937096
1 3640 374027
1 3346 509539
1 7 409272
1 4 637957
1 3489 282485
1 3338 473299
1 4598 334847
1 22 456669
1 56 224507
1 3129 111580
1 3292 811316
1 9 197677
1 3303 791395
1 4226 984804
1 18 695676
1 2449 871131
1 18 856733
1 3 351136
1 2659 418207
1 2493 876294
1 3281 271665
1 3278 485490
1 2197 928910
1 4337 883836
1 4614 277482
1 55 966943
1 3249 74773
1 4645 215473
1 3570 833042
1 2348 788904
1 2189 898042
1 4123 440033
1 800 448139
1 31 305960
1 3922 785011
1 4785 724807
1 1685 420140
1 6 130620
1 4853 971940
1 31 915058
1 3658 477928
1 3312 605098
1 2822 949587
1 819 309281
1 3268 172227
1 4576 772894
1 27 875906
1 3867 234004
1 54 905462
1 47 506019
1 1556 182720
1 49 536521
1 4234 254004
1 2568 113670
1 4127 573547
1 1460 485829
1 3582 82919
1 26 889837
1 46 234593
1 1011 694838
1 2704 830035
1 2676 87292
1 3153 804904
1 30 924834
1 65 860534
1 1836 32397
1 64 433886
1 1862 36383
1 48 340586
1 4648 773302
1 4524 95252
1 1094 698050
1 721 716723
1 4106 320206
1 2273 245934
1 30 614570
1 3366 925933
1 36 162069
1 2473 129810
1 4576 19296
1 4202 848667
1 6 542913
1 2 586369
1 2981 471221
1 4919 428025
1 26 786844
1 3899 540223
1 23 182967
1 3 308510
1 2104 979841
1 4308 359841
1 1995 160620
1 3467 977251
1 2566 578251
1 4485 639416
1 66 377277
1 33 757935
1 1501 95334
1 4724 985583
1 3298 708010
1 60 928506
1 2745 174292
1 52 439232
1 19 533812
1 46 89120
1 2378 116955
1 4801 841245
1 974 249498
1 3137 920508
1 4815 15966
1 4741 442834
1 4816 425757
1 1636 330422
1 3480 782922
1 2495 486075
1 3552 725148
1 11 952160
1 2 330564
1 4580 962756
1 4265 109172
1 4291 606361
1 67 317262
1 16 357553
1 15 597658
1 4682 539880
1 46 853658
1 4660 953921
1 45 544844
1 18 854329
1 42 845496
1 3807 180449
1 4810 589668
1 3124 601714
1 3825 90258
1 2597 839454
1 4581 733313
1 3926 570752
1 56 319642
1 1379 843134
1 2770 774264
1 4201 181508
1 3665 4880
1 35 670222
1 3876 422231
1 4386 263896
1 54 270771
1 1 147578
1 1367 545699
1 3232 877784
1 4404 230193
1 3540 942237
1 20 341182
1 2556 456303
1 68 14894
1 11 923330
1 28 787458
1 2681 894079
1 3782 450955
1 55 645897
1 38 55357
1 2647 691691
1 4095 749814
1 11 113227
1 28 918777
1 4393 882062
1 4261 511409
1 1781 845240
1 4247 277452
1 4918 462123
1 2036 803880
1 15 332742
1 52 315105
1 68 492481
1 3690 285858
1 2712 894563
1 61 330342
1 38 74529
1 3441 929254
1 3959 564485
1 11 272095
1 3307 72686
1 4291 385829
1 4228 179689
1 4459 977520
1 4457 130886
1 2950 195850
1 37 340438
1 45 604633
1 1425 979382
1 1504 667064
1 8 645644
1 19 213778
1 2426 342111
1 2494 160828
1 4562 923728
1 2625 527137
1 53 851910
1 2839 618335
1 4199 417286
1 2344 100224
1 4183 281347
1 3662 441343
1 4995 255954
1 4941 420017
1 3777 832712
1 19 50598
1 4577 464249
1 52 278339
1 47 954665
1 1223 498125
1 2717 679745
1 49 785597
1 4998 384695
1 3450 431528
1 41 528968
1 36 414216
1 6 405548
1 3375 404614
1 44 775458
1 1858 747838
1 4 514368
1 3132 806073
1 18 623405
1 2087 859939
1 2416 650511
1 1777 163271
1 2858 815797
1 3668 766870
1 1771 797947
1 735 374923
1 4307 731903
1 37 342801
1 4992 603118
1 2609 95817
1 7 254255
1 4664 420708
1 66 195189
1 976 896810
1 2354 601311
1 35 697579
1 4609 568352
1 4739 925955
1 1032 234581
1 3778 77029
1 4659 60761
1 59 154654
1 2301 251667
1 4739 665171
1 15 898995
1 3460 985637
1 1353 119120
1 33 946943
1 49 909893
1 1080 531500
1 3085 317500
1 53 51118
1 4820 47625
1 2693 693642
1 50 20646
1 2784 661705
1 4563 149713
1 2409 145412
1 2482 176576
1 24 720685
1 3866 223523
1 14 483038
1 3098 374709
1 63 55310
1 502 378517
1 4311 189076
1 2030 800939
1 2601 629932
1 20 963606
1 2590 531464
1 3818 184005
1 3924 213696
1 3583 676289
1 41 957776
1 2809 97814
1 3000 550113
1 4515 754464
1 14 764599
1 15 651791
1 3999 573631
1 4204 422321
1 2897 914117
1 43 220178
1 1728 950686
1 63 72374
1 3747 639205
1 2922 616391
1 3345 689150
1 4278 242845
1 1129 932205
1 2595 592171
1 1016 50440
1 1452 287464
1 4197 622884
1 2 208822
1 30 747596
1 4081 298492
1 4144 727211
1 1818 636191
1 24 414427
1 69 741118
1 3659 326668
1 56 103137
1 11 816131
1 37 870319
1 59 148189
1 51 655418
1 4514 374257
1 4354 477817
1 59 570211
1 2308 714938
1 4790 450630
1 2702 159178
1 2974 583064
1 2269 538782
1 54 937834
1 1904 757395
1 2935 513772
1 3499 746084
1 38 569383
1 22 279443
1 4656 673147
1 3024 79105
1 881 670352
1 55 830647
1 45 480611
1 4189 199288
1 2410 644436
1 4606 825155
1 4230 548645
1 3947 914477
1 3986 930531
1 4140 795939
1 4987 577117
1 4656 943315
1 861 577629
1 1060 271016
1 2491 994931
1 2211 560720
1 1897 186774
1 2700 744313
1 4048 310607
1 35 201350
1 26 530258
1 40 728075
1 27 393205
1 1 36532
1 3678 874386
1 3869 263178
1 4598 8215
1 3482 807467
1 25 201277
1 4863 913342
1 4602 896191
1 44 625111
1 62 624095
1 2571 524202
1 51 505482
1 33 63482
1 4321 728063
1 4104 179392
1 70 93964
1 35 823101
1 12 201955
1 2809 318645
1 4917 222684
1 34 595117
1 1024 223766
1 1828 857145
1 3930 399980
1 3971 571417
1 3087 524477
1 58 784660
1 4275 283693
1 4492 541961
1 769 404030
1 42 836904
1 43 421350
1 3022 875579
1 2612 648683
1 1693 295898
1 1636 388320
1 1 339330
1 2515 321639
1 3659 452119
1 1073 303290
1 4670 112398
1 55 923788
1 2972 711081
1 2291 205290
1 1989 224150
1 3519 44403
1 6 716856
1 4835 918497
1 2091 940622
1 4679 316901
1 4512 417021
1 2 250306
1 269 452682
1 3818 768214
1 4710 861967
1 2 367729
1 4507 149504
1 29 33054
1 1342 578246
1 4537 226655
1 6 983192
1 47 777486
1 3927 195287
1 47 943161
1 60 263656
1 58 909130
1 4985 532166
1 4747 645871
1 1331 701167
1 23 844271
1 1268 319291
1 4003 177955
1 1664 501921
1 4609 687491
1 56 402081
1 1702 919683
1 46 623540
1 3239 765252
1 3388 765925
1 66 511358
1 1485 273853
1 2425 805214
1 3583 228760
1 1742 543441
1 2728 292903
1 3320 425323
1 2893 71266
1 59 71422
1 22 342651
1 1594 995167
1 3110 600370
1 3279 400569
1 2996 442824
1 842 35414
1 5 298893
1 4296 471234
1 1935 987688
1 67 96141
1 3591 992480
1 59 482788
1 3462 271268
1 3669 984693
1 40 741794
1 2513 78227
1 40 692307
1 2955 970199
1 32 630009
1 38 920312
1 3130 274871
1 67 660217
1 4456 255058
1 1093 405478
1 10 242141
1 4287 528567
1 23 7386
1 28 803774
1 4398 207511
1 3011 641666
1 20 367762
1 4176 26362
1 4833 368051
1 52 572467
1 16 564832
1 4163 826033
1 63 476993
1 3379 274837
1 2008 60174
1 19 653991
1 3783 923429
1 67 259252
1 33 74905
1 3847 699061
1 4724 233607
1 4649 920739
1 3988 325459
1 4216 923987
1 21 78378
1 52 711108
1 1195 911979
1 4851 461265
1 2631 820688
1 39 270620
1 3201 816130
1 4581 16509
1 4556 969874
1 2669 599162
1 1586 927586
1 2400 380138
1 14 143074
1 2683 400520
1 2970 476659
1 3471 349651
1 41 763162
1 2997 61340
1 2850 522929
1 35 863332
1 3181 515743
1 4673 206089
1 21 814302
1 3927 993942
1 4976 822826
1 4406 957886
1 61 543911
1 4982 299189
1 3990 149235
1 2915 872902
1 46 971223
1 4535 595729
1 67 53310
1 5 76631
1 25 399694
1 3116 679619
1 4048 582483
1 28 391051
1 558 660393
1 3728 584793
1 1767 994653
1 56 677267
1 34 454852
1 4757 614863
1 4115 426116
1 2625 608232
1 2790 667670
1 4030 375610
1 3859 867543
1 46 20565
1 33 191292
1 30 260258
1 5 651748
1 55 266142
1 4386 738975
1 3266 66171
1 4838 322691
1 3017 390671
1 4582 41668
1 55 905679
1 2597 225468
1 49 121511
1 4968 609719
1 4549 699055
1 53 837771
1 4006 705779
1 26 434920
1 21 77990
1 2724 424240
1 3806 160878
1 2849 871548
1 4539 288969
1 2068 800920
1 53 726189
1 4258 350457
1 2909 714582
1 13 863541
1 42 417571
1 2386 149882
1 3405 688516
1 4088 20358
1 4463 526523
1 3660 182035
1 47 497411
1 12 142716
1 684 446904
1 4849 68802
1 53 252407
1 68 669860
1 4 950459
1 3579 486222
1 66 294143
1 16 262325
1 70 500264
1 49 740311
1 2854 161114
1 22 812980
1 19 644528
1 3937 333665
1 4618 954698
1 5 259490
1 3682 122713
1 2230 825395
1 44 308786
1 37 129861
1 1522 801543
1 14 276485
1 1402 99393
1 1538 667865
1 4359 21281
1 7 53658
1 3404 711156
1 827 909309
1 3561 226944
1 44 336018
1 36 19843
1 4 789693
1 4443 794279
1 2417 422780
1 4906 894954
1 54 257277
1 336 690923
1 4480 413481
1 12 9054
1 42 55971
1 10 719807
1 4976 470589
1 23 776218
1 40 489802
1 3704 225927
1 1316 614086
1 14 945252
1 36 123760
1 3880 781286
1 2783 537584
1 4941 689637
1 4615 112301
1 1075 936710
1 42 671467
1 3260 779542
1 543 349613
1 3738 713544
1 67 515347
1 37 882939
1 2056 38241
1 1850 355051
1 69 871303
1 3452 249560
1 3309 985015
1 2350 855652
1 28 956466
1 2312 25694
1 62 541176
1 1 828634
1 956 153076
1 70 460511
1 69 288196
1 1770 642694
1 3774 342353
1 3527 313548
1 15 79283
1 4744 609217
1 66 740110
1 3439 598439
1 27 657625
1 2836 575277
1 4141 150023
1 3453 823096
1 1844 977381
1 1386 278344
1 1815 556399
1 3542 77820
1 4272 631075
1 4643 637039
1 714 866557
1 4353 330623
1 3366 999098
1 58 539420
1 4540 490065
1 62 833318
1 19 823900
1 3581 55294
1 4145 701986
1 8 612073
1 55 180819
1 4856 510460
1 3818 977732
1 11 630958
1 3889 321104
1 17 438371
1 4904 344499
1 24 821709
1 22 960939
1 2605 854643
1 65 149051
1 4422 173459
1 13 76162
1 3604 919319
1 53 504828
1 4539 181754
1 4840 480622
1 3384 600278
1 4028 880485
1 1963 336770
1 4811 521853
1 3656 113220
1 4367 748154
1 57 112198
1 33 576285
1 42 937148
1 20 27773
1 28 876584
1 4723 859747
1 56 652337
1 1133 676554
1 3388 803044
1 3761 36039
1 4210 195824
1 798 486735
1 3122 585162
1 64 414590
1 4628 420102
1 10 795304
1 3094 339391
1 2405 690349
1 37 192547
1 3927 461984
1 4089 812596
1 3498 155539
1 4916 961219
1 3525 51745
1 10 102006
1 3373 828531
1 4393 471120
1 2835 971251
1 9 204004
1 975 221588
1 29 997739
1 3406 978624
1 22 250230
1 3192 85825
1 2278 343454
1 3338 40619
1 32 163060
1 4133 990467
1 715 394748
1 67 320020
1 2306 343683
1 2819 502537
1 2677 271914
1 18 322737
1 58 408692
1 3694 88217
1 18 742394
1 9 78722
1 2409 789649
1 2849 179960
1 4626 672177
1 3819 780362
1 4691 988900
1 3659 291829
1 3264 945287
1 4735 474935
1 3255 794935
1 166 241932
1 1035 23312
1 43 234140
1 3848 845673
1 67 195705
1 54 913349
1 4478 645785
1 3516 871611
1 35 851740
1 39 268404
1 3545 138934
1 2692 475486
1 4328 726816
1 4723 388833
1 21 374133
1 3001 641229
1 2129 266027
1 1802 363318
1 2847 474090
1 2511 4886
1 4155 581662
1 3154 799609
1 2614 627059
1 3894 197933
1 16 373348
1 4183 441898
1 2632 720067
1 49 175244
1 2916 775773
1 4527 460337
1 2597 852175
1 4711 216400
1 30 140104
1 907 108186
1 3065 268322
1 3 47946
1 21 596675
1 2987 394613
1 63 223505
1 571 332787
1 1817 414724
1 70 717895
1 2851 217494
1 1304 178616
1 14 363863
1 3868 859234
1 1947 137767
1 12 685094
1 16 472968
1 53 785045
1 3820 533945
1 1285 528972
1 4915 351785
1 3796 834011
1 17 896397
1 61 342115
1 3119 119238
1 3446 173286
1 27 483017
1 4536 987003
1 1674 155078
1 4361 248568
1 46 858479
1 2564 412179
1 2001 70397
1 13 692286
1 3415 48891
1 3304 65157
1 67 872513
1 4629 480078
1 3267 396032
1 30 538224
1 54 96179
1 2307 318071
1 2455 52529
1 7 600910
1 2964 99139
1 1250 302446
1 3570 428524
1 46 931374
1 35 234037
1 58 732223
1 3780 151438
1 4456 757721
1 3178 520193
1 22 151292
1 615 506000
1 2603 70933
1 4527 821863
1 3123 545811
1 4725 589469
1 52 682884
1 64 519584
1 1511 732013
1 232 953710
1 27 468164
1 1519 996202
1 55 977052
1 2599 735083
1 3690 61022
1 3 355503
1 4085 57185
1 53 15557
1 3104 932846
1 3 763279
1 60 818705
1 61 510165
1 69 482856
1 4898 177069
1 13 18464
1 4185 122921
1 4320 159765
1 4384 511664
1 1356 742237
1 501 115280
1 3 848487
1 4239 968590
1 3565 577173
1 1963 410060
1 4 761492
1 4386 441932
1 59 708336
1 4292 46480
1 59 433925
1 3838 940272
1 24 528572
1 25 952082
1 4112 610133
1 3545 470244
1 3838 205805
1 4042 360502
1 2083 811093
1 4599 849143
1 1562 851930
1 4757 472338
1 14 162376
1 4883 704619
1 2427 284069
1 32 99488
1 1157 167349
1 26 195602
1 6 531795
1 4071 569571
1 65 966182
1 65 391338
1 4610 526525
1 22 198712
1 58 230362
1 45 606245
1 37 276834
1 37 798102
1 38 245923
1 3449 602670
1 3392 614339
1 4795 814784
1 35 711155
1 46 152565
1 4866 194701
1 3969 835108
1 52 162974
1 4764 30533
1 767 40314
1 2448 826238
1 41 422446
1 19 98441
1 2770 233431
1 3816 496299
1 15 343711
1 26 389462
1 13 415460
1 27 56282
1 3394 85137
1 1993 712135
1 3798 732345
1 6 650258
1 52 842521
1 4017 199925
1 1560 562095
1 4430 920221
1 19 325911
1 3314 312731
1 33 204068
1 4654 197732
1 4506 931363
1 1634 77005
1 65 315043
1 16 355611
1 34 835804
1 1 513724
1 34 616895
1 3720 689789
1 4758 31882
1 2318 192295
1 3888 887659
1 60 599987
1 4528 93962
1 45 778380
1 4409 213877
1 2126 917577
1 52 684825
1 56 123271
1 59 376551
1 4227 182066
1 60 361242
1 1676 816780
1 3761 749461
1 67 613413
1 4568 162327
1 38 961201
1 4510 565922
1 51 341019
1 3210 306805
1 3290 668513
1 4604 399926
1 2744 767167
1 2180 388027
1 14 912174
1 67 721932
1 55 543012
1 4449 875103
1 3304 755549
1 1975 472735
1 3075 638843
1 16 536989
1 60 181787
1 1710 589164
1 4897 545895
1 51 199029
1 3817 40972
1 1410 172098
1 12 777058
1 37 93692
1 39 45311
1 4813 896355
1 4986 800659
1 1102 902901
1 760 115719
1 4824 385558
1 3618 990408
1 4164 342995
1 65 757053
1 65 749940
1 14 127275
1 4844 77914
1 61 261552
1 61 880092
1 2538 40080
1 12 658525
1 3805 974549
1 59 601570
1 33 711490
1 3483 240387
1 3894 662143
1 1843 567088
1 4649 791647
1 65 637771
1 3743 761808
1 41 183766
1 4020 316196
1 1696 458079
1 3288 772957
1 9 591692
1 4602 63475
1 3928 522287
1 2309 502775
1 56 423426
1 62 787725
1 64 792004
1 28 263
1 3861 568436
1 4773 527963
1 4928 374612
1 4867 777256
1 2544 972951
1 17 24588
1 2930 103009
1 4385 922875
1 37 317796
1 3281 277232
1 69 736137
1 3031 745686
1 2986 344783
1 2204 811121
1 4889 530894
1 4316 510731
1 50 297570
1 3673 902004
1 4013 271787
1 4345 458375
1 2865 904954
1 52 471514
1 3898 471620
1 4900 325325
1 24 758636
1 3545 597729
1 60 142084
1 11 906388
1 2222 746305
1 2742 508779
1 4118 147969
1 64 342887
1 3009 46345
1 2536 355696
1 15 368387
1 22 148516
1 2332 103244
1 3757 874252
1 4594 496253
1 24 391714
1 4902 750265
1 46 743206
1 60 38452
1 2403 52234
1 3933 869152
1 13 235125
1 39 954955
1 33 353633
1 3895 217724
1 3143 744360
1 3732 717116
1 4841 753828
1 3723 692768
1 42 891324
1 61 141605
1 1557 139623
1 2092 183043
1 1675 544502
1 3013 276242
1 48 160323
1 68 610853
1 43 325961
1 2100 358526
1 4618 693376
1 3911 678668
1 62 608185
1 3951 155905
1 2025 672175
1 4247 893935
1 3 69549
1 4681 973522
1 3626 48720
1 42 758886
1 14 698108
1 4404 731567
1 47 321917
1 6 789336
1 3537 47399
1 3784 400373
1 9 787250
1 2131 114969
1 4900 646663
1 3115 746578
1 2947 983647
1 65 868670
1 45 683225
1 4761 977997
1 4733 762333
1 2940 854256
1 2294 43711
1 2856 664280
1 2466 568860
1 3301 509825
1 20 476684
1 11 841828
1 50 911100
1 1018 396125
1 28 876709
1 1821 216094
1 42 783059
1 1 615536
1 4920 351691
1 2358 444853
1 4176 536398
1 2319 420489
1 4090 392494
1 63 728108
1 4337 515916
1 4104 938931
1 65 883657
1 2981 629242
1 7 81267
1 4215 157595
1 44 273698
1 4930 161011
1 3205 619904
1 1194 425627
1 3253 758152
1 4721 801920
1 2064 982639
1 3833 680759
1 3154 288939
1 955 336852
1 2909 314811
1 4823 546702
1 3522 627304
1 4783 476375
1 4658 294128
1 3964 487374
1 812 611325
1 2417 377065
1 57 893700
1 4782 914538
1 50 449208
1 1539 999930
1 6 102211
1 35 395564
1 3356 329455
1 2133 733608
1 4771 243848
1 753 395158
1 37 238974
1 4691 33662
1 67 399445
1 3060 326836
1 4496 246765
1 56 575722
1 34 259541
1 4145 582045
1 3222 901527
1 28 54909
1 3652 455547
1 4334 262294
1 34 107561
1 4925 44254
1 41 543996
1 50 544849
1 1 671372
1 2602 259804
1 33 428208
1 4803 975604
1 4285 326473
1 2995 636198
1 45 623067
1 4201 843835
1 47 60765
1 16 203597
1 4443 693579
1 30 626727
1 3499 974242
1 4691 706182
1 3239 623766
1 8 582471
1 2769 764053
1 68 931860
1 11 348757
1 4137 785805
1 26 71255
1 4047 954165
1 4672 866921
1 41 172459
1 42 40467
1 592 571484
1 2183 134056
1 4911 793044
1 3473 194703
1 2492 355203
1 32 34716
1 47 980369
1 7 624460
1 2191 70408
1 2163 816512
1 1793 67875
1 4259 166855
1 4372 854306
1 3183 848830
1 2655 683256
1 3 92065
1 9 790828
1 3811 954705
1 1755 965256
1 5 144773
1 43 285691
1 4162 116913
1 2261 608148
1 4672 454729
1 23 572782
1 44 942605
1 29 601333
1 2467 179706
1 66 296864
1 2691 529220
1 3185 798136
1 1151 987540
1 56 609089
1 1530 931834
1 13 63408
1 17 147494
1 2803 139362
1 22 32491
1 4181 705099
1 2318 814718
1 4382 628967
1 3798 436475
1 4799 711683
1 30 140404
1 2646 908148
1 4243 353063
1 64 242562
1 2136 418325
1 8 400313
1 2338 520344
1 3551 282500
1 3807 491534
1 41 43234
1 3932 162368
1 18 832618
1 62 761195
1 4916 16567
1 34 565608
1 6 600553
1 4544 151141
1 52 418761
1 2953 740007
1 1188 532262
1 557 908324
1 4169 457972
1 4031 740702
1 2106 560026
1 4517 70681
1 3061 739452
1 3503 283162
1 15 723427
1 2689 585200
1 46 331353
1 4325 424004
1 4741 340015
1 34 885571
1 4208 97295
1 2059 843414
1 4529 363600
1 3514 615876
1 3996 394363
1 3609 376583
1 14 766846
1 3301 516560
1 4252 890087
1 4731 367246
1 4703 24324
1 3189 134651
1 4370 508633
1 2489 942906
1 52 916669
1 1881 897746
1 23 196778
1 38 896848
1 2684 385915
1 60 825798
1 4709 179736
1 1954 459072
1 3183 489697
1 43 900638
1 3 181177
1 58 689674
1 4845 214118
1 11 65142
1 16 369609
1 3520 46306
1 3 904719
1 2137 93245
1 4828 346563
1 3089 346238
1 3737 880383
1 32 822670
1 4876 665190
1 4654 371315
1 2373 399703
1 2621 658440
1 4762 442384
1 64 47448
1 3399 5295
1 56 499706
1 4871 60086
1 3853 765243
1 4605 437381
1 2 729822
1 1742 485853
1 8 765083
1 64 423132
1 1786 6970
1 4709 45500
1 18 102899
1 57 526789
1 11 873608
1 3490 384676
1 56 386037
1 4108 351415
1 4370 44193
1 4496 311390
1 1189 670988
1 9 616035
1 4742 788909
1 1882 980877
1 4939 688097
1 4052 376968
1 53 88799
1 22 799879
1 2771 425340
1 3682 884312
1 51 432664
1 5 758347
1 2 477147
1 1908 656522
1 4331 862632
1 29 1576
1 4972 595408
1 3142 666480
1 38 176556
1 1687 377800
1 53 547065
1 59 218738
1 3293 323567
1 27 760638
1 67 999560
1 4213 771874
1 39 798097
1 1520 26894
1 624 82142
1 1 47230
1 16 273249
1 2944 437771
1 15 417983
1 3012 998218
1 46 651084
1 1215 789043
1 1279 279818
1 1269 197715
1 3915 876327
1 21 583677
1 4829 248575
1 65 147156
1 31 190427
1 26 375038
1 67 409947
1 2559 731201
1 43 72959
1 2125 314478
1 40 949614
1 62 805651
1 39 217421
1 1775 260730
1 16 232397
1 2646 177184
1 3535 441050
1 3420 180969
1 4200 908494
1 3364 724767
1 3685 976006
1 32 835013
1 9 234108
1 4918 663925
1 30 424325
1 4981 93578
1 20 560385
1 22 308457
1 56 104495
1 53 599176
1 3733 377486
1 4016 641268
1 3647 548475
1 4471 296215
1 2797 263794
1 3053 938088
1 2836 942538
1 4779 999323
1 12 224816
1 4947 767304
1 4454 123020
1 4969 64692
1 2 802370
1 659 45352
1 3135 131562
1 4386 648599
1 65 795153
1 29 198791
1 4320 202164
1 22 246520
1 39 969975
1 3987 479739
1 3284 448814
1 4857 245556
1 1 835083
1 39 796159
1 4648 496236
1 1068 770516
1 10 505449
1 27 243117
1 4509 766022
1 4219 777550
1 4729 443502
1 4327 117063
1 4505 237801
1 1400 44764
1 2 535620
1 2921 214569
1 3132 458541
1 1 716638
1 4034 458447
1 4564 322150
1 833 754914
1 30 126791
1 2126 885867
1 1179 634974
1 3633 859854
1 4556 379004
1 2442 314623
1 2515 845823
1 52 3741
1 2078 169300
1 3521 327828
1 1861 104983
1 62 36424
1 53 52012
1 4405 15757
1 4932 865276
1 4739 17130
1 9 786770
1 861 233364
1 4754 954330
1 46 534897
1 3525 362204
1 3421 85251
1 60 561847
1 62 922926
1 4437 285490
1 4758 717675
1 33 66890
1 10 650744
1 4763 948065
1 54 964623
1 3181 48392
1 2731 378150
1 2338 802935
1 12 597682
1 2212 511757
1 4418 193113
1 3942 223701
1 11 123110
1 65 614378
1 36 542282
1 4805 105117
1 42 186093
1 4305 628225
1 4787 529089
1 817 195806
1 2869 580127
1 40 698042
1 31 578581
1 4337 590518
1 4423 780900
1 23 728903
1 4075 279260
1 3400 677020
1 3087 52481
1 1555 69048
1 51 710605
1 4033 566046
1 4509 341624
1 4541 66552
1 38 899587
1 3785 688076
1 3201 837952
1 3290 709652
1 4926 640179
1 2966 182267
1 25 119080
1 979 435442
1 26 183530
1 3887 763121
1 3747 994163
1 64 247782
1 4769 232740
1 3161 664420
1 2252 965
1 4141 839927
1 23 379088
1 2655 550659
1 4467 509919
1 4895 663505
1 24 620800
1 6 833508
1 26 767958
1 3234 653830
1 2695 739140
1 4374 526430
1 4192 189365
1 3360 70655
1 2793 488709
1 4274 104614
1 3795 139603
1 2607 252497
1 3967 367738
1 2483 844796
1 68 329772
1 60 596741
1 4608 278148
1 4660 888633
1 4241 960943
1 3781 337414
1 53 453649
1 11 337656
1 1405 801391
1 38 103574
1 2615 568803
1 10 48900
1 4824 211251
1 68 23680
1 59 654998
1 2904 23007
1 3389 274299
1 8 604117
1 52 792137
1 23 337453
1 4258 688152
1 3 865587
1 4330 635362
1 4938 253064
1 2820 932130
1 2589 249376
1 24 599664
1 3225 842262
1 620 470152
1 3139 911113
1 4743 363182
1 64 310452
1 3444 132543
1 4720 15470
1 3800 589042
1 52 344708
1 2475 520326
1 2906 435123
1 28 641174
1 4018 836068
1 3177 470400
1 16 422271
1 5 835183
1 3 506032
1 4310 909181
1 23 983831
1 2434 353210
1 4484 514561
1 4847 653105
1 2240 469121
1 63 521185
1 2679 145217
1 3747 824572
1 3532 717340
1 4 847596
1 19 15689
1 64 491186
1 42 576361
1 58 705403
1 8 321228
1 246 905977
1 39 129573
1 54 97245
1 43 871251
1 3779 782828
1 1257 756306
1 3723 342689
1 4253 459949
1 48 33110
1 65 290887
1 70 483277
1 1518 969081
1 4297 949536
1 4076 560410
1 2276 340815
1 20 106602
1 32 75300
1 28 419369
1 3363 942718
1 25 873061
1 15 453400
1 2051 216156
1 39 513495
1 45 506198
1 4160 783815
1 60 950621
1 4646 9000
1 16 849087
1 64 549521
1 2909 210950
1 1793 581080
1 10 349760
1 2230 368673
1 68 556199
1 29 727853
1 33 499786
1 2989 633086
1 3871 155707
1 3097 347523
1 21 146168
1 4982 605980
1 3686 502197
1 2204 83117
1 3906 321056
1 21 619221
1 3391 499495
1 32 460408
1 3220 299003
1 63 137505
1 2079 5616
1 2584 757600
1 3864 93065
1 3505 244182
1 53 955920
1 63 710566
1 243 564053
1 4673 459395
1 1594 859420
1 4917 426331
1 47 786698
1 55 61231
1 4791 520564
1 2933 181350
1 4957 222495
1 2 963424
1 3268 449540
1 2411 51123
1 931 811474
1 4296 71864
1 3637 229710
1 60 573243
1 2632 704422
1 2868 545716
1 42 679886
1 52 201551
1 26 456981
1 2626 410969
1 4481 341576
1 2234 737205
1 67 255989
1 4945 511608
1 1056 729356
1 4677 176821
1 4176 876046
1 35 630551
1 4942 491863
1 4990 222457
1 3260 762703
1 4921 292320
1 4761 137702
1 4015 564368
1 3565 261505
1 4096 10191
1 4512 837701
1 7 309631
1 3308 73793
1 3910 253577
1 3654 24388
1 2770 934705
1 27 857569
1 26 483878
1 4 945488
1 4019 996301
1 4501 946767
1 66 219427
1 6 638617
1 2472 626197
1 27 267146
1 52 910279
1 4741 853107
1 4463 174441
1 4520 523203
1 3701 288529
1 4879 909908
1 2330 248387
1 1614 900169
1 3563 184196
1 19 916415
1 38 616088
1 14 388615
1 3854 331119
1 4919 229860
1 4171 99209
1 14 293065
1 2982 569932
1 4123 241891
1 64 750631
1 3221 314566
1 3174 431966
1 4394 880536
1 3383 394350
1 1 539318
1 4403 807967
1 4152 880337
1 4445 284814
1 52 39033
1 1895 323655
1 1559 52798
1 4132 941396
1 17 678819
1 40 186071
1 2828 464095
1 2218 874216
1 36 186440
1 67 459732
1 3640 262541
1 3766 664395
1 652 556620
1 1674 143778
1 4640 182771
1 2560 246392
1 2632 644990
1 58 983638
1 17 680152
1 47 41016
1 40 664012
1 21 693557
1 2878 484116
1 2829 930558
1 20 615207
1 2585 864685
1 4740 803254
1 4064 481274
1 3940 378630
1 4125 96696
1 49 699240
1 45 505478
1 2133 714325
1 3626 999169
1 2658 487399
1 4184 763448
1 2413 290043
1 3142 229897
1 2 567350
1 1559 819272
1 3035 411257
1 1288 138325
1 3304 681771
1 1981 156978
1 37 463383
1 931 750391
1 4180 395283
1 21 326208
1 43 843239
1 4374 631469
1 3991 916185
1 4852 9008
1 3886 172813
1 4864 349404
1 42 559024
1 61 833724
1 689 912060
1 7 286198
1 47 313523
1 66 423086
1 4988 666185
1 2066 463059
1 3119 925645
1 65 823522
1 2666 475069
1 64 101179
1 61 570554
1 42 496344
1 24 629737
1 39 611236
1 3189 99750
1 4294 719142
1 1871 127240
1 4448 897477
1 27 130410
1 4680 699895
1 3450 671929
1 55 272926
1 4425 412689
1 2402 393542
1 4171 534973
1 4546 726282
1 2127 482963
1 23 68004
1 34 560846
1 4969 74305
1 3724 891307
1 2433 963441
1 4528 278541
1 55 529768
1 4231 122711
1 32 959126
1 40 352816
1 4227 713560
1 15 787327
1 21 811733
1 920 611389
1 3835 235848
1 6 166521
1 674 305075
1 2930 374796
1 4899 508094
1 4596 125048
1 63 848625
1 18 777026
1 12 359143
1 8 548971
1 4 656581
1 162 43961
1 52 868365
1 2086 358933
1 4429 423531
1 2324 978946
1 11 608771
1 8 258012
1 2689 283849
1 52 877339
1 28 781962
1 1631 751934
1 9 173520
1 43 740521
1 64 122966
1 3939 269337
1 4790 682796
1 23 315458
1 3875 643261
1 42 268444
1 3464 560141
1 1659 487760
1 4781 443065
1 42 478390
1 16 730891
1 37 313064
1 58 542478
1 15 578661
1 4263 633956
1 4906 497397
1 2812 671975
1 4094 695869
1 27 274420
1 3877 86547
1 4126 414819
1 2926 708295
1 2414 977334
1 2172 428668
1 4184 865849
1 4609 35104
1 4481 290298
1 4982 694305
1 65 723814
1 2153 964564
1 2640 579522
1 4797 162774
1 1512 13223
1 2647 868355
1 66 142
1 2917 43330
1 49 430688
1 14 357412
1 805 861193
1 2036 91135
1 3933 241722
1 550 672129
1 4015 329391
1 3695 159669
1 3273 501717
1 2794 497640
1 68 702620
1 15 773213
1 36 151883
1 3866 825350
1 42 2371
1 4738 957469
1 20 601009
1 3814 877388
1 3678 661796
1 4640 891045
1 53 149531
1 2754 889925
1 70 86341
1 68 89230
1 64 311791
1 484 711428
1 4709 708855
1 3177 691317
1 2 677820
1 3066 291973
1 2385 547274
1 4823 803100
1 31 257613
1 51 684669
1 1307 45310
1 2644 470811
1 3809 865923
1 1570 317691
1 3419 646744
1 1429 473032
1 3840 453639
1 59 329237
1 2709 239759
1 2996 880856
1 36 538195
1 4018 777505
1 4801 972431
1 27 168561
1 4304 573158
1 3350 563188
1 3 76770
1 3338 74023
1 60 547167
1 4445 995884
1 847 621219
1 2147 294429
1 20 144497
1 4138 193700
1 3421 715565
1 68 255108
1 9 247997
1 30 664409
1 12 38722
1 36 8208
1 3055 451739
1 3357 334566
1 4915 627252
1 2239 407068
1 3539 25675
1 19 407489
1 2427 622888
1 4614 832683
1 17 487568
1 61 125221
1 3076 638390
1 2045 262201
1 3733 284831
1 3730 623561
1 2659 375630
1 2451 827386
1 3237 591241
1 3488 868848
1 4949 40021
1 46 64595
1 2187 109937
1 30 179900
1 1215 197094
1 69 926187
1 3654 921742
1 3904 978069
1 10 311338
1 42 573552
1 1999 311934
1 1326 370229
1 4691 11375
1 15 979792
1 2206 492936
1 4866 821543
1 46 702262
1 1989 153850
1 2095 142110
1 4530 881186
1 60 860199
1 60 982296
1 55 855902
1 59 432267
1 2838 671187
1 2442 962935
1 1638 234584
1 70 2111
1 4243 4148
1 3948 784570
1 3047 917485
1 4490 609690
1 4148 388102
1 3939 911973
1 3774 534499
1 4221 739423
1 23 875816
1 2341 953543
1 43 970352
1 4608 323093
1 4179 648137
1 3428 196781
1 4319 602134
1 4625 371148
1 2 437630
1 3188 564622
1 4089 912171
1 1130 246380
1 3774 815744
1 3536 660521
1 46 205611
1 11 594023
1 64 799618
1 965 197537
1 2755 397499
1 20 242187
1 5 293140
1 1735 646112
1 70 564204
1 3517 396884
1 1482 675900
1 59 964587
1 3382 233225
1 3571 748842
1 4834 397951
1 22 488168
1 4133 676930
1 1 811283
1 48 241387
1 3838 938495
1 1693 967457
1 3489 47322
1 3213 27050
1 27 50776
1 2742 900192
1 1424 917514
1 40 111097
1 45 17463
1 4504 810948
1 21 955381
1 4457 647510
1 4368 633963
1 4652 911535
1 2560 805202
1 39 229537
1 3928 721562
1 4120 182425
1 39 741912
1 4465 678260
1 4853 374046
1 1 531768
1 2553 77605
1 20 466537
1 4510 535090
1 4197 788513
1 2794 877320
1 3749 71086
1 20 163950
1 3763 51284
1 3011 878391
1 31 93340
1 3979 213956
1 65 323997
1 2633 314986
1 4769 300964
1 4598 416465
1 4200 325324
1 4509 515650
1 1550 855155
1 3554 362359
1 34 839864
1 2840 850383
1 57 746876
1 12 680583
1 4617 870166
1 52 425096
1 2320 148358
1 2378 832604
1 4353 787817
1 1038 174750
1 3770 760896
1 4584 773353
1 2294 477126
1 22 954312
1 1555 329360
1 4174 63205
1 3691 216525
1 3035 2498
1 2987 540338
1 30 130481
1 3612 379090
1 47 70760
1 4352 149306
1 54 891710
1 24 454989
1 3914 896140
1 2858 423695
1 1461 767756
1 3897 307502
1 4554 626451
1 1419 23503
1 3860 521959
1 57 272680
1 4735 667706
1 50 458858
1 3381 658951
1 30 495415
1 58 542475
1 2703 301848
1 41 34110
1 4835 795864
1 4367 743018
1 4918 848348
1 13 790462
1 6 219106
1 3662 856236
1 46 902569
1 3725 579524
1 4780 185937
1 3947 650983
1 2424 507538
1 2632 458958
1 24 565039
1 3759 821527
1 1408 32318
1 2158 118945
1 61 360891
1 3539 329156
1 44 837123
1 55 956442
1 3246 441844
1 17 177255
1 2740 951628
1 35 553201
1 3651 128218
1 61 855356
1 2804 123179
1 51 649601
1 4476 749248
1 4847 410909
1 3598 702749
1 2 120084
1 62 447998
1 1444 428221
1 3609 775670
1 3704 162744
1 3748 258952
1 1360 412062
1 2868 618217
1 15 716098
1 64 137922
1 40 488629
1 4745 974055
1 62 99641
1 15 24338
1 2322 750041
1 3559 253945
1 4913 753478
1 52 466200
1 3017 688208
1 1020 585359
1 38 517362
1 3883 802332
1 3505 538111
1 13 403816
1 48 168497
1 21 28702
1 3546 759251
1 58 45979
1 52 860084
1 3 460574
1 8 395350
1 51 648694
1 52 298850
1 38 185643
1 15 553932
1 3783 749829
1 39 192043
1 1153 47883
1 42 39465
1 55 340670
1 4052 532943
1 3043 615356
1 50 40289
1 4280 333716
1 4463 238407
1 4558 280779
1 3657 161960
1 3302 866585
1 1244 855499
1 3676 590499
1 4193 211573
1 3622 268237
1 1261 191338
1 30 863394
1 3544 578580
1 3281 433095
1 1925 43130
1 4576 8896
1 4720 758337
1 375 891000
1 70 615168
1 959 611144
1 1532 848705
1 4319 547888
1 28 377958
1 4668 622839
1 14 89565
1 9 262498
1 19 155737
1 3505 991893
1 3810 19388
1 25 508218
1 3017 933026
1 51 55668
1 2 333382
1 2233 64761
1 4965 695656
1 3004 767262
1 1302 690426
1 4142 380401
1 39 899598
1 35 834897
1 47 763384
1 3474 808999
1 4479 701507
1 2174 898192
1 783 310312
1 2922 246009
1 16 25151
1 4161 665992
1 2138 143553
1 62 643534
1 4585 525603
1 63 597396
1 3026 537669
1 54 383517
1 20 237655
1 53 70204
1 1586 777231
1 4707 852463
1 4859 530654
1 3895 187950
1 4701 60743
1 38 323447
1 69 720085
1 4503 715217
1 44 138697
1 15 982364
1 607 834458
1 4572 242221
1 4477 531443
1 4197 346457
1 2 777186
1 3467 631992
1 24 898127
1 3356 273508
1 34 664284
1 36 260675
1 27 552851
1 285 708266
1 3500 11162
1 57 946924
1 2925 728436
1 2644 751974
1 3626 828963
1 4621 938337
1 1440 656041
1 4843 620890
1 1567 746661
1 4631 849295
1 16 427044
1 25 584345
1 3000 952773
1 8 335112
1 1175 963875
1 4951 283009
1 13 493942
1 3639 562268
1 4330 610598
1 35 136831
1 6 894818
1 3043 771460
1 24 348101
1 4962 610431
1 2064 503160
1 3685 138462
1 4589 658728
1 4705 642057
1 4794 690218
1 3264 841769
1 11 966272
1 31 527665
1 52 217020
1 2445 846392
1 69 947098
1 48 887145
1 3585 268986
1 23 550547
1 3138 447638
1 4726 693480
1 5 62719
1 58 496446
1 3905 853049
1 2516 40764
1 1690 989846
1 6 209416
1 4033 207499
1 4914 872870
1 2153 675130
1 66 312826
1 3004 754501
1 4309 490237
1 7 644545
1 16 851180
1 45 944763
1 44 595075
1 15 324805
1 31 95772
1 3302 207619
1 23 720977
1 16 490156
1 13 192717
1 3864 967927
1 24 984077
1 5 228782
1 1790 871202
1 41 674353
1 36 865169
1 3334 434938
1 3581 904515
1 2726 925437
1 2969 788362
1 3314 371235
1 4970 485076
1 5 757650
1 48 783481
1 4613 716498
1 57 778912
1 66 14270
1 48 286140
1 3689 331466
1 3817 945493
1 29 620515
1 67 35885
1 3088 279260
1 60 637907
1 4497 948337
1 3581 504897
1 3345 680097
1 3340 32966
1 2038 856759
1 411 936271
1 7 12217
1 59 529398
1 1499 248499
1 32 858431
1 3125 698253
1 4004 617416
1 4956 621597
1 63 556700
1 3737 697204
1 4379 645924
1 1957 807027
1 33 302402
1 58 462305
1 20 498436
1 67 107251
1 4916 37209
1 4913 522828
1 20 647267
1 28 600860
1 4769 832864
1 2854 771234
1 4399 163960
1 4988 680844
1 4975 789851
1 3319 918647
1 3317 837382
1 4 381246
1 2850 34931
1 3702 57136
1 4216 86515
1 2954 271063
1 40 26294
1 3314 741968
1 2697 35195
1 479 796620
1 14 267456
1 3081 712655
1 3109 158150
1 1254 224255
1 4719 784459
1 1141 255408
1 34 37136
1 66 994937
1 4215 812824
1 4411 523849
1 3426 874428
1 33 531590
1 2449 161007
1 3616 710404
1 66 986952
1 3262 106624
1 26 462086
1 2934 27687
1 1791 386934
1 1228 970951
1 3915 629374
1 4306 114005
1 36 886684
1 2467 911870
1 3316 467451
1 2007 849477
1 897 98819
1 4144 354383
1 4963 360696
1 47 130280
1 3364 108897
1 4630 552150
1 6 634503
1 376 648872
1 64 554750
1 37 383352
1 60 919410
1 1030 568998
1 3230 568194
1 11 968860
1 3281 705946
1 2843 29909
1 4414 836658
1 66 44400
1 55 353615
1 15 981056
1 4511 365779
1 4675 451504
1 2 716550
1 3413 746610
1 2822 457581
1 1988 253284
1 4934 603702
1 4431 201018
1 4331 998006
1 4007 788393
1 4353 114690
1 348 852070
1 3501 529134
1 4646 868518
1 42 748085
1 177 927480
1 3878 652188
1 2868 215708
1 34 795350
1 38 475963
1 4809 373927
1 69 550805
1 4024 782552
1 44 515699
1 4298 513960
1 3533 16744
1 714 704698
1 4081 228664
1 45 875202
1 4692 261723
1 4892 73072
1 18 748620
1 41 821369
1 2928 142197
1 43 836859
1 1 772233
1 27 16695
1 2684 675249
1 24 115565
1 4944 20961
1 67 424928
1 3081 124331
1 1842 169737
1 68 515443
1 4484 260773
1 3420 778930
1 3376 250080
1 4887 509352
1 3078 464507
1 3470 290683
1 4735 353213
1 2 522642
1 4 393044
1 2 725290
1 3427 245439
1 38 962012
1 3154 665087
1 54 106576
1 4068 574810
1 1659 319666
1 3230 657916
1 3973 733680
1 1935 275096
1 4739 619606
1 16 358611
1 13 172004
1 4199 599527
1 1 260734
1 27 364798
1 42 849592
1 3508 425864
1 2688 3823
1 1686 678512
1 1599 494271
1 4881 611139
1 21 686859
1 3432 254307
1 60 874539
1 6 953164
1 18 698703
1 2710 647185
1 3852 702239
1 44 90496
1 4185 711274
1 3404 235533
1 4324 328707
1 4026 990971
1 4093 311668
1 4624 414981
1 773 832728
1 17 544116
1 3552 820333
1 4004 556878
1 4393 814778
1 1764 606023
1 64 582467
1 36 51975
1 29 145546
1 1927 894799
1 64 305819
1 4702 301786
1 3365 492415
1 3411 171958
1 2696 141404
1 3870 81156
1 4204 689076
1 4399 710120
1 24 662013
1 3633 857085
1 4608 922459
1 966 328498
1 49 653917
1 6 981226
1 1607 898024
1 56 399465
1 3428 771656
1 4504 181206
1 57 481732
1 2633 428641
1 2149 492569
1 441 452193
1 4780 428871
1 4006 594794
1 4432 556797
1 50 242707
1 51 233441
1 3832 318312
1 3281 589662
1 2697 76727
1 1336 36792
1 1457 192761
1 7 726985
1 4677 512261
1 3624 941509
1 42 516588
1 36 241971
1 872 133558
1 4590 934337
1 38 217638
1 1669 702627
1 3534 531812
1 4928 388337
1 3362 537896
1 3373 56315
1 4 549406
1 18 876326
1 4913 978049
1 4509 137335
1 13 47808
1 27 722429
1 5 666633
1 2400 697277
1 4515 664228
1 3840 458901
1 2002 751562
1 4678 14896
1 3824 77003
1 2139 317075
1 4333 877153
1 3511 973380
1 32 443507
1 33 432647
1 10 573279
1 44 455717
1 43 313083
1 3116 261951
1 4783 229646
1 23 597962
1 38 743023
1 4322 644904
1 66 54382
1 4547 873462
1 3825 487503
1 1136 175943
1 3736 213728
1 23 418618
1 4019 57598
1 3908 984097
1 3675 142981
1 3914 869795
1 3833 412486
1 1068 581518
1 3676 282607
1 3277 966959
1 3955 903659
1 3988 460370
1 3647 767592
1 29 509068
1 64 403094
1 1256 836881
1 10 626425
1 4101 116160
1 3946 921267
1 1233 699236
1 67 9648
1 3431 364627
1 2385 696564
1 3747 75143
1 3744 400597
1 38 755956
1 12 132520
1 3754 153440
1 1777 427228
1 2422 680674
1 1754 487307
1 55 381501
1 3569 818167
1 9 945918
1 3464 259033
1 2059 990498
1 28 781702
1 53 193420
1 22 325106
1 4120 444418
1 3529 345484
1 1915 907907
1 1978 772750
1 986 250119
1 49 348330
1 2441 338646
1 38 346671
1 51 630459
1 2849 232823
1 16 376142
1 4520 18456
1 4878 967653
1 42 302920
1 4465 582416
1 4515 416162
1 3680 794606
1 4453 809334
1 22 634995
1 2798 927856
1 17 412767
1 3797 774665
1 4575 55482
1 4027 221958
1 3452 652568
1 52 995411
1 35 123925
1 1661 706178
1 4 819968
1 3763 849072
1 3022 478192
1 3 882109
1 4317 839799
1 3451 172130
1 53 313736
1 4413 509467
1 41 865422
1 4846 358279
1 1897 536416
1 3247 83709
1 4323 483734
1 2003 468342
1 3070 281212
1 55 346200
1 4592 177502
1 3691 344414
1 4639 248033
1 1719 904036
1 1073 536152
1 4273 85537
1 50 153735
1 3478 599778
1 11 378230
1 4422 20825
1 52 169214
1 64 832926
1 1774 526487
1 3557 334866
1 4360 523518
1 1 208287
1 750 607983
1 47 816906
1 46 490221
1 57 80767
1 4304 928424
1 1373 791221
1 1238 435623
1 4757 319603
1 57 239484
1 3703 600130
1 3472 89867
1 3680 41724
1 30 109652
1 2990 141924
1 4028 790178
1 4854 81676
1 3672 330325
1 4051 799588
1 21 164036
1 4537 29254
1 61 731758
1 2730 30086
1 3137 62049
1 1374 132777
1 4 241544
1 4424 470043
1 27 380577
1 4780 176316
1 1677 365573
1 4123 335813
1 2 20117
1 4447 598149
1 2158 928204
1 4180 770710
1 5 979343
1 3973 95201
1 3224 214481
1 4283 544413
1 1321 115454
1 4991 29715
1 3936 872747
1 16 106171
1 55 197346
1 4865 999363
1 3387 252454
1 4486 134538
1 2843 940320
1 3904 695825
1 10 457965
1 4239 956385
1 2242 736453
1 22 22026
1 53 312580
1 4965 955708
1 4013 983251
1 1 911229
1 4749 980651
1 28 321992
1 4477 215022
1 33 41734
1 4204 250363
1 1723 299969
1 4728 447818
1 4515 788176
1 30 915178
1 39 262398
1 4450 32801
1 2345 709524
1 39 174796
1 4412 281572
1 4708 683232
1 4891 944094
1 1730 227987
1 3427 447942
1 4505 878610
1 32 779744
1 48 837130
1 20 598029
1 4941 305534
1 4346 562932
1 66 533168
1 2833 312460
1 20 754471
1 3251 723307
1 22 192270
1 51 314230
1 4734 415041
1 4351 580254
1 4694 494446
1 65 898464
1 3314 985051
1 2586 994574
1 6 659535
1 4901 804671
1 41 983565
1 2296 107586
1 4746 568460
1 67 52889
1 4468 726113
1 1742 844232
1 63 793459
1 50 677752
1 39 278306
1 2096 361505
1 2262 946931
1 32 854440
1 3296 80801
1 40 19040
1 426 591471
1 1113 179596
1 1959 964724
1 4029 608891
1 3293 82957
1 2042 649893
1 3704 2134
1 420 898374
1 3891 336865
1 4254 708571
1 16 658909
1 2096 548032
1 3485 590729
1 6 175396
1 3396 947689
1 4461 763276
1 4794 245601
1 14 916232
1 912 438418
1 4763 204591
1 3106 931898
1 35 278874
1 22 895262
1 2322 844545
1 4293 340951
1 9 403330
1 4526 834333
1 3 233122
1 58 128167
1 25 529499
1 42 399810
1 4876 135501
1 2689 312262
1 30 449023
1 32 455148
1 44 418900
1 4971 144448
1 17 84116
1 4032 421546
1 1908 419675
1 2890 975831
1 2438 448866
1 2849 319380
1 70 601656
1 38 982608
1 3747 128486
1 1841 567157
1 4703 516690
1 4 288937
1 1524 747436
1 26 964542
1 3023 761909
1 4798 525565
1 46 514941
1 44 655832
1 37 309015
1 4753 481486
1 3673 741770
1 4367 860568
1 4334 409212
1 2445 490732
1 3049 989369
1 60 947003
1 61 110077
1 28 962082
1 4596 600099
1 4933 945476
1 3650 277394
1 3157 743665
1 24 728156
1 4151 734913
1 4994 455320
1 1359 177534
1 4878 726722
1 40 75396
1 4508 955879
1 572 799878
1 35 470269
1 14 794996
1 2022 289849
1 2381 443166
1 4174 195294
1 801 975365
1 1859 120693
1 3394 377508
1 4794 42012
1 790 611899
1 63 821552
1 2258 561672
1 1160 394314
1 3511 482220
1 3122 899992
1 45 573517
1 2760 552212
1 2483 272476
1 51 691383
1 2138 468652
1 4856 408796
1 3793 452969
1 3646 517990
1 413 304477
1 29 308839
1 2278 526647
1 2083 475871
1 3718 914232
1 2163 44144
1 1961 173191
1 735 259157
1 4986 171907
1 1 754889
1 4636 321750
1 2645 69465
1 11 412499
1 29 306471
1 16 182405
1 4554 553642
1 7 114213
1 55 246595
1 2532 189736
1 4646 455923
1 3969 289742
1 55 113024
1 4949 680913
1 4974 128119
1 3314 65091
1 2580 592697
1 1726 501714
1 54 206810
1 3313 798273
1 35 364169
1 1394 34440
1 37 39899
1 1167 427739
1 1254 100617
1 4494 250615
1 542 180367
1 1946 458572
1 53 206364
1 2484 326598
1 3943 385472
1 1062 947789
1 2928 689448
1 44 939104
1 19 928181
1 2 800184
1 62 869027
1 3925 775695
1 27 559407
1 4478 815602
1 4257 431939
1 4964 484578
1 46 922377
1 2427 607670
1 65 121918
1 20 471343
1 23 70650
1 45 376764
1 1181 680617
1 59 759642
1 3669 260543
1 2603 586139
1 64 811021
1 4365 505302
1 68 799369
1 3473 77418
1 2999 249833
1 3949 725487
1 3238 287803
1 1984 119006
1 574 524605
1 38 801179
1 4431 409225
1 3758 907802
1 3133 929034
1 3905 265294
1 3625 486859
1 61 994880
1 1153 217354
1 47 440346
1 65 298279
1 3706 78594
1 4524 114655
1 63 951865
1 4250 776972
1 526 144903
1 3858 989773
1 3959 18484
1 1123 941447
1 4108 425861
1 3934 727455
1 3266 574462
1 4537 745274
1 1926 339428
1 41 346235
1 2791 739976
1 2524 402594
1 2617 231448
1 16 954564
1 4150 914165
1 1918 708002
1 34 139041
1 4228 56267
1 24 10162
1 3207 969628
1 42 499381
1 4831 635473
1 2506 33885
1 701 401689
1 3286 773656
1 3634 268675
1 4355 64404
1 4590 208859
1 4193 738172
1 2836 388079
1 2737 85375
1 2 205819
1 68 845306
1 2498 584879
1 16 110097
1 1990 794681
1 4306 564473
1 4731 167979
1 3814 745567
1 4204 714389
1 4857 480327
1 4285 36445
1 2607 920374
1 14 332592
1 48 10782
1 34 113206
1 3376 774468
1 4306 886014
1 4694 901766
1 70 719458
1 3909 757825
1 4017 121666
1 3403 72458
1 9 706556
1 4382 225954
1 2849 714599
1 33 238647
1 3788 249431
1 4357 543771
1 1179 482965
1 1670 610506
1 51 323365
1 1168 745176
1 3775 857938
1 8 932497
1 4600 869511
1 3476 255656
1 38 803853
1 1615 826821
1 38 219723
1 21 826931
1 2809 60604
1 1397 505705
1 1809 562806
1 1301 279927
1 70 329547
1 3830 533979
1 3163 588862
1 11 502178
1 603 606034
1 41 772323
1 26 511917
1 40 632432
1 1660 72163
1 4917 592815
1 63 835790
1 4214 471066
1 3401 346089
1 4270 633841
1 24 688272
1 4736 60955
1 59 62921
1 2854 198856
1 41 184709
1 4145 318728
1 4970 187084
1 57 576540
1 2880 775302
1 4 659962
1 4451 408099
1 2837 71082
1 1 80121
1 52 838847
1 3695 40398
1 2313 213962
1 4054 768792
1 4937 507469
1 25 412600
1 23 101143
1 67 683425
1 69 35249
1 21 588350
1 70 391749
1 50 936580
1 11 134008
1 4086 830666
1 2360 2090
1 44 854876
1 870 3296
1 3873 503281
1 3064 360726
1 33 364967
1 51 976721
1 4127 267187
1 64 254966
1 34 540891
1 4264 856370
1 12 806513
1 2982 55096
1 4911 676057
1 66 822317
1 4807 548822
1 69 936318
1 4868 240777
1 10 983782
1 1796 965602
1 41 651749
1 61 859931
1 1959 754038
1 26 385245
1 2687 183500
1 20 460428
1 1394 392920
1 3734 366826
1 3626 285989
1 1437 993027
1 15 85113
1 53 869124
1 2410 409768
1 4177 889776
1 13 688265
1 44 74019
1 2781 56767
1 2564 393077
1 32 396483
1 59 57652
1 4362 267697
1 3197 586628
1 2671 159446
1 24 396891
1 33 570381
1 50 404759
1 4349 431409
1 4706 283888
1 1608 13930
1 1832 899303
1 3993 914021
1 1691 389459
1 4772 983830
1 62 270566
1 4622 656074
1 4417 487662
1 1287 546922
1 3360 215511
1 4785 82299
1 2 175763
1 4387 856956
1 4073 508123
1 3805 34613
1 63 906885
1 24 552811
1 2 123630
1 34 646271
1 3840 395010
1 15 527229
1 15 444376
1 65 347791
1 59 957703
1 4676 786100
1 59 851776
1 3278 463223
1 40 176684
1 53 121673
1 25 287981
1 3348 668876
1 28 737516
1 3838 448863
1 4844 333203
1 4832 543190
1 10 728699
1 4503 899459
1 18 391724
1 61 590820
1 6 286513
1 43 805650
1 1 525426
1 13 430787
1 1473 855262
1 3651 72121
1 40 50621
1 1860 571255
1 4694 734621
1 34 436557
1 17 796157
1 5 837805
1 3441 512226
1 4932 469369
1 2727 800960
1 66 599819
1 68 494296
1 3797 37435
1 2874 277337
1 1740 253692
1 4195 940865
1 4277 178714
1 4910 168588
1 70 626574
1 4604 2514
1 2928 559485
1 4998 141229
1 290 571509
1 2882 181020
1 3251 570588
1 2319 35428
1 1 161550
1 51 484489
1 51 430643
1 49 886945
1 4441 15713
1 4401 833700
1 504 511310
1 32 979689
1 2735 744760
1 2482 925602
1 2508 275711
1 31 913845
1 2789 788940
1 3891 966471
1 54 180832
1 4035 622783
1 34 705397
1 4241 69838
1 25 505382
1 13 165415
1 4749 125852
1 4034 527783
1 70 459094
1 4816 502230
1 38 769273
1 2877 450274
1 38 299651
1 1877 676361
1 4101 197659
1 66 509522
1 2908 329368
1 17 544311
1 3545 73880
1 3756 783392
1 3146 986214
1 2826 837015
1 37 452679
1 3365 399061
1 3846 974532
1 3946 778313
1 20 941696
1 66 685765
1 837 46549
1 40 932606
1 2790 873636
1 3637 758139
1 22 312429
1 57 96483
1 29 23997
1 503 181287
1 4952 494012
1 11 679488
1 4873 498650
1 1687 228335
1 4344 688270
1 4678 258971
1 63 100475
1 3035 918060
1 2690 515440
1 2983 582516
1 1928 995416
1 1368 150128
1 4049 887942
1 3046 602389
1 51 204436
1 4193 596140
1 5 612691
1 638 125891
1 639 431308
1 4734 977676
1 2938 108438
1 7 283008
1 2284 248163
1 3412 709168
1 3611 396380
1 3299 198062
1 4554 919874
1 3047 798983
1 4570 72705
1 39 997787
1 28 397438
1 47 425317
1 53 983986
1 64 916549
1 3028 12565
1 3356 735742
1 2692 398545
1 18 283983
1 3581 494750
1 28 424910
1 4034 208638
1 70 368993
1 1035 996566
1 14 635411
1 572 706188
1 4464 933761
1 4212 416510
1 1155 49028
1 3322 22024
1 1164 984306
1 13 690336
1 48 11917
1 35 606583
1 45 351114
1 1347 293583
1 3711 299335
1 44 578714
1 3031 499873
1 17 82585
1 27 270375
1 2201 113807
1 11 932805
1 3764 770456
1 37 372276
1 1855 674648
1 3346 336892
1 4095 268423
1 40 32572
1 36 8177
1 3019 767291
1 4315 942467
1 4709 275599
1 4983 669814
1 1115 442594
1 2870 618836
1 18 482304
1 646 928754
1 3978 450294
1 2 92241
1 1122 431397
1 32 770551
1 574 234347
1 65 943946
1 23 818858
1 43 804561
1 61 600834
1 1345 721781
1 48 967307
1 4660 430054
1 49 772789
1 25 104710
1 30 966592
1 44 730679
1 2230 95210
1 4604 924457
1 39 196650
1 4741 472085
1 2545 65499
1 1684 971602
1 1629 693827
1 3695 143529
1 32 840226
1 1205 331924
1 4565 20407
1 28 940629
1 64 184783
1 33 602281
1 2378 281317
1 2790 126685
1 1399 874262
1 70 137535
1 4597 419393
1 3476 740544
1 3249 695346
1 23 192390
1 4365 384922
1 45 552427
1 2962 386870
1 2325 438959
1 54 485705
1 64 15831
1 4779 433381
1 68 336734
1 20 891598
1 2889 35149
1 2852 227617
1 1890 652112
1 4123 606455
1 3317 430853
1 3226 674046
1 43 652950
1 24 987401
1 1799 954345
1 4545 437915
1 3614 424033
1 4039 745554
1 4777 848534
1 37 19114
1 4474 538023
1 4260 276846
1 3162 667431
1 3389 289560
1 3528 660892
1 3156 284461
1 1310 614078
1 49 934055
1 32 206457
1 4961 126922
1 8 276012
1 2878 753108
1 3678 693345
1 2422 729660
1 2938 757921
1 4785 310180
1 2186 771304
1 59 927353
1 69 314461
1 1364 560563
1 15 548720
1 11 893516
1 1565 331856
1 23 316391
1 68 581355
1 1106 816200
1 4277 577533
1 4469 421274
1 2447 779267
1 3774 393520
1 10 255106
1 4904 892922
1 4410 733120
1 57 732556
1 18 617164
1 4212 155113
1 13 739825
1 24 818710
1 1926 644331
1 4487 1859
1 41 794074
1 4960 894527
1 48 687562
1 54 220282
1 3599 843989
1 4273 737402
1 3993 904346
1 60 356659
1 3658 433993
1 4523 781972
1 55 813836
1 4023 748324
1 3748 229360
1 1768 201417
1 58 91514
1 4430 844836
1 3791 968062
1 1838 53274
1 2814 534207
1 55 885252
1 2817 272321
1 2184 698453
1 1885 35399
1 38 618229
1 3167 660202
1 2156 4347
1 3560 853977
1 4790 788840
1 4255 478784
1 3538 479343
1 3163 566581
1 3650 756295
1 4149 390733
1 49 225803
1 1735 956599
1 4102 484557
1 2920 200007
1 61 22543
1 55 440579
1 35 611820
1 49 217952
1 4818 36196
1 69 674152
1 3043 201529
1 4637 463364
1 4816 232308
1 4933 761831
1 4819 55345
1 11 683318
1 4327 597359
1 4107 908223
1 1438 151002
1 3760 397894
1 46 147443
1 3874 731100
1 4776 401973
1 4416 506414
1 3250 979693
1 3855 467977
1 2527 517584
1 3691 624194
1 39 266231
1 45 152824
1 4339 145775
1 35 191724
1 2184 665398
1 2030 971043
1 4811 777853
1 532 712351
1 63 658873
1 4646 941189
1 1617 352605
1 1027 170915
1 3 614456
1 4968 569389
1 36 323767
1 1949 539908
1 2538 851900
1 12 73495
1 3804 450031
1 3228 659799
1 20 894239
1 3623 154869
1 2918 591042
1 3761 279248
1 4549 489404
1 17 265646
1 3248 523289
1 4557 577511
1 64 31877
1 3839 926366
1 2880 540052
1 142 515597
1 27 700758
1 62 425154
1 4228 22709
1 2753 590082
1 3679 321931
1 4498 171780
1 2749 73976
1 4336 519876
1 2656 108122
1 24 993017
1 33 125010
1 4506 724569
1 1928 285897
1 4467 579761
1 14 790616
1 3883 45301
1 4841 982347
1 44 628885
1 28 904090
1 4251 207899
1 3880 265612
1 2870 187616
1 4809 588542
1 24 331474
1 3811 901584
1 3673 494829
1 476 199826
1 3187 226809
1 1991 727346
1 2012 337697
1 58 658433
1 13 293274
1 22 326277
1 3240 115853
1 4794 665296
1 47 112398
1 67 287529
1 10 363416
1 4403 985277
1 2951 389843
1 69 548302
1 2251 289136
1 21 551003
1 59 783571
1 4652 66709
1 1668 115626
1 3194 516786
1 18 930597
1 2052 93971
1 32 841672
1 29 112912
1 4969 299855
1 2193 783047
1 1138 65030
1 41 690163
1 50 780190
1 6 802304
1 32 307234
1 4880 135198
1 4935 768567
1 11 256454
1 3080 51272
1 3355 225233
1 4691 477439
1 3478 376127
1 2484 856086
1 24 523108
1 690 716985
1 38 788278
1 4070 260925
1 36 892218
1 4695 983892
1 2119 175700
1 1784 747841
1 11 101605
1 56 381750
1 3915 82889
1 4126 916994
1 58 177928
1 2847 514012
1 4764 443114
1 4611 625123
1 30 347851
1 2315 153329
1 870 342124
1 4263 925157
1 4371 115644
1 2693 783043
1 4545 922880
1 2816 853807
1 6 47774
1 2944 896166
1 63 320477
1 35 838920
1 2593 14274
1 3871 987056
1 58 174171
1 3962 595097
1 1836 152766
1 41 557784
1 4191 952948
1 1657 734627
1 2463 214155
1 3599 793250
1 2767 289397
1 4134 936418
1 2564 331165
1 1 984293
1 3745 820409
1 500 298468
1 2112 651171
1 651 698150
1 3260 999059
1 4925 426050
1 3286 290942
1 3504 177802
1 48 833856
1 4965 872959
1 4302 688746
1 4089 704849
1 4507 892123
1 13 436003
1 18 740120
1 3330 158498
1 38 831491
1 3670 242230
1 2068 161815
1 53 749869
1 40 272910
1 2843 981251
1 4508 929877
1 4612 901090
1 3 259365
1 4375 828007
1 4707 73560
1 64 352425
1 3170 967340
1 2459 917757
1 12 648710
1 4232 57843
1 2707 568322
1 3546 753957
1 1872 524385
1 3265 634512
1 4375 157665
1 49 229876
1 32 962288
1 48 929306
1 1931 363956
1 2806 49088
1 2
1 3
1 4
1 5
1 6
1 7
1 8
1 9
1 10
1 11
1 12
1 13
1 14
1 15
1 16
1 17
1 18
1 19
1 20
1 21
1 22
1 23
1 24
1 25
1 26
1 27
1 28
1 29
1 30
1 31
1 32
1 33
1 34
1 35
1 36
1 37
1 38
1 39
1 40
1 41
1 42
1 43
1 44
1 45
1 46
1 47
1 48
1 49
1 50
1 51
1 52
1 53
1 54
1 55
1 56
1 57
1 58
1 59
1 60
1 61
1 62
1 63
1 64
1 65
1 66
1 67
1 68
1 69
1 70
1 71
1 72
1 73
1 74
1 75
1 76
1 77
1 78
1 79
1 80
1 81
1 82
1 83
1 84
1 85
1 86
1 87
1 88
1 89
1 90
1 91
1 92
1 93
1 94
1 95
1 96
1 97
1 98
1 99
1 100
1 101
1 102
1 103
1 104
1 105
1 106
1 107
1 108
1 109
1 110
1 111
1 112
1 113
1 114
1 115
1 116
1 117
1 118
1 119
1 120
1 121
1 122
1 123
1 124
1 125
1 126
1 127
1 128
1 129
1 130
1 131
1 132
1 133
1 134
1 135
1 136
1 137
1 138
1 139
1 140
1 141
1 142
1 143
1 144
1 145
1 146
1 147
1 148
1 149
1 150
1 151
1 152
1 153
1 154
1 155
1 156
1 157
1 158
1 159
1 160
1 161
1 162
1 163
1 164
1 165
1 166
1 167
1 168
1 169
1 170
1 171
1 172
1 173
1 174
1 175
1 176
1 177
1 178
1 179
1 180
1 181
1 182
1 183
1 184
1 185
1 186
1 187
1 188
1 189
1 190
1 191
1 192
1 193
1 194
1 195
1 196
1 197
1 198
1 199
1 200
1 201
1 202
1 203
1 204
1 205
1 206
1 207
1 208
1 209
1 210
1 211
1 212
1 213
1 214
1 215
1 216
1 217
1 218
1 219
1 220
1 221
1 222
1 223
1 224
1 225
1 226
1 227
1 228
1 229
1 230
1 231
1 232
1 233
1 234
1 235
1 236
1 237
1 238
1 239
1 240
1 241
1 242
1 243
1 244
1 245
1 246
1 247
1 248
1 249
1 250
1 251
1 252
1 253
1 254
1 255
1 256
1 257
1 258
1 259
1 260
1 261
1 262
1 263
1 264
1 265
1 266
1 267
1 268
1 269
1 270
1 271
1 272
1 273
1 274
1 275
1 276
1 277
1 278
1 279
1 280
1 281
1 282
1 283
1 284
1 285
1 286
1 287
1 288
1 289
1 290
1 291
1 292
1 293
1 294
1 295
1 296
1 297
1 298
1 299
1 300
1 301
1 302
1 303
1 304
1 305
1 306
1 307
1 308
1 309
1 310
1 311
1 312
1 313
1 314
1 315
1 316
1 317
1 318
1 319
1 320
1 321
1 322
1 323
1 324
1 325
1 326
1 327
1 328
1 329
1 330
1 331
1 332
1 333
1 334
1 335
1 336
1 337
1 338
1 339
1 340
1 341
1 342
1 343
1 344
1 345
1 346
1 347
1 348
1 349
1 350
1 351
1 352
1 353
1 354
1 355
1 356
1 357
1 358
1 359
1 360
1 361
1 362
1 363
1 364
1 365
1 366
1 367
1 368
1 369
1 370
1 371
1 372
1 373
1 374
1 375
1 376
1 377
1 378
1 379
1 380
1 381
1 382
1 383
1 384
1 385
1 386
1 387
1 388
1 389
1 390
1 391
1 392
1 393
1 394
1 395
1 396
1 397
1 398
1 399
1 400
1 401
1 402
1 403
1 404
1 405
1 406
1 407
1 408
1 409
1 410
1 411
1 412
1 413
1 414
1 415
1 416
1 417
1 418
1 419
1 420
1 421
1 422
1 423
1 424
1 425
1 426
1 427
1 428
1 429
1 430
1 431
1 432
1 433
1 434
1 435
1 436
1 437
1 438
1 439
1 440
1 441
1 442
1 443
1 444
1 445
1 446
1 447
1 448
1 449
1 450
1 451
1 452
1 453
1 454
1 455
1 456
1 457
1 458
1 459
1 460
1 461
1 462
1 463
1 464
1 465
1 466
1 467
1 468
1 469
1 470
1 471
1 472
1 473
1 474
1 475
1 476
1 477
1 478
1 479
1 480
1 481
1 482
1 483
1 484
1 485
1 486
1 487
1 488
1 489
1 490
1 491
1 492
1 493
1 494
1 495
1 496
1 497
1 498
1 499
1 500
1 501
1 502
1 503
1 504
1 505
1 506
1 507
1 508
1 509
1 510
1 511
1 512
1 513
1 514
1 515
1 516
1 517
1 518
1 519
1 520
1 521
1 522
1 523
1 524
1 525
1 526
1 527
1 528
1 529
1 530
1 531
1 532
1 533
1 534
1 535
1 536
1 537
1 538
1 539
1 540
1 541
1 542
1 543
1 544
1 545
1 546
1 547
1 548
1 549
1 550
1 551
1 552
1 553
1 554
1 555
1 556
1 557
1 558
1 559
1 560
1 561
1 562
1 563
1 564
1 565
1 566
1 567
1 568
1 569
1 570
1 571
1 572
1 573
1 574
1 575
1 576
1 577
1 578
1 579
1 580
1 581
1 582
1 583
1 584
1 585
1 586
1 587
1 588
1 589
1 590
1 591
1 592
1 593
1 594
1 595
1 596
1 597
1 598
1 599
1 600
1 601
1 602
1 603
1 604
1 605
1 606
1 607
1 608
1 609
1 610
1 611
1 612
1 613
1 614
1 615
1 616
1 617
1 618
1 619
1 620
1 621
1 622
1 623
1 624
1 625
1 626
1 627
1 628
1 629
1 630
1 631
1 632
1 633
1 634
1 635
1 636
1 637
1 638
1 639
1 640
1 641
1 642
1 643
1 644
1 645
1 646
1 647
1 648
1 649
1 650
1 651
1 652
1 653
1 654
1 655
1 656
1 657
1 658
1 659
1 660
1 661
1 662
1 663
1 664
1 665
1 666
1 667
1 668
1 669
1 670
1 671
1 672
1 673
1 674
1 675
1 676
1 677
1 678
1 679
1 680
1 681
1 682
1 683
1 684
1 685
1 686
1 687
1 688
1 689
1 690
1 691
1 692
1 693
1 694
1 695
1 696
1 697
1 698
1 699
1 700
1 701
1 702
1 703
1 704
1 705
1 706
1 707
1 708
1 709
1 710
1 711
1 712
1 713
1 714
1 715
1 716
1 717
1 718
1 719
1 720
1 721
1 722
1 723
1 724
1 725
1 726
1 727
1 728
1 729
1 730
1 731
1 732
1 733
1 734
1 735
1 736
1 737
1 738
1 739
1 740
1 741
1 742
1 743
1 744
1 745
1 746
1 747
1 748
1 749
1 750
1 751
1 752
1 753
1 754
1 755
1 756
1 757
1 758
1 759
1 760
1 761
1 762
1 763
1 764
1 765
1 766
1 767
1 768
1 769
1 770
1 771
1 772
1 773
1 774
1 775
1 776
1 777
1 778
1 779
1 780
1 781
1 782
1 783
1 784
1 785
1 786
1 787
1 788
1 789
1 790
1 791
1 792
1 793
1 794
1 795
1 796
1 797
1 798
1 799
1 800
1 801
1 802
1 803
1 804
1 805
1 806
1 807
1 808
1 809
1 810
1 811
1 812
1 813
1 814
1 815
1 816
1 817
1 818
1 819
1 820
1 821
1 822
1 823
1 824
1 825
1 826
1 827
1 828
1 829
1 830
1 831
1 832
1 833
1 834
1 835
1 836
1 837
1 838
1 839
1 840
1 841
1 842
1 843
1 844
1 845
1 846
1 847
1 848
1 849
1 850
1 851
1 852
1 853
1 854
1 855
1 856
1 857
1 858
1 859
1 860
1 861
1 862
1 863
1 864
1 865
1 866
1 867
1 868
1 869
1 870
1 871
1 872
1 873
1 874
1 875
1 876
1 877
1 878
1 879
1 880
1 881
1 882
1 883
1 884
1 885
1 886
1 887
1 888
1 889
1 890
1 891
1 892
1 893
1 894
1 895
1 896
1 897
1 898
1 899
1 900
1 901
1 902
1 903
1 904
1 905
1 906
1 907
1 908
1 909
1 910
1 911
1 912
1 913
1 914
1 915
1 916
1 917
1 918
1 919
1 920
1 921
1 922
1 923
1 924
1 925
1 926
1 927
1 928
1 929
1 930
1 931
1 932
1 933
1 934
1 935
1 936
1 937
1 938
1 939
1 940
1 941
1 942
1 943
1 944
1 945
1 946
1 947
1 948
1 949
1 950
1 951
1 952
1 953
1 954
1 955
1 956
1 957
1 958
1 959
1 960
1 961
1 962
1 963
1 964
1 965
1 966
1 967
1 968
1 969
1 970
1 971
1 972
1 973
1 974
1 975
1 976
1 977
1 978
1 979
1 980
1 981
1 982
1 983
1 984
1 985
1 986
1 987
1 988
1 989
1 990
1 991
1 992
1 993
1 994
1 995
1 996
1 997
1 998
1 999
1 1000
1 1001
1 1002
1 1003
1 1004
1 1005
1 1006
1 1007
1 1008
1 1009
1 1010
1 1011
1 1012
1 1013
1 1014
1 1015
1 1016
1 1017
1 1018
1 1019
1 1020
1 1021
1 1022
1 1023
1 1024
1 1025
1 1026
1 1027
1 1028
1 1029
1 1030
1 1031
1 1032
1 1033
1 1034
1 1035
1 1036
1 1037
1 1038
1 1039
1 1040
1 1041
1 1042
1 1043
1 1044
1 1045
1 1046
1 1047
1 1048
1 1049
1 1050
1 1051
1 1052
1 1053
1 1054
1 1055
1 1056
1 1057
1 1058
1 1059
1 1060
1 1061
1 1062
1 1063
1 1064
1 1065
1 1066
1 1067
1 1068
1 1069
1 1070
1 1071
1 1072
1 1073
1 1074
1 1075
1 1076
1 1077
1 1078
1 1079
1 1080
1 1081
1 1082
1 1083
1 1084
1 1085
1 1086
1 1087
1 1088
1 1089
1 1090
1 1091
1 1092
1 1093
1 1094
1 1095
1 1096
1 1097
1 1098
1 1099
1 1100
1 1101
1 1102
1 1103
1 1104
1 1105
1 1106
1 1107
1 1108
1 1109
1 1110
1 1111
1 1112
1 1113
1 1114
1 1115
1 1116
1 1117
1 1118
1 1119
1 1120
1 1121
1 1122
1 1123
1 1124
1 1125
1 1126
1 1127
1 1128
1 1129
1 1130
1 1131
1 1132
1 1133
1 1134
1 1135
1 1136
1 1137
1 1138
1 1139
1 1140
1 1141
1 1142
1 1143
1 1144
1 1145
1 1146
1 1147
1 1148
1 1149
1 1150
1 1151
1 1152
1 1153
1 1154
1 1155
1 1156
1 1157
1 1158
1 1159
1 1160
1 1161
1 1162
1 1163
1 1164
1 1165
1 1166
1 1167
1 1168
1 1169
1 1170
1 1171
1 1172
1 1173
1 1174
1 1175
1 1176
1 1177
1 1178
1 1179
1 1180
1 1181
1 1182
1 1183
1 1184
1 1185
1 1186
1 1187
1 1188
1 1189
1 1190
1 1191
1 1192
1 1193
1 1194
1 1195
1 1196
1 1197
1 1198
1 1199
1 1200
1 1201
1 1202
1 1203
1 1204
1 1205
1 1206
1 1207
1 1208
1 1209
1 1210
1 1211
1 1212
1 1213
1 1214
1 1215
1 1216
1 1217
1 1218
1 1219
1 1220
1 1221
1 1222
1 1223
1 1224
1 1225
1 1226
1 1227
1 1228
1 1229
1 1230
1 1231
1 1232
1 1233
1 1234
1 1235
1 1236
1 1237
1 1238
1 1239
1 1240
1 1241
1 1242
1 1243
1 1244
1 1245
1 1246
1 1247
1 1248
1 1249
1 1250
1 1251
1 1252
1 1253
1 1254
1 1255
1 1256
1 1257
1 1258
1 1259
1 1260
1 1261
1 1262
1 1263
1 1264
1 1265
1 1266
1 1267
1 1268
1 1269
1 1270
1 1271
1 1272
1 1273
1 1274
1 1275
1 1276
1 1277
1 1278
1 1279
1 1280
1 1281
1 1282
1 1283
1 1284
1 1285
1 1286
1 1287
1 1288
1 1289
1 1290
1 1291
1 1292
1 1293
1 1294
1 1295
1 1296
1 1297
1 1298
1 1299
1 1300
1 1301
1 1302
1 1303
1 1304
1 1305
1 1306
1 1307
1 1308
1 1309
1 1310
1 1311
1 1312
1 1313
1 1314
1 1315
1 1316
1 1317
1 1318
1 1319
1 1320
1 1321
1 1322
1 1323
1 1324
1 1325
1 1326
1 1327
1 1328
1 1329
1 1330
1 1331
1 1332
1 1333
1 1334
1 1335
1 1336
1 1337
1 1338
1 1339
1 1340
1 1341
1 1342
1 1343
1 1344
1 1345
1 1346
1 1347
1 1348
1 1349
1 1350
1 1351
1 1352
1 1353
1 1354
1 1355
1 1356
1 1357
1 1358
1 1359
1 1360
1 1361
1 1362
1 1363
1 1364
1 1365
1 1366
1 1367
1 1368
1 1369
1 1370
1 1371
1 1372
1 1373
1 1374
1 1375
1 1376
1 1377
1 1378
1 1379
1 1380
1 1381
1 1382
1 1383
1 1384
1 1385
1 1386
1 1387
1 1388
1 1389
1 1390
1 1391
1 1392
1 1393
1 1394
1 1395
1 1396
1 1397
1 1398
1 1399
1 1400
1 1401
1 1402
1 1403
1 1404
1 1405
1 1406
1 1407
1 1408
1 1409
1 1410
1 1411
1 1412
1 1413
1 1414
1 1415
1 1416
1 1417
1 1418
1 1419
1 1420
1 1421
1 1422
1 1423
1 1424
1 1425
1 1426
1 1427
1 1428
1 1429
1 1430
1 1431
1 1432
1 1433
1 1434
1 1435
1 1436
1 1437
1 1438
1 1439
1 1440
1 1441
1 1442
1 1443
1 1444
1 1445
1 1446
1 1447
1 1448
1 1449
1 1450
1 1451
1 1452
1 1453
1 1454
1 1455
1 1456
1 1457
1 1458
1 1459
1 1460
1 1461
1 1462
1 1463
1 1464
1 1465
1 1466
1 1467
1 1468
1 1469
1 1470
1 1471
1 1472
1 1473
1 1474
1 1475
1 1476
1 1477
1 1478
1 1479
1 1480
1 1481
1 1482
1 1483
1 1484
1 1485
1 1486
1 1487
1 1488
1 1489
1 1490
1 1491
1 1492
1 1493
1 1494
1 1495
1 1496
1 1497
1 1498
1 1499
1 1500
1 1501
1 1502
1 1503
1 1504
1 1505
1 1506
1 1507
1 1508
1 1509
1 1510
1 1511
1 1512
1 1513
1 1514
1 1515
1 1516
1 1517
1 1518
1 1519
1 1520
1 1521
1 1522
1 1523
1 1524
1 1525
1 1526
1 1527
1 1528
1 1529
1 1530
1 1531
1 1532
1 1533
1 1534
1 1535
1 1536
1 1537
1 1538
1 1539
1 1540
1 1541
1 1542
1 1543
1 1544
1 1545
1 1546
1 1547
1 1548
1 1549
1 1550
1 1551
1 1552
1 1553
1 1554
1 1555
1 1556
1 1557
1 1558
1 1559
1 1560
1 1561
1 1562
1 1563
1 1564
1 1565
1 1566
1 1567
1 1568
1 1569
1 1570
1 1571
1 1572
1 1573
1 1574
1 1575
1 1576
1 1577
1 1578
1 1579
1 1580
1 1581
1 1582
1 1583
1 1584
1 1585
1 1586
1 1587
1 1588
1 1589
1 1590
1 1591
1 1592
1 1593
1 1594
1 1595
1 1596
1 1597
1 1598
1 1599
1 1600
1 1601
1 1602
1 1603
1 1604
1 1605
1 1606
1 1607
1 1608
1 1609
1 1610
1 1611
1 1612
1 1613
1 1614
1 1615
1 1616
1 1617
1 1618
1 1619
1 1620
1 1621
1 1622
1 1623
1 1624
1 1625
1 1626
1 1627
1 1628
1 1629
1 1630
1 1631
1 1632
1 1633
1 1634
1 1635
1 1636
1 1637
1 1638
1 1639
1 1640
1 1641
1 1642
1 1643
1 1644
1 1645
1 1646
1 1647
1 1648
1 1649
1 1650
1 1651
1 1652
1 1653
1 1654
1 1655
1 1656
1 1657
1 1658
1 1659
1 1660
1 1661
1 1662
1 1663
1 1664
1 1665
1 1666
1 1667
1 1668
1 1669
1 1670
1 1671
1 1672
1 1673
1 1674
1 1675
1 1676
1 1677
1 1678
1 1679
1 1680
1 1681
1 1682
1 1683
1 1684
1 1685
1 1686
1 1687
1 1688
1 1689
1 1690
1 1691
1 1692
1 1693
1 1694
1 1695
1 1696
1 1697
1 1698
1 1699
1 1700
1 1701
1 1702
1 1703
1 1704
1 1705
1 1706
1 1707
1 1708
1 1709
1 1710
1 1711
1 1712
1 1713
1 1714
1 1715
1 1716
1 1717
1 1718
1 1719
1 1720
1 1721
1 1722
1 1723
1 1724
1 1725
1 1726
1 1727
1 1728
1 1729
1 1730
1 1731
1 1732
1 1733
1 1734
1 1735
1 1736
1 1737
1 1738
1 1739
1 1740
1 1741
1 1742
1 1743
1 1744
1 1745
1 1746
1 1747
1 1748
1 1749
1 1750
1 1751
1 1752
1 1753
1 1754
1 1755
1 1756
1 1757
1 1758
1 1759
1 1760
1 1761
1 1762
1 1763
1 1764
1 1765
1 1766
1 1767
1 1768
1 1769
1 1770
1 1771
1 1772
1 1773
1 1774
1 1775
1 1776
1 1777
1 1778
1 1779
1 1780
1 1781
1 1782
1 1783
1 1784
1 1785
1 1786
1 1787
1 1788
1 1789
1 1790
1 1791
1 1792
1 1793
1 1794
1 1795
1 1796
1 1797
1 1798
1 1799
1 1800
1 1801
1 1802
1 1803
1 1804
1 1805
1 1806
1 1807
1 1808
1 1809
1 1810
1 1811
1 1812
1 1813
1 1814
1 1815
1 1816
1 1817
1 1818
1 1819
1 1820
1 1821
1 1822
1 1823
1 1824
1 1825
1 1826
1 1827
1 1828
1 1829
1 1830
1 1831
1 1832
1 1833
1 1834
1 1835
1 1836
1 1837
1 1838
1 1839
1 1840
1 1841
1 1842
1 1843
1 1844
1 1845
1 1846
1 1847
1 1848
1 1849
1 1850
1 1851
1 1852
1 1853
1 1854
1 1855
1 1856
1 1857
1 1858
1 1859
1 1860
1 1861
1 1862
1 1863
1 1864
1 1865
1 1866
1 1867
1 1868
1 1869
1 1870
1 1871
1 1872
1 1873
1 1874
1 1875
1 1876
1 1877
1 1878
1 1879
1 1880
1 1881
1 1882
1 1883
1 1884
1 1885
1 1886
1 1887
1 1888
1 1889
1 1890
1 1891
1 1892
1 1893
1 1894
1 1895
1 1896
1 1897
1 1898
1 1899
1 1900
1 1901
1 1902
1 1903
1 1904
1 1905
1 1906
1 1907
1 1908
1 1909
1 1910
1 1911
1 1912
1 1913
1 1914
1 1915
1 1916
1 1917
1 1918
1 1919
1 1920
1 1921
1 1922
1 1923
1 1924
1 1925
1 1926
1 1927
1 1928
1 1929
1 1930
1 1931
1 1932
1 1933
1 1934
1 1935
1 1936
1 1937
1 1938
1 1939
1 1940
1 1941
1 1942
1 1943
1 1944
1 1945
1 1946
1 1947
1 1948
1 1949
1 1950
1 1951
1 1952
1 1953
1 1954
1 1955
1 1956
1 1957
1 1958
1 1959
1 1960
1 1961
1 1962
1 1963
1 1964
1 1965
1 1966
1 1967
1 1968
1 1969
1 1970
1 1971
1 1972
1 1973
1 1974
1 1975
1 1976
1 1977
1 1978
1 1979
1 1980
1 1981
1 1982
1 1983
1 1984
1 1985
1 1986
1 1987
1 1988
1 1989
1 1990
1 1991
1 1992
1 1993
1 1994
1 1995
1 1996
1 1997
1 1998
1 1999
1 2000
1 2001
1 2002
1 2003
1 2004
1 2005
1 2006
1 2007
1 2008
1 2009
1 2010
1 2011
1 2012
1 2013
1 2014
1 2015
1 2016
1 2017
1 2018
1 2019
1 2020
1 2021
1 2022
1 2023
1 2024
1 2025
1 2026
1 2027
1 2028
1 2029
1 2030
1 2031
1 2032
1 2033
1 2034
1 2035
1 2036
1 2037
1 2038
1 2039
1 2040
1 2041
1 2042
1 2043
1 2044
1 2045
1 2046
1 2047
1 2048
1 2049
1 2050
1 2051
1 2052
1 2053
1 2054
1 2055
1 2056
1 2057
1 2058
1 2059
1 2060
1 2061
1 2062
1 2063
1 2064
1 2065
1 2066
1 2067
1 2068
1 2069
1 2070
1 2071
1 2072
1 2073
1 2074
1 2075
1 2076
1 2077
1 2078
1 2079
1 2080
1 2081
1 2082
1 2083
1 2084
1 2085
1 2086
1 2087
1 2088
1 2089
1 2090
1 2091
1 2092
1 2093
1 2094
1 2095
1 2096
1 2097
1 2098
1 2099
1 2100
1 2101
1 2102
1 2103
1 2104
1 2105
1 2106
1 2107
1 2108
1 2109
1 2110
1 2111
1 2112
1 2113
1 2114
1 2115
1 2116
1 2117
1 2118
1 2119
1 2120
1 2121
1 2122
1 2123
1 2124
1 2125
1 2126
1 2127
1 2128
1 2129
1 2130
1 2131
1 2132
1 2133
1 2134
1 2135
1 2136
1 2137
1 2138
1 2139
1 2140
1 2141
1 2142
1 2143
1 2144
1 2145
1 2146
1 2147
1 2148
1 2149
1 2150
1 2151
1 2152
1 2153
1 2154
1 2155
1 2156
1 2157
1 2158
1 2159
1 2160
1 2161
1 2162
1 2163
1 2164
1 2165
1 2166
1 2167
1 2168
1 2169
1 2170
1 2171
1 2172
1 2173
1 2174
1 2175
1 2176
1 2177
1 2178
1 2179
1 2180
1 2181
1 2182
1 2183
1 2184
1 2185
1 2186
1 2187
1 2188
1 2189
1 2190
1 2191
1 2192
1 2193
1 2194
1 2195
1 2196
1 2197
1 2198
1 2199
1 2200
1 2201
1 2202
1 2203
1 2204
1 2205
1 2206
1 2207
1 2208
1 2209
1 2210
1 2211
1 2212
1 2213
1 2214
1 2215
1 2216
1 2217
1 2218
1 2219
1 2220
1 2221
1 2222
1 2223
1 2224
1 2225
1 2226
1 2227
1 2228
1 2229
1 2230
1 2231
1 2232
1 2233
1 2234
1 2235
1 2236
1 2237
1 2238
1 2239
1 2240
1 2241
1 2242
1 2243
1 2244
1 2245
1 2246
1 2247
1 2248
1 2249
1 2250
1 2251
1 2252
1 2253
1 2254
1 2255
1 2256
1 2257
1 2258
1 2259
1 2260
1 2261
1 2262
1 2263
1 2264
1 2265
1 2266
1 2267
1 2268
1 2269
1 2270
1 2271
1 2272
1 2273
1 2274
1 2275
1 2276
1 2277
1 2278
1 2279
1 2280
1 2281
1 2282
1 2283
1 2284
1 2285
1 2286
1 2287
1 2288
1 2289
1 2290
1 2291
1 2292
1 2293
1 2294
1 2295
1 2296
1 2297
1 2298
1 2299
1 2300
1 2301
1 2302
1 2303
1 2304
1 2305
1 2306
1 2307
1 2308
1 2309
1 2310
1 2311
1 2312
1 2313
1 2314
1 2315
1 2316
1 2317
1 2318
1 2319
1 2320
1 2321
1 2322
1 2323
1 2324
1 2325
1 2326
1 2327
1 2328
1 2329
1 2330
1 2331
1 2332
1 2333
1 2334
1 2335
1 2336
1 2337
1 2338
1 2339
1 2340
1 2341
1 2342
1 2343
1 2344
1 2345
1 2346
1 2347
1 2348
1 2349
1 2350
1 2351
1 2352
1 2353
1 2354
1 2355
1 2356
1 2357
1 2358
1 2359
1 2360
1 2361
1 2362
1 2363
1 2364
1 2365
1 2366
1 2367
1 2368
1 2369
1 2370
1 2371
1 2372
1 2373
1 2374
1 2375
1 2376
1 2377
1 2378
1 2379
1 2380
1 2381
1 2382
1 2383
1 2384
1 2385
1 2386
1 2387
1 2388
1 2389
1 2390
1 2391
1 2392
1 2393
1 2394
1 2395
1 2396
1 2397
1 2398
1 2399
1 2400
1 2401
1 2402
1 2403
1 2404
1 2405
1 2406
1 2407
1 2408
1 2409
1 2410
1 2411
1 2412
1 2413
1 2414
1 2415
1 2416
1 2417
1 2418
1 2419
1 2420
1 2421
1 2422
1 2423
1 2424
1 2425
1 2426
1 2427
1 2428
1 2429
1 2430
1 2431
1 2432
1 2433
1 2434
1 2435
1 2436
1 2437
1 2438
1 2439
1 2440
1 2441
1 2442
1 2443
1 2444
1 2445
1 2446
1 2447
1 2448
1 2449
1 2450
1 2451
1 2452
1 2453
1 2454
1 2455
1 2456
1 2457
1 2458
1 2459
1 2460
1 2461
1 2462
1 2463
1 2464
1 2465
1 2466
1 2467
1 2468
1 2469
1 2470
1 2471
1 2472
1 2473
1 2474
1 2475
1 2476
1 2477
1 2478
1 2479
1 2480
1 2481
1 2482
1 2483
1 2484
1 2485
1 2486
1 2487
1 2488
1 2489
1 2490
1 2491
1 2492
1 2493
1 2494
1 2495
1 2496
1 2497
1 2498
1 2499
1 2500
1 2501
1 2502
1 2503
1 2504
1 2505
1 2506
1 2507
1 2508
1 2509
1 2510
1 2511
1 2512
1 2513
1 2514
1 2515
1 2516
1 2517
1 2518
1 2519
1 2520
1 2521
1 2522
1 2523
1 2524
1 2525
1 2526
1 2527
1 2528
1 2529
1 2530
1 2531
1 2532
1 2533
1 2534
1 2535
1 2536
1 2537
1 2538
1 2539
1 2540
1 2541
1 2542
1 2543
1 2544
1 2545
1 2546
1 2547
1 2548
1 2549
1 2550
1 2551
1 2552
1 2553
1 2554
1 2555
1 2556
1 2557
1 2558
1 2559
1 2560
1 2561
1 2562
1 2563
1 2564
1 2565
1 2566
1 2567
1 2568
1 2569
1 2570
1 2571
1 2572
1 2573
1 2574
1 2575
1 2576
1 2577
1 2578
1 2579
1 2580
1 2581
1 2582
1 2583
1 2584
1 2585
1 2586
1 2587
1 2588
1 2589
1 2590
1 2591
1 2592
1 2593
1 2594
1 2595
1 2596
1 2597
1 2598
1 2599
1 2600
1 2601
1 2602
1 2603
1 2604
1 2605
1 2606
1 2607
1 2608
1 2609
1 2610
1 2611
1 2612
1 2613
1 2614
1 2615
1 2616
1 2617
1 2618
1 2619
1 2620
1 2621
1 2622
1 2623
1 2624
1 2625
1 2626
1 2627
1 2628
1 2629
1 2630
1 2631
1 2632
1 2633
1 2634
1 2635
1 2636
1 2637
1 2638
1 2639
1 2640
1 2641
1 2642
1 2643
1 2644
1 2645
1 2646
1 2647
1 2648
1 2649
1 2650
1 2651
1 2652
1 2653
1 2654
1 2655
1 2656
1 2657
1 2658
1 2659
1 2660
1 2661
1 2662
1 2663
1 2664
1 2665
1 2666
1 2667
1 2668
1 2669
1 2670
1 2671
1 2672
1 2673
1 2674
1 2675
1 2676
1 2677
1 2678
1 2679
1 2680
1 2681
1 2682
1 2683
1 2684
1 2685
1 2686
1 2687
1 2688
1 2689
1 2690
1 2691
1 2692
1 2693
1 2694
1 2695
1 2696
1 2697
1 2698
1 2699
1 2700
1 2701
1 2702
1 2703
1 2704
1 2705
1 2706
1 2707
1 2708
1 2709
1 2710
1 2711
1 2712
1 2713
1 2714
1 2715
1 2716
1 2717
1 2718
1 2719
1 2720
1 2721
1 2722
1 2723
1 2724
1 2725
1 2726
1 2727
1 2728
1 2729
1 2730
1 2731
1 2732
1 2733
1 2734
1 2735
1 2736
1 2737
1 2738
1 2739
1 2740
1 2741
1 2742
1 2743
1 2744
1 2745
1 2746
1 2747
1 2748
1 2749
1 2750
1 2751
1 2752
1 2753
1 2754
1 2755
1 2756
1 2757
1 2758
1 2759
1 2760
1 2761
1 2762
1 2763
1 2764
1 2765
1 2766
1 2767
1 2768
1 2769
1 2770
1 2771
1 2772
1 2773
1 2774
1 2775
1 2776
1 2777
1 2778
1 2779
1 2780
1 2781
1 2782
1 2783
1 2784
1 2785
1 2786
1 2787
1 2788
1 2789
1 2790
1 2791
1 2792
1 2793
1 2794
1 2795
1 2796
1 2797
1 2798
1 2799
1 2800
1 2801
1 2802
1 2803
1 2804
1 2805
1 2806
1 2807
1 2808
1 2809
1 2810
1 2811
1 2812
1 2813
1 2814
1 2815
1 2816
1 2817
1 2818
1 2819
1 2820
1 2821
1 2822
1 2823
1 2824
1 2825
1 2826
1 2827
1 2828
1 2829
1 2830
1 2831
1 2832
1 2833
1 2834
1 2835
1 2836
1 2837
1 2838
1 2839
1 2840
1 2841
1 2842
1 2843
1 2844
1 2845
1 2846
1 2847
1 2848
1 2849
1 2850
1 2851
1 2852
1 2853
1 2854
1 2855
1 2856
1 2857
1 2858
1 2859
1 2860
1 2861
1 2862
1 2863
1 2864
1 2865
1 2866
1 2867
1 2868
1 2869
1 2870
1 2871
1 2872
1 2873
1 2874
1 2875
1 2876
1 2877
1 2878
1 2879
1 2880
1 2881
1 2882
1 2883
1 2884
1 2885
1 2886
1 2887
1 2888
1 2889
1 2890
1 2891
1 2892
1 2893
1 2894
1 2895
1 2896
1 2897
1 2898
1 2899
1 2900
1 2901
1 2902
1 2903
1 2904
1 2905
1 2906
1 2907
1 2908
1 2909
1 2910
1 2911
1 2912
1 2913
1 2914
1 2915
1 2916
1 2917
1 2918
1 2919
1 2920
1 2921
1 2922
1 2923
1 2924
1 2925
1 2926
1 2927
1 2928
1 2929
1 2930
1 2931
1 2932
1 2933
1 2934
1 2935
1 2936
1 2937
1 2938
1 2939
1 2940
1 2941
1 2942
1 2943
1 2944
1 2945
1 2946
1 2947
1 2948
1 2949
1 2950
1 2951
1 2952
1 2953
1 2954
1 2955
1 2956
1 2957
1 2958
1 2959
1 2960
1 2961
1 2962
1 2963
1 2964
1 2965
1 2966
1 2967
1 2968
1 2969
1 2970
1 2971
1 2972
1 2973
1 2974
1 2975
1 2976
1 2977
1 2978
1 2979
1 2980
1 2981
1 2982
1 2983
1 2984
1 2985
1 2986
1 2987
1 2988
1 2989
1 2990
1 2991
1 2992
1 2993
1 2994
1 2995
1 2996
1 2997
1 2998
1 2999
1 3000
1 3001
1 3002
1 3003
1 3004
1 3005
1 3006
1 3007
1 3008
1 3009
1 3010
1 3011
1 3012
1 3013
1 3014
1 3015
1 3016
1 3017
1 3018
1 3019
1 3020
1 3021
1 3022
1 3023
1 3024
1 3025
1 3026
1 3027
1 3028
1 3029
1 3030
1 3031
1 3032
1 3033
1 3034
1 3035
1 3036
1 3037
1 3038
1 3039
1 3040
1 3041
1 3042
1 3043
1 3044
1 3045
1 3046
1 3047
1 3048
1 3049
1 3050
1 3051
1 3052
1 3053
1 3054
1 3055
1 3056
1 3057
1 3058
1 3059
1 3060
1 3061
1 3062
1 3063
1 3064
1 3065
1 3066
1 3067
1 3068
1 3069
1 3070
1 3071
1 3072
1 3073
1 3074
1 3075
1 3076
1 3077
1 3078
1 3079
1 3080
1 3081
1 3082
1 3083
1 3084
1 3085
1 3086
1 3087
1 3088
1 3089
1 3090
1 3091
1 3092
1 3093
1 3094
1 3095
1 3096
1 3097
1 3098
1 3099
1 3100
1 3101
1 3102
1 3103
1 3104
1 3105
1 3106
1 3107
1 3108
1 3109
1 3110
1 3111
1 3112
1 3113
1 3114
1 3115
1 3116
1 3117
1 3118
1 3119
1 3120
1 3121
1 3122
1 3123
1 3124
1 3125
1 3126
1 3127
1 3128
1 3129
1 3130
1 3131
1 3132
1 3133
1 3134
1 3135
1 3136
1 3137
1 3138
1 3139
1 3140
1 3141
1 3142
1 3143
1 3144
1 3145
1 3146
1 3147
1 3148
1 3149
1 3150
1 3151
1 3152
1 3153
1 3154
1 3155
1 3156
1 3157
1 3158
1 3159
1 3160
1 3161
1 3162
1 3163
1 3164
1 3165
1 3166
1 3167
1 3168
1 3169
1 3170
1 3171
1 3172
1 3173
1 3174
1 3175
1 3176
1 3177
1 3178
1 3179
1 3180
1 3181
1 3182
1 3183
1 3184
1 3185
1 3186
1 3187
1 3188
1 3189
1 3190
1 3191
1 3192
1 3193
1 3194
1 3195
1 3196
1 3197
1 3198
1 3199
1 3200
1 3201
1 3202
1 3203
1 3204
1 3205
1 3206
1 3207
1 3208
1 3209
1 3210
1 3211
1 3212
1 3213
1 3214
1 3215
1 3216
1 3217
1 3218
1 3219
1 3220
1 3221
1 3222
1 3223
1 3224
1 3225
1 3226
1 3227
1 3228
1 3229
1 3230
1 3231
1 3232
1 3233
1 3234
1 3235
1 3236
1 3237
1 3238
1 3239
1 3240
1 3241
1 3242
1 3243
1 3244
1 3245
1 3246
1 3247
1 3248
1 3249
1 3250
1 3251
1 3252
1 3253
1 3254
1 3255
1 3256
1 3257
1 3258
1 3259
1 3260
1 3261
1 3262
1 3263
1 3264
1 3265
1 3266
1 3267
1 3268
1 3269
1 3270
1 3271
1 3272
1 3273
1 3274
1 3275
1 3276
1 3277
1 3278
1 3279
1 3280
1 3281
1 3282
1 3283
1 3284
1 3285
1 3286
1 3287
1 3288
1 3289
1 3290
1 3291
1 3292
1 3293
1 3294
1 3295
1 3296
1 3297
1 3298
1 3299
1 3300
1 3301
1 3302
1 3303
1 3304
1 3305
1 3306
1 3307
1 3308
1 3309
1 3310
1 3311
1 3312
1 3313
1 3314
1 3315
1 3316
1 3317
1 3318
1 3319
1 3320
1 3321
1 3322
1 3323
1 3324
1 3325
1 3326
1 3327
1 3328
1 3329
1 3330
1 3331
1 3332
1 3333
1 3334
1 3335
1 3336
1 3337
1 3338
1 3339
1 3340
1 3341
1 3342
1 3343
1 3344
1 3345
1 3346
1 3347
1 3348
1 3349
1 3350
1 3351
1 3352
1 3353
1 3354
1 3355
1 3356
1 3357
1 3358
1 3359
1 3360
1 3361
1 3362
1 3363
1 3364
1 3365
1 3366
1 3367
1 3368
1 3369
1 3370
1 3371
1 3372
1 3373
1 3374
1 3375
1 3376
1 3377
1 3378
1 3379
1 3380
1 3381
1 3382
1 3383
1 3384
1 3385
1 3386
1 3387
1 3388
1 3389
1 3390
1 3391
1 3392
1 3393
1 3394
1 3395
1 3396
1 3397
1 3398
1 3399
1 3400
1 3401
1 3402
1 3403
1 3404
1 3405
1 3406
1 3407
1 3408
1 3409
1 3410
1 3411
1 3412
1 3413
1 3414
1 3415
1 3416
1 3417
1 3418
1 3419
1 3420
1 3421
1 3422
1 3423
1 3424
1 3425
1 3426
1 3427
1 3428
1 3429
1 3430
1 3431
1 3432
1 3433
1 3434
1 3435
1 3436
1 3437
1 3438
1 3439
1 3440
1 3441
1 3442
1 3443
1 3444
1 3445
1 3446
1 3447
1 3448
1 3449
1 3450
1 3451
1 3452
1 3453
1 3454
1 3455
1 3456
1 3457
1 3458
1 3459
1 3460
1 3461
1 3462
1 3463
1 3464
1 3465
1 3466
1 3467
1 3468
1 3469
1 3470
1 3471
1 3472
1 3473
1 3474
1 3475
1 3476
1 3477
1 3478
1 3479
1 3480
1 3481
1 3482
1 3483
1 3484
1 3485
1 3486
1 3487
1 3488
1 3489
1 3490
1 3491
1 3492
1 3493
1 3494
1 3495
1 3496
1 3497
1 3498
1 3499
1 3500
1 3501
1 3502
1 3503
1 3504
1 3505
1 3506
1 3507
1 3508
1 3509
1 3510
1 3511
1 3512
1 3513
1 3514
1 3515
1 3516
1 3517
1 3518
1 3519
1 3520
1 3521
1 3522
1 3523
1 3524
1 3525
1 3526
1 3527
1 3528
1 3529
1 3530
1 3531
1 3532
1 3533
1 3534
1 3535
1 3536
1 3537
1 3538
1 3539
1 3540
1 3541
1 3542
1 3543
1 3544
1 3545
1 3546
1 3547
1 3548
1 3549
1 3550
1 3551
1 3552
1 3553
1 3554
1 3555
1 3556
1 3557
1 3558
1 3559
1 3560
1 3561
1 3562
1 3563
1 3564
1 3565
1 3566
1 3567
1 3568
1 3569
1 3570
1 3571
1 3572
1 3573
1 3574
1 3575
1 3576
1 3577
1 3578
1 3579
1 3580
1 3581
1 3582
1 3583
1 3584
1 3585
1 3586
1 3587
1 3588
1 3589
1 3590
1 3591
1 3592
1 3593
1 3594
1 3595
1 3596
1 3597
1 3598
1 3599
1 3600
1 3601
1 3602
1 3603
1 3604
1 3605
1 3606
1 3607
1 3608
1 3609
1 3610
1 3611
1 3612
1 3613
1 3614
1 3615
1 3616
1 3617
1 3618
1 3619
1 3620
1 3621
1 3622
1 3623
1 3624
1 3625
1 3626
1 3627
1 3628
1 3629
1 3630
1 3631
1 3632
1 3633
1 3634
1 3635
1 3636
1 3637
1 3638
1 3639
1 3640
1 3641
1 3642
1 3643
1 3644
1 3645
1 3646
1 3647
1 3648
1 3649
1 3650
1 3651
1 3652
1 3653
1 3654
1 3655
1 3656
1 3657
1 3658
1 3659
1 3660
1 3661
1 3662
1 3663
1 3664
1 3665
1 3666
1 3667
1 3668
1 3669
1 3670
1 3671
1 3672
1 3673
1 3674
1 3675
1 3676
1 3677
1 3678
1 3679
1 3680
1 3681
1 3682
1 3683
1 3684
1 3685
1 3686
1 3687
1 3688
1 3689
1 3690
1 3691
1 3692
1 3693
1 3694
1 3695
1 3696
1 3697
1 3698
1 3699
1 3700
1 3701
1 3702
1 3703
1 3704
1 3705
1 3706
1 3707
1 3708
1 3709
1 3710
1 3711
1 3712
1 3713
1 3714
1 3715
1 3716
1 3717
1 3718
1 3719
1 3720
1 3721
1 3722
1 3723
1 3724
1 3725
1 3726
1 3727
1 3728
1 3729
1 3730
1 3731
1 3732
1 3733
1 3734
1 3735
1 3736
1 3737
1 3738
1 3739
1 3740
1 3741
1 3742
1 3743
1 3744
1 3745
1 3746
1 3747
1 3748
1 3749
1 3750
1 3751
1 3752
1 3753
1 3754
1 3755
1 3756
1 3757
1 3758
1 3759
1 3760
1 3761
1 3762
1 3763
1 3764
1 3765
1 3766
1 3767
1 3768
1 3769
1 3770
1 3771
1 3772
1 3773
1 3774
1 3775
1 3776
1 3777
1 3778
1 3779
1 3780
1 3781
1 3782
1 3783
1 3784
1 3785
1 3786
1 3787
1 3788
1 3789
1 3790
1 3791
1 3792
1 3793
1 3794
1 3795
1 3796
1 3797
1 3798
1 3799
1 3800
1 3801
1 3802
1 3803
1 3804
1 3805
1 3806
1 3807
1 3808
1 3809
1 3810
1 3811
1 3812
1 3813
1 3814
1 3815
1 3816
1 3817
1 3818
1 3819
1 3820
1 3821
1 3822
1 3823
1 3824
1 3825
1 3826
1 3827
1 3828
1 3829
1 3830
1 3831
1 3832
1 3833
1 3834
1 3835
1 3836
1 3837
1 3838
1 3839
1 3840
1 3841
1 3842
1 3843
1 3844
1 3845
1 3846
1 3847
1 3848
1 3849
1 3850
1 3851
1 3852
1 3853
1 3854
1 3855
1 3856
1 3857
1 3858
1 3859
1 3860
1 3861
1 3862
1 3863
1 3864
1 3865
1 3866
1 3867
1 3868
1 3869
1 3870
1 3871
1 3872
1 3873
1 3874
1 3875
1 3876
1 3877
1 3878
1 3879
1 3880
1 3881
1 3882
1 3883
1 3884
1 3885
1 3886
1 3887
1 3888
1 3889
1 3890
1 3891
1 3892
1 3893
1 3894
1 3895
1 3896
1 3897
1 3898
1 3899
1 3900
1 3901
1 3902
1 3903
1 3904
1 3905
1 3906
1 3907
1 3908
1 3909
1 3910
1 3911
1 3912
1 3913
1 3914
1 3915
1 3916
1 3917
1 3918
1 3919
1 3920
1 3921
1 3922
1 3923
1 3924
1 3925
1 3926
1 3927
1 3928
1 3929
1 3930
1 3931
1 3932
1 3933
1 3934
1 3935
1 3936
1 3937
1 3938
1 3939
1 3940
1 3941
1 3942
1 3943
1 3944
1 3945
1 3946
1 3947
1 3948
1 3949
1 3950
1 3951
1 3952
1 3953
1 3954
1 3955
1 3956
1 3957
1 3958
1 3959
1 3960
1 3961
1 3962
1 3963
1 3964
1 3965
1 3966
1 3967
1 3968
1 3969
1 3970
1 3971
1 3972
1 3973
1 3974
1 3975
1 3976
1 3977
1 3978
1 3979
1 3980
1 3981
1 3982
1 3983
1 3984
1 3985
1 3986
1 3987
1 3988
1 3989
1 3990
1 3991
1 3992
1 3993
1 3994
1 3995
1 3996
1 3997
1 3998
1 3999
1 4000
1 4001
1 4002
1 4003
1 4004
1 4005
1 4006
1 4007
1 4008
1 4009
1 4010
1 4011
1 4012
1 4013
1 4014
1 4015
1 4016
1 4017
1 4018
1 4019
1 4020
1 4021
1 4022
1 4023
1 4024
1 4025
1 4026
1 4027
1 4028
1 4029
1 4030
1 4031
1 4032
1 4033
1 4034
1 4035
1 4036
1 4037
1 4038
1 4039
1 4040
1 4041
1 4042
1 4043
1 4044
1 4045
1 4046
1 4047
1 4048
1 4049
1 4050
1 4051
1 4052
1 4053
1 4054
1 4055
1 4056
1 4057
1 4058
1 4059
1 4060
1 4061
1 4062
1 4063
1 4064
1 4065
1 4066
1 4067
1 4068
1 4069
1 4070
1 4071
1 4072
1 4073
1 4074
1 4075
1 4076
1 4077
1 4078
1 4079
1 4080
1 4081
1 4082
1 4083
1 4084
1 4085
1 4086
1 4087
1 4088
1 4089
1 4090
1 4091
1 4092
1 4093
1 4094
1 4095
1 4096
1 4097
1 4098
1 4099
1 4100
1 4101
1 4102
1 4103
1 4104
1 4105
1 4106
1 4107
1 4108
1 4109
1 4110
1 4111
1 4112
1 4113
1 4114
1 4115
1 4116
1 4117
1 4118
1 4119
1 4120
1 4121
1 4122
1 4123
1 4124
1 4125
1 4126
1 4127
1 4128
1 4129
1 4130
1 4131
1 4132
1 4133
1 4134
1 4135
1 4136
1 4137
1 4138
1 4139
1 4140
1 4141
1 4142
1 4143
1 4144
1 4145
1 4146
1 4147
1 4148
1 4149
1 4150
1 4151
1 4152
1 4153
1 4154
1 4155
1 4156
1 4157
1 4158
1 4159
1 4160
1 4161
1 4162
1 4163
1 4164
1 4165
1 4166
1 4167
1 4168
1 4169
1 4170
1 4171
1 4172
1 4173
1 4174
1 4175
1 4176
1 4177
1 4178
1 4179
1 4180
1 4181
1 4182
1 4183
1 4184
1 4185
1 4186
1 4187
1 4188
1 4189
1 4190
1 4191
1 4192
1 4193
1 4194
1 4195
1 4196
1 4197
1 4198
1 4199
1 4200
1 4201
1 4202
1 4203
1 4204
1 4205
1 4206
1 4207
1 4208
1 4209
1 4210
1 4211
1 4212
1 4213
1 4214
1 4215
1 4216
1 4217
1 4218
1 4219
1 4220
1 4221
1 4222
1 4223
1 4224
1 4225
1 4226
1 4227
1 4228
1 4229
1 4230
1 4231
1 4232
1 4233
1 4234
1 4235
1 4236
1 4237
1 4238
1 4239
1 4240
1 4241
1 4242
1 4243
1 4244
1 4245
1 4246
1 4247
1 4248
1 4249
1 4250
1 4251
1 4252
1 4253
1 4254
1 4255
1 4256
1 4257
1 4258
1 4259
1 4260
1 4261
1 4262
1 4263
1 4264
1 4265
1 4266
1 4267
1 4268
1 4269
1 4270
1 4271
1 4272
1 4273
1 4274
1 4275
1 4276
1 4277
1 4278
1 4279
1 4280
1 4281
1 4282
1 4283
1 4284
1 4285
1 4286
1 4287
1 4288
1 4289
1 4290
1 4291
1 4292
1 4293
1 4294
1 4295
1 4296
1 4297
1 4298
1 4299
1 4300
1 4301
1 4302
1 4303
1 4304
1 4305
1 4306
1 4307
1 4308
1 4309
1 4310
1 4311
1 4312
1 4313
1 4314
1 4315
1 4316
1 4317
1 4318
1 4319
1 4320
1 4321
1 4322
1 4323
1 4324
1 4325
1 4326
1 4327
1 4328
1 4329
1 4330
1 4331
1 4332
1 4333
1 4334
1 4335
1 4336
1 4337
1 4338
1 4339
1 4340
1 4341
1 4342
1 4343
1 4344
1 4345
1 4346
1 4347
1 4348
1 4349
1 4350
1 4351
1 4352
1 4353
1 4354
1 4355
1 4356
1 4357
1 4358
1 4359
1 4360
1 4361
1 4362
1 4363
1 4364
1 4365
1 4366
1 4367
1 4368
1 4369
1 4370
1 4371
1 4372
1 4373
1 4374
1 4375
1 4376
1 4377
1 4378
1 4379
1 4380
1 4381
1 4382
1 4383
1 4384
1 4385
1 4386
1 4387
1 4388
1 4389
1 4390
1 4391
1 4392
1 4393
1 4394
1 4395
1 4396
1 4397
1 4398
1 4399
1 4400
1 4401
1 4402
1 4403
1 4404
1 4405
1 4406
1 4407
1 4408
1 4409
1 4410
1 4411
1 4412
1 4413
1 4414
1 4415
1 4416
1 4417
1 4418
1 4419
1 4420
1 4421
1 4422
1 4423
1 4424
1 4425
1 4426
1 4427
1 4428
1 4429
1 4430
1 4431
1 4432
1 4433
1 4434
1 4435
1 4436
1 4437
1 4438
1 4439
1 4440
1 4441
1 4442
1 4443
1 4444
1 4445
1 4446
1 4447
1 4448
1 4449
1 4450
1 4451
1 4452
1 4453
1 4454
1 4455
1 4456
1 4457
1 4458
1 4459
1 4460
1 4461
1 4462
1 4463
1 4464
1 4465
1 4466
1 4467
1 4468
1 4469
1 4470
1 4471
1 4472
1 4473
1 4474
1 4475
1 4476
1 4477
1 4478
1 4479
1 4480
1 4481
1 4482
1 4483
1 4484
1 4485
1 4486
1 4487
1 4488
1 4489
1 4490
1 4491
1 4492
1 4493
1 4494
1 4495
1 4496
1 4497
1 4498
1 4499
1 4500
1 4501
1 4502
1 4503
1 4504
1 4505
1 4506
1 4507
1 4508
1 4509
1 4510
1 4511
1 4512
1 4513
1 4514
1 4515
1 4516
1 4517
1 4518
1 4519
1 4520
1 4521
1 4522
1 4523
1 4524
1 4525
1 4526
1 4527
1 4528
1 4529
1 4530
1 4531
1 4532
1 4533
1 4534
1 4535
1 4536
1 4537
1 4538
1 4539
1 4540
1 4541
1 4542
1 4543
1 4544
1 4545
1 4546
1 4547
1 4548
1 4549
1 4550
1 4551
1 4552
1 4553
1 4554
1 4555
1 4556
1 4557
1 4558
1 4559
1 4560
1 4561
1 4562
1 4563
1 4564
1 4565
1 4566
1 4567
1 4568
1 4569
1 4570
1 4571
1 4572
1 4573
1 4574
1 4575
1 4576
1 4577
1 4578
1 4579
1 4580
1 4581
1 4582
1 4583
1 4584
1 4585
1 4586
1 4587
1 4588
1 4589
1 4590
1 4591
1 4592
1 4593
1 4594
1 4595
1 4596
1 4597
1 4598
1 4599
1 4600
1 4601
1 4602
1 4603
1 4604
1 4605
1 4606
1 4607
1 4608
1 4609
1 4610
1 4611
1 4612
1 4613
1 4614
1 4615
1 4616
1 4617
1 4618
1 4619
1 4620
1 4621
1 4622
1 4623
1 4624
1 4625
1 4626
1 4627
1 4628
1 4629
1 4630
1 4631
1 4632
1 4633
1 4634
1 4635
1 4636
1 4637
1 4638
1 4639
1 4640
1 4641
1 4642
1 4643
1 4644
1 4645
1 4646
1 4647
1 4648
1 4649
1 4650
1 4651
1 4652
1 4653
1 4654
1 4655
1 4656
1 4657
1 4658
1 4659
1 4660
1 4661
1 4662
1 4663
1 4664
1 4665
1 4666
1 4667
1 4668
1 4669
1 4670
1 4671
1 4672
1 4673
1 4674
1 4675
1 4676
1 4677
1 4678
1 4679
1 4680
1 4681
1 4682
1 4683
1 4684
1 4685
1 4686
1 4687
1 4688
1 4689
1 4690
1 4691
1 4692
1 4693
1 4694
1 4695
1 4696
1 4697
1 4698
1 4699
1 4700
1 4701
1 4702
1 4703
1 4704
1 4705
1 4706
1 4707
1 4708
1 4709
1 4710
1 4711
1 4712
1 4713
1 4714
1 4715
1 4716
1 4717
1 4718
1 4719
1 4720
1 4721
1 4722
1 4723
1 4724
1 4725
1 4726
1 4727
1 4728
1 4729
1 4730
1 4731
1 4732
1 4733
1 4734
1 4735
1 4736
1 4737
1 4738
1 4739
1 4740
1 4741
1 4742
1 4743
1 4744
1 4745
1 4746
1 4747
1 4748
1 4749
1 4750
1 4751
1 4752
1 4753
1 4754
1 4755
1 4756
1 4757
1 4758
1 4759
1 4760
1 4761
1 4762
1 4763
1 4764
1 4765
1 4766
1 4767
1 4768
1 4769
1 4770
1 4771
1 4772
1 4773
1 4774
1 4775
1 4776
1 4777
1 4778
1 4779
1 4780
1 4781
1 4782
1 4783
1 4784
1 4785
1 4786
1 4787
1 4788
1 4789
1 4790
1 4791
1 4792
1 4793
1 4794
1 4795
1 4796
1 4797
1 4798
1 4799
1 4800
1 4801
1 4802
1 4803
1 4804
1 4805
1 4806
1 4807
1 4808
1 4809
1 4810
1 4811
1 4812
1 4813
1 4814
1 4815
1 4816
1 4817
1 4818
1 4819
1 4820
1 4821
1 4822
1 4823
1 4824
1 4825
1 4826
1 4827
1 4828
1 4829
1 4830
1 4831
1 4832
1 4833
1 4834
1 4835
1 4836
1 4837
1 4838
1 4839
1 4840
1 4841
1 4842
1 4843
1 4844
1 4845
1 4846
1 4847
1 4848
1 4849
1 4850
1 4851
1 4852
1 4853
1 4854
1 4855
1 4856
1 4857
1 4858
1 4859
1 4860
1 4861
1 4862
1 4863
1 4864
1 4865
1 4866
1 4867
1 4868
1 4869
1 4870
1 4871
1 4872
1 4873
1 4874
1 4875
1 4876
1 4877
1 4878
1 4879
1 4880
1 4881
1 4882
1 4883
1 4884
1 4885
1 4886
1 4887
1 4888
1 4889
1 4890
1 4891
1 4892
1 4893
1 4894
1 4895
1 4896
1 4897
1 4898
1 4899
1 4900
1 4901
1 4902
1 4903
1 4904
1 4905
1 4906
1 4907
1 4908
1 4909
1 4910
1 4911
1 4912
1 4913
1 4914
1 4915
1 4916
1 4917
1 4918
1 4919
1 4920
1 4921
1 4922
1 4923
1 4924
1 4925
1 4926
1 4927
1 4928
1 4929
1 4930
1 4931
1 4932
1 4933
1 4934
1 4935
1 4936
1 4937
1 4938
1 4939
1 4940
1 4941
1 4942
1 4943
1 4944
1 4945
1 4946
1 4947
1 4948
1 4949
1 4950
1 4951
1 4952
1 4953
1 4954
1 4955
1 4956
1 4957
1 4958
1 4959
1 4960
1 4961
1 4962
1 4963
1 4964
1 4965
1 4966
1 4967
1 4968
1 4969
1 4970
1 4971
1 4972
1 4973
1 4974
1 4975
1 4976
1 4977
1 4978
1 4979
1 4980
1 4981
1 4982
1 4983
1 4984
1 4985
1 4986
1 4987
1 4988
1 4989
1 4990
1 4991
1 4992
1 4993
1 4994
1 4995
1 4996
1 4997
1 4998
1 4999
1 5000
