2000
1 2
2 3
2 4
3 5
3 6
6 7
4 8
1 9
7 10
10 11
6 12
10 13
9 14
2 15
4 16
1 17
2 18
2 19
4 20
12 21
5 22
18 23
9 24
9 25
19 26
15 27
25 28
13 29
2 30
26 31
18 32
6 33
18 34
9 35
15 36
1 37
30 38
11 39
18 40
35 41
16 42
4 43
24 44
5 45
3 46
40 47
24 48
45 49
47 50
16 51
10 52
15 53
17 54
35 55
54 56
3 57
25 58
58 59
19 60
50 61
29 62
40 63
9 64
33 65
4 66
40 67
13 68
53 69
28 70
11 71
35 72
52 73
2 74
62 75
23 76
70 77
9 78
1 79
43 80
32 81
22 82
38 83
60 84
34 85
25 86
35 87
25 88
15 89
72 90
65 91
67 92
46 93
31 94
92 95
63 96
72 97
39 98
41 99
49 100
90 101
81 102
3 103
45 104
25 105
80 106
73 107
103 108
4 109
52 110
1 111
44 112
57 113
112 114
85 115
36 116
18 117
22 118
117 119
92 120
92 121
116 122
81 123
95 124
53 125
28 126
2 127
45 128
108 129
39 130
70 131
95 132
15 133
98 134
10 135
13 136
96 137
33 138
20 139
38 140
105 141
69 142
40 143
36 144
123 145
121 146
13 147
82 148
141 149
78 150
30 151
32 152
22 153
15 154
6 155
118 156
96 157
53 158
142 159
32 160
58 161
117 162
105 163
18 164
97 165
82 166
96 167
49 168
92 169
64 170
25 171
64 172
99 173
48 174
113 175
40 176
13 177
22 178
92 179
70 180
72 181
57 182
2 183
80 184
76 185
84 186
86 187
185 188
85 189
33 190
72 191
166 192
160 193
164 194
117 195
12 196
73 197
44 198
157 199
182 200
52 201
131 202
202 203
111 204
163 205
175 206
128 207
204 208
52 209
171 210
76 211
200 212
104 213
22 214
3 215
8 216
6 217
61 218
54 219
66 220
91 221
43 222
31 223
25 224
113 225
156 226
29 227
100 228
142 229
134 230
207 231
172 232
201 233
228 234
61 235
147 236
101 237
173 238
65 239
101 240
157 241
149 242
184 243
199 244
96 245
200 246
77 247
13 248
18 249
239 250
188 251
82 252
122 253
139 254
16 255
187 256
64 257
88 258
66 259
180 260
165 261
246 262
233 263
246 264
185 265
254 266
180 267
163 268
172 269
215 270
204 271
114 272
104 273
42 274
263 275
39 276
179 277
230 278
19 279
141 280
269 281
158 282
168 283
236 284
224 285
43 286
58 287
73 288
55 289
251 290
286 291
197 292
79 293
203 294
101 295
134 296
26 297
147 298
119 299
10 300
139 301
201 302
73 303
15 304
214 305
149 306
243 307
278 308
122 309
305 310
244 311
190 312
230 313
206 314
107 315
313 316
281 317
114 318
306 319
257 320
71 321
102 322
132 323
93 324
144 325
151 326
167 327
278 328
109 329
64 330
67 331
36 332
182 333
328 334
205 335
3 336
20 337
327 338
91 339
166 340
81 341
137 342
56 343
48 344
61 345
54 346
141 347
86 348
22 349
121 350
348 351
171 352
159 353
154 354
130 355
88 356
292 357
23 358
283 359
163 360
174 361
215 362
323 363
3 364
121 365
267 366
121 367
197 368
366 369
199 370
49 371
323 372
344 373
164 374
69 375
105 376
86 377
137 378
105 379
314 380
69 381
250 382
176 383
144 384
71 385
115 386
169 387
24 388
192 389
261 390
49 391
84 392
186 393
122 394
86 395
193 396
272 397
376 398
33 399
199 400
1 401
143 402
329 403
110 404
350 405
12 406
228 407
287 408
263 409
185 410
317 411
363 412
40 413
366 414
106 415
352 416
301 417
287 418
163 419
147 420
126 421
349 422
203 423
216 424
186 425
373 426
204 427
144 428
45 429
120 430
83 431
280 432
135 433
295 434
41 435
171 436
359 437
94 438
426 439
198 440
201 441
258 442
357 443
283 444
185 445
37 446
31 447
372 448
424 449
154 450
442 451
388 452
1 453
191 454
111 455
417 456
279 457
376 458
231 459
217 460
194 461
443 462
130 463
142 464
210 465
351 466
445 467
376 468
122 469
326 470
373 471
46 472
84 473
301 474
456 475
284 476
345 477
471 478
354 479
398 480
173 481
256 482
313 483
462 484
274 485
29 486
439 487
268 488
89 489
29 490
402 491
97 492
136 493
466 494
469 495
413 496
263 497
478 498
146 499
317 500
447 501
73 502
158 503
419 504
98 505
321 506
93 507
24 508
244 509
324 510
408 511
313 512
303 513
271 514
439 515
214 516
322 517
315 518
357 519
20 520
433 521
207 522
156 523
112 524
172 525
454 526
273 527
487 528
456 529
241 530
77 531
124 532
58 533
366 534
57 535
56 536
145 537
152 538
63 539
155 540
29 541
470 542
486 543
79 544
352 545
449 546
321 547
517 548
494 549
110 550
239 551
22 552
550 553
92 554
15 555
97 556
252 557
519 558
449 559
368 560
304 561
326 562
518 563
507 564
365 565
410 566
30 567
227 568
221 569
75 570
445 571
402 572
232 573
220 574
410 575
208 576
457 577
566 578
524 579
104 580
105 581
67 582
492 583
193 584
346 585
526 586
363 587
464 588
454 589
38 590
428 591
400 592
115 593
178 594
74 595
283 596
109 597
158 598
38 599
148 600
389 601
296 602
32 603
380 604
468 605
549 606
133 607
186 608
415 609
149 610
393 611
179 612
368 613
12 614
384 615
154 616
219 617
446 618
366 619
200 620
543 621
301 622
372 623
305 624
251 625
89 626
394 627
531 628
94 629
81 630
561 631
250 632
183 633
495 634
547 635
8 636
502 637
138 638
597 639
354 640
614 641
539 642
1 643
84 644
198 645
430 646
418 647
517 648
415 649
123 650
629 651
428 652
299 653
557 654
495 655
371 656
445 657
105 658
351 659
573 660
249 661
539 662
235 663
16 664
468 665
170 666
392 667
168 668
73 669
20 670
395 671
657 672
470 673
351 674
519 675
5 676
452 677
107 678
646 679
171 680
152 681
594 682
288 683
14 684
674 685
498 686
549 687
149 688
620 689
237 690
126 691
574 692
147 693
641 694
340 695
92 696
577 697
343 698
393 699
456 700
8 701
623 702
12 703
172 704
320 705
566 706
500 707
700 708
191 709
690 710
639 711
570 712
230 713
539 714
354 715
177 716
473 717
639 718
534 719
116 720
613 721
397 722
353 723
126 724
547 725
100 726
247 727
160 728
638 729
246 730
719 731
551 732
129 733
550 734
377 735
246 736
33 737
723 738
464 739
434 740
191 741
542 742
108 743
711 744
225 745
546 746
97 747
39 748
206 749
591 750
386 751
444 752
710 753
719 754
633 755
150 756
436 757
644 758
363 759
428 760
112 761
178 762
135 763
228 764
624 765
441 766
166 767
558 768
351 769
94 770
55 771
132 772
293 773
598 774
409 775
428 776
69 777
380 778
11 779
212 780
283 781
555 782
148 783
251 784
124 785
630 786
141 787
227 788
137 789
723 790
649 791
753 792
697 793
142 794
139 795
598 796
681 797
685 798
112 799
558 800
408 801
418 802
617 803
693 804
103 805
509 806
110 807
150 808
61 809
734 810
439 811
421 812
27 813
186 814
436 815
324 816
554 817
168 818
440 819
580 820
258 821
670 822
26 823
320 824
195 825
594 826
80 827
706 828
754 829
419 830
302 831
635 832
765 833
787 834
805 835
212 836
549 837
87 838
383 839
796 840
260 841
282 842
442 843
569 844
193 845
484 846
12 847
96 848
683 849
522 850
361 851
786 852
5 853
691 854
605 855
76 856
148 857
262 858
597 859
499 860
296 861
712 862
368 863
656 864
179 865
665 866
2 867
763 868
254 869
190 870
80 871
234 872
437 873
792 874
861 875
616 876
343 877
857 878
678 879
315 880
176 881
573 882
826 883
577 884
619 885
463 886
752 887
372 888
682 889
520 890
837 891
753 892
200 893
307 894
123 895
22 896
614 897
740 898
481 899
665 900
201 901
780 902
359 903
213 904
374 905
305 906
637 907
241 908
40 909
908 910
704 911
893 912
10 913
422 914
370 915
668 916
394 917
682 918
272 919
491 920
695 921
49 922
310 923
592 924
473 925
284 926
691 927
821 928
625 929
766 930
379 931
609 932
168 933
260 934
465 935
191 936
872 937
104 938
795 939
596 940
590 941
236 942
900 943
588 944
26 945
763 946
18 947
242 948
360 949
719 950
925 951
652 952
49 953
892 954
543 955
581 956
253 957
281 958
775 959
899 960
936 961
541 962
820 963
109 964
954 965
838 966
724 967
251 968
325 969
941 970
541 971
252 972
807 973
197 974
889 975
782 976
928 977
291 978
490 979
276 980
530 981
472 982
449 983
356 984
209 985
267 986
87 987
797 988
589 989
230 990
765 991
437 992
349 993
723 994
982 995
296 996
909 997
993 998
914 999
526 1000
259 1001
187 1002
803 1003
56 1004
703 1005
286 1006
1003 1007
611 1008
378 1009
538 1010
3 1011
562 1012
529 1013
356 1014
560 1015
917 1016
911 1017
212 1018
816 1019
565 1020
243 1021
719 1022
380 1023
835 1024
653 1025
987 1026
6 1027
3 1028
961 1029
914 1030
560 1031
486 1032
1027 1033
521 1034
96 1035
539 1036
622 1037
269 1038
398 1039
317 1040
798 1041
608 1042
840 1043
594 1044
195 1045
838 1046
404 1047
405 1048
110 1049
702 1050
331 1051
731 1052
707 1053
274 1054
965 1055
25 1056
441 1057
969 1058
290 1059
440 1060
819 1061
385 1062
874 1063
692 1064
443 1065
569 1066
916 1067
855 1068
756 1069
813 1070
586 1071
255 1072
1028 1073
759 1074
892 1075
581 1076
966 1077
499 1078
903 1079
920 1080
776 1081
527 1082
287 1083
270 1084
237 1085
418 1086
142 1087
513 1088
424 1089
199 1090
336 1091
926 1092
872 1093
307 1094
1058 1095
555 1096
420 1097
331 1098
769 1099
747 1100
255 1101
224 1102
325 1103
378 1104
536 1105
729 1106
445 1107
822 1108
476 1109
580 1110
27 1111
784 1112
345 1113
452 1114
474 1115
44 1116
837 1117
1063 1118
93 1119
332 1120
460 1121
671 1122
736 1123
1113 1124
887 1125
862 1126
853 1127
624 1128
48 1129
649 1130
278 1131
997 1132
53 1133
665 1134
877 1135
656 1136
96 1137
1106 1138
725 1139
769 1140
428 1141
1068 1142
633 1143
332 1144
599 1145
815 1146
1005 1147
381 1148
952 1149
1035 1150
730 1151
304 1152
1083 1153
51 1154
878 1155
390 1156
139 1157
375 1158
95 1159
93 1160
484 1161
51 1162
498 1163
989 1164
187 1165
737 1166
482 1167
1120 1168
446 1169
918 1170
263 1171
841 1172
877 1173
67 1174
618 1175
22 1176
1141 1177
691 1178
990 1179
1177 1180
317 1181
1032 1182
528 1183
404 1184
220 1185
826 1186
185 1187
348 1188
843 1189
480 1190
237 1191
661 1192
77 1193
136 1194
1020 1195
502 1196
140 1197
295 1198
226 1199
914 1200
685 1201
1131 1202
299 1203
29 1204
935 1205
579 1206
1091 1207
792 1208
72 1209
1207 1210
1204 1211
1074 1212
808 1213
200 1214
1074 1215
569 1216
1202 1217
980 1218
1010 1219
910 1220
651 1221
271 1222
521 1223
635 1224
808 1225
1107 1226
144 1227
478 1228
1106 1229
731 1230
586 1231
735 1232
105 1233
289 1234
226 1235
598 1236
532 1237
32 1238
406 1239
520 1240
533 1241
893 1242
983 1243
835 1244
935 1245
471 1246
201 1247
426 1248
569 1249
667 1250
98 1251
937 1252
346 1253
759 1254
799 1255
460 1256
679 1257
193 1258
626 1259
888 1260
267 1261
2 1262
324 1263
968 1264
1088 1265
1204 1266
648 1267
1225 1268
168 1269
875 1270
1041 1271
772 1272
141 1273
2 1274
45 1275
352 1276
1128 1277
92 1278
827 1279
795 1280
647 1281
623 1282
913 1283
1236 1284
620 1285
681 1286
805 1287
1239 1288
762 1289
236 1290
251 1291
25 1292
546 1293
398 1294
643 1295
501 1296
172 1297
912 1298
341 1299
459 1300
750 1301
615 1302
175 1303
1099 1304
197 1305
107 1306
679 1307
347 1308
759 1309
863 1310
704 1311
964 1312
723 1313
13 1314
576 1315
1184 1316
22 1317
538 1318
1182 1319
319 1320
9 1321
1071 1322
472 1323
271 1324
758 1325
763 1326
89 1327
803 1328
357 1329
625 1330
529 1331
1194 1332
738 1333
1020 1334
918 1335
307 1336
1052 1337
1094 1338
416 1339
87 1340
319 1341
599 1342
731 1343
268 1344
726 1345
984 1346
377 1347
304 1348
251 1349
1012 1350
265 1351
502 1352
1285 1353
143 1354
190 1355
681 1356
130 1357
409 1358
73 1359
19 1360
942 1361
373 1362
273 1363
1 1364
577 1365
527 1366
991 1367
1186 1368
461 1369
460 1370
689 1371
758 1372
1252 1373
358 1374
27 1375
1228 1376
202 1377
366 1378
25 1379
1182 1380
70 1381
851 1382
544 1383
502 1384
18 1385
90 1386
923 1387
880 1388
97 1389
699 1390
626 1391
704 1392
165 1393
282 1394
330 1395
564 1396
110 1397
634 1398
1211 1399
1282 1400
975 1401
1331 1402
769 1403
1257 1404
1082 1405
574 1406
372 1407
321 1408
17 1409
130 1410
914 1411
435 1412
1139 1413
1249 1414
283 1415
358 1416
956 1417
1118 1418
325 1419
604 1420
292 1421
455 1422
418 1423
197 1424
926 1425
1249 1426
284 1427
376 1428
187 1429
1294 1430
96 1431
1001 1432
88 1433
1421 1434
926 1435
1109 1436
1161 1437
764 1438
837 1439
39 1440
1351 1441
713 1442
1339 1443
1226 1444
1046 1445
530 1446
288 1447
1261 1448
1361 1449
465 1450
45 1451
725 1452
1114 1453
242 1454
112 1455
1348 1456
784 1457
227 1458
1094 1459
1006 1460
13 1461
159 1462
27 1463
541 1464
1356 1465
1298 1466
1067 1467
68 1468
130 1469
275 1470
1422 1471
1134 1472
123 1473
465 1474
993 1475
150 1476
788 1477
1465 1478
1202 1479
1151 1480
791 1481
68 1482
303 1483
343 1484
646 1485
44 1486
1005 1487
882 1488
387 1489
943 1490
306 1491
240 1492
1076 1493
282 1494
763 1495
807 1496
369 1497
869 1498
1472 1499
1268 1500
920 1501
1148 1502
292 1503
1022 1504
1140 1505
1200 1506
660 1507
1323 1508
498 1509
1319 1510
411 1511
213 1512
789 1513
628 1514
640 1515
350 1516
639 1517
392 1518
947 1519
609 1520
12 1521
169 1522
1520 1523
829 1524
474 1525
1075 1526
1069 1527
958 1528
171 1529
1234 1530
579 1531
249 1532
1140 1533
836 1534
1525 1535
982 1536
244 1537
286 1538
713 1539
564 1540
1387 1541
1356 1542
525 1543
982 1544
737 1545
1237 1546
400 1547
492 1548
1490 1549
179 1550
1009 1551
627 1552
1546 1553
1236 1554
1153 1555
525 1556
1112 1557
539 1558
1259 1559
200 1560
1009 1561
1075 1562
267 1563
205 1564
301 1565
1386 1566
1298 1567
292 1568
278 1569
696 1570
1292 1571
821 1572
71 1573
1238 1574
54 1575
621 1576
476 1577
606 1578
1054 1579
1150 1580
920 1581
1567 1582
12 1583
961 1584
1291 1585
1537 1586
1088 1587
1233 1588
494 1589
1568 1590
657 1591
824 1592
1251 1593
426 1594
1224 1595
545 1596
425 1597
1596 1598
186 1599
650 1600
1357 1601
669 1602
1323 1603
257 1604
945 1605
166 1606
1245 1607
117 1608
874 1609
897 1610
456 1611
41 1612
1155 1613
57 1614
890 1615
1274 1616
359 1617
783 1618
1147 1619
382 1620
1343 1621
1096 1622
1115 1623
1020 1624
42 1625
878 1626
593 1627
89 1628
1125 1629
196 1630
1313 1631
1109 1632
1123 1633
881 1634
580 1635
650 1636
859 1637
118 1638
62 1639
730 1640
363 1641
388 1642
218 1643
1403 1644
1295 1645
1086 1646
125 1647
1340 1648
1055 1649
913 1650
1578 1651
1637 1652
194 1653
846 1654
220 1655
319 1656
1271 1657
1527 1658
1586 1659
534 1660
964 1661
692 1662
778 1663
744 1664
1321 1665
1493 1666
1358 1667
1509 1668
114 1669
726 1670
1384 1671
121 1672
33 1673
1238 1674
1257 1675
1360 1676
1293 1677
1673 1678
1504 1679
1554 1680
1221 1681
908 1682
522 1683
431 1684
100 1685
1606 1686
1570 1687
1428 1688
35 1689
1022 1690
785 1691
1667 1692
242 1693
937 1694
459 1695
1277 1696
39 1697
1139 1698
1675 1699
467 1700
1681 1701
1591 1702
394 1703
650 1704
873 1705
863 1706
462 1707
1613 1708
847 1709
1531 1710
1103 1711
1538 1712
831 1713
1345 1714
29 1715
1066 1716
1075 1717
85 1718
338 1719
252 1720
210 1721
1016 1722
1035 1723
155 1724
69 1725
450 1726
310 1727
1715 1728
376 1729
1243 1730
1255 1731
1132 1732
1681 1733
453 1734
125 1735
1539 1736
756 1737
237 1738
1168 1739
817 1740
364 1741
1532 1742
1252 1743
418 1744
1310 1745
1444 1746
1074 1747
512 1748
293 1749
513 1750
420 1751
1610 1752
69 1753
681 1754
209 1755
738 1756
285 1757
1123 1758
1376 1759
221 1760
956 1761
1476 1762
999 1763
400 1764
1726 1765
228 1766
126 1767
1114 1768
946 1769
601 1770
1754 1771
1454 1772
1171 1773
576 1774
1160 1775
1769 1776
1214 1777
803 1778
1570 1779
144 1780
1490 1781
1556 1782
974 1783
913 1784
1737 1785
872 1786
106 1787
95 1788
318 1789
770 1790
1259 1791
489 1792
513 1793
1650 1794
1001 1795
644 1796
1146 1797
534 1798
844 1799
57 1800
724 1801
1590 1802
1437 1803
1086 1804
1317 1805
1528 1806
640 1807
831 1808
644 1809
1646 1810
1332 1811
655 1812
1633 1813
1485 1814
605 1815
256 1816
1634 1817
1258 1818
840 1819
1131 1820
771 1821
564 1822
1338 1823
1040 1824
43 1825
203 1826
1603 1827
879 1828
1377 1829
1300 1830
1358 1831
778 1832
930 1833
1325 1834
228 1835
1668 1836
1261 1837
159 1838
1528 1839
885 1840
906 1841
1697 1842
728 1843
911 1844
84 1845
1638 1846
1076 1847
1300 1848
606 1849
1819 1850
1671 1851
617 1852
220 1853
314 1854
1047 1855
970 1856
477 1857
1749 1858
754 1859
398 1860
1796 1861
1044 1862
1145 1863
554 1864
861 1865
1104 1866
153 1867
1385 1868
827 1869
453 1870
1763 1871
803 1872
1219 1873
511 1874
1801 1875
945 1876
720 1877
951 1878
587 1879
695 1880
1356 1881
720 1882
1629 1883
459 1884
1371 1885
1552 1886
1721 1887
1072 1888
32 1889
252 1890
657 1891
1120 1892
587 1893
1215 1894
763 1895
790 1896
1189 1897
1774 1898
1469 1899
739 1900
1781 1901
255 1902
59 1903
1513 1904
434 1905
1685 1906
452 1907
1759 1908
387 1909
306 1910
844 1911
507 1912
1382 1913
206 1914
982 1915
1623 1916
979 1917
225 1918
1040 1919
371 1920
1340 1921
948 1922
1300 1923
916 1924
180 1925
767 1926
988 1927
867 1928
958 1929
560 1930
1003 1931
1909 1932
670 1933
1644 1934
1488 1935
1406 1936
1619 1937
619 1938
345 1939
1401 1940
310 1941
1177 1942
638 1943
1628 1944
1858 1945
974 1946
730 1947
1138 1948
951 1949
1044 1950
379 1951
359 1952
1772 1953
1581 1954
887 1955
1268 1956
828 1957
217 1958
484 1959
966 1960
1336 1961
794 1962
859 1963
1282 1964
855 1965
1689 1966
567 1967
16 1968
498 1969
1954 1970
686 1971
15 1972
1890 1973
1264 1974
374 1975
1378 1976
1442 1977
233 1978
281 1979
1098 1980
728 1981
356 1982
670 1983
1220 1984
964 1985
421 1986
1925 1987
28 1988
52 1989
749 1990
213 1991
1648 1992
1728 1993
1754 1994
1703 1995
1957 1996
1823 1997
508 1998
1261 1999
281 2000
28
