1000
100
-94476.39 22166.91
-96260.96 17623.14
-97037.72 19675.34
-98266.88 20220.60
-98456.20 21315.42
-99514.16 54035.93
-99713.92 74399.26
-98583.90 81957.15
-98267.25 77522.10
-98159.95 80232.71
-97623.16 84433.26
-96756.35 64774.24
-96253.78 50743.74
-95672.81 32427.78
-95145.46 45550.78
-93233.24 47288.10
-92484.94 44409.16
-96061.00 85625.41
-90223.54 70943.25
-90519.49 74612.73
-86380.11 82769.80
-88375.77 91090.70
-86173.15 99254.60
-82342.68 93385.85
-82088.27 84200.56
-80908.72 57863.80
-79686.36 39869.22
-79227.34 50655.96
-77309.93 41353.87
-75434.77 42772.15
-77544.98 49412.54
-76068.42 49555.40
-77552.89 69985.72
-79162.54 85121.93
-77939.14 95930.60
-74480.48 97576.74
-71901.71 96636.87
-71215.11 94144.09
-74278.84 91598.70
-73425.37 60583.78
-67615.92 89696.03
-67873.45 56659.44
-65288.61 95177.02
-65811.58 77620.84
-64635.40 90658.94
-63504.10 91850.72
-60066.97 91599.54
-59880.01 97626.49
-59530.23 92993.94
-59512.13 75579.10
-55573.68 89575.64
-55586.51 86441.60
-54004.32 91683.34
-52460.79 92985.36
-53980.17 98341.17
-45815.73 90259.53
-44958.10 89976.08
-38759.84 98750.02
-37938.18 98703.49
-35803.51 95754.36
-30965.48 98186.15
-33381.48 95606.86
-39567.43 87727.16
-54801.11 67811.86
-50699.56 68156.80
-35858.59 90036.42
-41291.74 81933.64
-29019.25 94128.30
-32289.50 87616.66
-58107.95 59454.01
-65384.70 49534.20
-54577.44 60143.26
-65366.02 44361.58
-50946.96 61040.01
-42339.74 72403.22
-45711.97 66142.56
-56326.29 51349.19
-48487.30 59976.57
-44990.52 62671.81
-42788.41 66305.10
-43160.38 58872.74
-38817.36 72572.93
-37033.68 69997.80
-26709.38 79319.12
-22650.35 81768.27
-24244.78 94052.06
-16579.69 91124.48
-16366.66 86896.78
-21316.20 80087.95
-29197.43 71137.62
-51926.17 46334.78
-27128.41 65020.90
-23023.77 69724.73
-18586.02 77778.27
-6415.27 95320.69
-6395.39 83778.76
-6994.15 82607.60
-3739.71 85636.57
6035.59 93456.38
-8853.09 79949.13
16221.62 99225.38
3415.03 85326.37
-30528.34 49572.67
10427.13 87493.68
-24825.13 54540.89
15045.01 91501.71
16048.74 92247.28
4424.09 81024.69
19399.07 95068.40
-48408.22 25742.84
-50353.92 24761.06
-36215.00 40830.35
-27749.36 49188.35
-3752.20 72643.26
-60082.32 17816.13
-57713.58 21073.22
-18542.67 62810.60
-3523.01 82447.89
-25803.44 58198.47
-38934.68 43528.96
-14024.59 73697.28
-20230.18 66868.05
-20313.14 67278.07
-24582.59 64218.17
-36025.93 53772.01
-59707.83 37581.90
-50929.48 40827.33
-40651.25 44899.57
-53624.50 35791.82
-55528.87 34103.68
-50529.73 33631.89
-54043.83 29215.49
-52043.67 31123.94
-62718.07 16460.71
-65194.32 19711.45
-64958.05 31288.89
-71169.72 59985.48
-70519.03 53728.92
-65337.47 27228.67
-66460.03 21927.71
-65228.14 17087.07
-69458.49 29829.73
-70007.14 24017.65
-71897.01 16825.07
-72517.89 18345.66
-73456.43 21774.74
-71745.73 44448.31
-73348.01 40863.63
-73538.11 40848.38
-76813.23 4638.05
-77354.18 174.32
-77457.23 3421.41
-78048.54 898.71
-74694.27 35128.96
-74470.96 41257.40
-77431.60 19425.53
-78520.73 11005.35
-78386.17 3374.43
-81746.60 25242.15
-81268.83 22683.48
-82089.73 55490.45
-82788.05 63928.07
-83484.23 57439.49
-83538.77 39301.30
-83061.79 29596.90
-84590.79 21494.32
-81104.64 1413.56
-84178.44 2972.84
-81878.69 -4511.22
-81598.33 -324.83
-78575.80 -5996.93
-79295.84 -6926.72
-76057.81 -5555.45
-83958.40 -12895.48
-63896.40 -357.42
-33460.05 24247.60
-2324.57 50039.91
-37996.12 20960.48
-38940.08 21195.71
-30099.63 29623.98
-35812.43 25709.06
-39935.76 23833.57
-8928.61 45711.03
-10942.28 49583.87
-30579.37 34248.40
-60406.46 9702.62
-59762.48 11577.93
-40803.97 29770.31
-38296.62 31867.33
-25805.56 42598.70
-31085.12 41028.54
-29096.89 42185.72
-9187.17 51432.38
-16950.29 49981.57
-23540.91 49362.90
-14763.64 50978.05
-23354.47 49525.67
-20698.64 50481.36
-10549.62 51571.58
-6430.15 52493.82
-1995.12 56432.77
-7639.62 66139.97
-6606.80 65347.51
-1041.21 72446.67
1030.37 74630.00
2672.13 66272.58
5635.83 74765.31
5065.40 56267.97
9919.96 76007.91
7547.68 59360.49
16064.43 89652.16
16640.01 91226.55
30163.89 98213.37
35486.82 94557.50
27223.09 92729.51
16876.01 89518.03
16639.28 88159.36
23003.76 82320.69
27920.25 90179.15
30126.24 87697.81
36878.84 92196.23
48441.16 95328.52
36698.84 84228.01
25781.06 79362.37
19662.04 72222.71
9123.50 58951.30
-37718.90 19262.24
-83761.76 -19680.44
3920.92 53879.38
-56647.33 2896.39
-51196.53 7277.93
-75529.31 -14120.48
299.56 49260.30
-26341.83 27814.84
29244.66 74589.57
12734.14 59671.20
-503.41 48490.87
-21748.32 30285.53
-11591.99 38873.49
-8847.45 41182.26
9434.84 56456.33
-27946.03 24782.19
-77634.49 -19032.18
-63482.94 -9007.33
-66946.28 -13275.25
-67396.42 -14172.49
-58550.38 -6368.91
-43672.47 7813.22
-57988.32 -7434.22
-50686.67 -179.13
-58763.52 -11847.25
-50516.27 -5508.85
-40443.67 5083.27
-36430.63 8902.59
-42300.78 8538.65
-31343.43 16541.88
-28078.93 22293.07
-25918.47 24763.50
-9545.51 40181.10
-14567.07 33585.44
-26122.96 21397.62
-26683.95 18653.17
2519.23 47075.53
-13272.21 27217.28
-27374.14 14706.89
-30965.65 13481.18
-35935.14 6532.82
-40855.05 1673.02
-40188.00 1311.63
-48562.87 -7114.81
-51684.97 -9877.30
-50250.13 -9901.57
-50654.90 -11163.31
-10998.71 26708.90
-32440.33 5906.67
-37436.13 59.80
-28019.51 9342.52
-44074.75 -7432.23
-39156.83 -5028.50
-23321.16 10126.65
-23536.59 8503.17
-9585.56 23385.80
-5503.60 26915.00
-311.83 32893.42
11586.35 49930.80
8883.72 48143.36
-12781.86 22384.42
17524.72 59200.68
25575.79 68957.50
31258.93 77043.71
12086.47 46475.14
30491.75 73401.85
9997.67 39454.35
20866.57 48092.31
25286.91 52046.99
26910.59 56438.72
31512.50 65076.29
36687.15 62033.39
41937.12 76491.28
33722.54 70307.57
24464.13 61022.12
32503.43 73020.47
48207.14 87690.28
46656.62 77137.88
48692.75 81108.42
53006.10 91997.98
46754.14 75212.26
51589.55 81482.76
56610.35 87080.38
62815.54 89512.61
71105.54 98120.67
75511.75 98933.69
77730.54 98536.64
60586.51 83061.63
74317.30 91473.71
74218.32 90920.68
78742.93 92783.28
50012.31 71269.21
59922.00 77467.00
55371.74 72727.20
49034.23 68431.24
38952.39 61110.60
37142.58 59484.28
34124.81 55472.78
1046.91 27281.76
18828.17 44254.73
-12533.35 15575.98
-24555.64 5254.08
6109.91 29220.38
-11465.06 13165.66
5038.02 26910.69
-4220.46 17713.73
18540.06 38919.17
11626.48 33987.45
27439.14 47912.51
40962.72 59082.62
55021.32 69802.24
85281.11 97525.20
74966.22 85088.35
86923.38 96475.24
91982.61 98046.06
76637.19 85877.95
54924.71 68039.82
69760.37 78663.10
60906.40 71249.07
27645.12 41734.88
56450.60 65931.60
64329.61 71547.95
61446.48 70777.02
79475.66 85183.82
98415.66 99610.60
93564.82 94318.52
96601.36 87908.20
92371.78 90618.78
88475.41 83802.43
81248.05 84073.83
82133.98 79196.91
99707.32 81514.48
95819.85 80219.32
97480.92 79414.48
80557.24 76713.47
87657.65 76944.81
75629.33 74523.53
56704.02 62540.22
67174.18 65419.59
80922.35 73469.40
83110.59 75542.33
90582.96 75275.99
95267.81 77306.80
62050.29 62078.86
89998.37 74597.76
83767.56 71004.37
88309.45 72894.09
92007.75 74302.38
87298.45 71954.27
90677.57 71285.06
95144.05 69412.72
86172.24 64239.56
59842.76 60492.11
38898.04 46132.77
41645.54 47407.64
37957.30 44823.53
44479.49 48073.00
56876.14 55577.50
42975.12 45402.10
51460.23 47385.10
63987.77 51068.73
68295.51 52932.60
77768.99 59972.47
81409.28 60847.75
93074.97 62288.24
95697.70 61944.50
90938.73 60023.14
92720.80 59065.78
66818.42 50202.73
56294.86 47957.50
39087.76 41267.06
26741.54 34735.22
10992.08 28707.43
24546.89 33512.85
50994.00 42743.35
9169.88 25479.35
22134.92 29252.33
36765.27 35464.55
58744.22 44117.16
48414.67 39173.97
20859.92 28254.62
12593.68 25094.19
-9075.13 12832.55
-2777.56 16042.84
-9659.81 11311.35
24594.16 27668.11
-6565.66 10243.84
2456.89 14586.78
31320.05 29215.78
47608.45 37084.81
15773.41 20541.31
10284.42 17823.87
12566.80 14991.53
26788.25 14733.21
40574.78 17300.05
55346.57 19742.75
27170.03 20047.88
24244.13 21923.48
29020.64 20923.54
33727.64 21507.63
35935.93 22737.07
30977.39 25469.92
44172.03 25319.42
36993.37 26751.73
53806.64 24519.97
43611.45 32958.68
47470.87 30957.33
44131.88 33763.67
56418.87 36892.10
61385.11 33735.02
57949.92 32184.21
69957.71 34319.05
79802.57 39685.75
70491.74 39088.03
64682.60 38922.52
70548.18 41536.25
83330.72 46812.78
80317.38 47019.29
85235.66 51740.65
88317.36 54539.09
97177.62 49525.82
76102.49 42450.69
99698.21 50098.53
82586.76 42215.05
85487.11 40701.02
83207.40 40251.27
85639.33 39689.83
97213.76 35289.03
94451.68 35254.76
95074.91 30245.93
93077.33 28778.20
84357.94 38769.39
80972.34 33354.48
79667.53 32019.05
94206.92 26181.06
68125.20 30775.29
79144.38 25871.19
74676.08 24209.68
88420.93 23822.33
92902.30 25357.60
99156.24 18401.00
96300.55 18309.67
80956.46 17272.27
77004.53 20012.81
68950.04 15399.60
74924.13 20128.97
69271.94 20262.95
68355.87 22738.02
64045.48 27497.02
59730.38 23269.66
61263.85 17253.56
56860.09 13723.26
73392.24 11367.18
83057.35 13364.42
93768.28 7060.38
55783.58 13133.34
35819.23 12702.90
99143.64 3841.61
70149.17 6331.91
34276.65 11110.20
58362.89 7291.97
25941.02 10148.30
20830.42 10595.93
83512.78 4867.02
76242.97 4860.16
97738.47 2022.12
84215.11 1732.68
52917.93 4525.11
67130.25 3086.69
98889.00 -445.97
96818.47 -2951.60
96174.04 -1478.18
86714.05 -9.52
82424.32 585.65
96535.22 -7254.98
92711.41 -6829.69
48025.29 3323.60
75882.00 -4507.12
10921.13 12842.54
57338.55 -177.70
83590.13 -8196.39
90125.02 -10255.10
63780.70 -7716.06
64746.76 -8406.67
35616.31 5046.47
34067.41 4386.89
37414.09 3168.68
74296.39 -15979.34
66207.60 -14111.40
64153.47 -13722.38
51028.64 -7583.20
58026.93 -16588.60
62941.40 -22801.63
53174.21 -24381.47
47163.74 -22703.81
46373.06 -22174.72
42419.87 -10531.88
38722.01 -10560.60
38890.88 -5555.71
29149.17 2212.68
20174.71 5692.51
13679.57 6632.30
9074.74 5486.00
250.07 3813.35
-10942.87 1358.56
-1116.03 5145.28
-13670.18 5018.06
-23129.93 708.34
-26224.55 -4129.59
-16437.55 -3895.53
-24412.85 -6735.72
-8498.32 -3179.52
4394.84 423.50
-2422.15 -2547.97
171.82 -1081.62
-11664.75 -6362.26
-26932.43 -13367.26
-36579.29 -17125.84
-9677.59 -8698.51
-10271.30 -8224.32
-7121.43 -7024.00
-3156.51 -8726.59
5270.20 -3422.24
9701.86 69.58
12227.94 2055.03
3455.75 -5575.68
7619.21 -5065.32
6254.12 -6977.63
-3915.86 -11312.98
-25100.37 -16073.92
-30643.67 -16667.45
-13333.98 -16603.26
-18157.86 -19866.29
2366.99 -13231.73
13266.56 -10456.86
-10421.11 -20010.22
7859.53 -27487.22
10307.52 -25327.54
2975.59 -21216.94
-7937.39 -19849.56
9979.16 -19139.56
16114.43 -19056.74
17792.99 -11032.86
17857.40 -1398.17
20194.39 -2588.31
22229.24 -22856.32
25416.14 -29468.36
26109.90 -31092.74
23918.76 -8535.03
27785.08 -31355.33
27410.37 -19136.02
29629.67 -25400.92
32070.73 -29924.39
35131.42 -32112.67
34357.44 -29619.75
35842.34 -26574.55
35588.23 -25394.28
37218.92 -23077.02
26352.02 -12436.38
24513.22 -6027.68
27432.28 -7456.88
33439.57 -16849.75
36529.81 -20347.21
40234.84 -28565.88
49331.20 -31851.58
65244.20 -30561.53
53466.25 -30682.34
84005.48 -28767.90
55789.81 -29259.81
70266.73 -27528.66
80490.00 -26838.28
96019.97 -25887.46
72570.04 -36512.86
93404.78 -27749.07
90581.67 -32662.23
72291.17 -37064.58
65239.91 -37199.69
50134.21 -34224.22
71955.13 -40124.26
82786.39 -44316.22
85292.92 -45504.27
86312.76 -46964.42
93161.90 -50323.77
88463.35 -46526.25
90643.05 -41483.20
92889.06 -42651.10
97772.15 -43760.08
96742.56 -51251.42
98597.58 -52446.68
78736.22 -52579.56
93730.30 -55012.78
72842.35 -52572.24
90126.00 -56390.20
74192.22 -54034.24
58594.54 -51874.11
63303.15 -50100.68
77310.22 -47591.15
53008.02 -48175.02
55591.39 -47875.33
53273.91 -47600.69
45302.14 -45655.00
26723.92 -43242.97
39785.97 -47465.76
15437.54 -42912.46
33220.97 -47618.47
-13751.30 -39652.01
-9234.69 -40985.94
-22462.93 -40178.06
-60991.87 -34599.29
16300.72 -41569.23
20810.84 -41757.25
-6241.70 -28978.20
34601.09 -40959.57
47969.25 -44530.99
40507.91 -39882.07
35586.41 -40096.50
-17416.41 -23518.23
-16982.09 -23824.35
-15313.45 -26102.78
-12184.15 -28087.55
-37670.71 -19743.71
-34042.04 -21513.47
-43255.44 -18704.85
-45629.09 -21463.22
-56377.51 -21099.62
-45050.30 -22481.68
-42347.53 -22756.45
-29726.79 -28289.49
-40717.67 -23223.12
-20464.57 -28502.78
-6353.69 -35634.02
-36365.28 -26534.42
-33083.14 -28303.07
-32301.68 -28659.14
-14669.73 -34798.57
-46488.47 -26504.70
-62401.37 -22872.95
-37528.94 -31860.44
-62586.03 -26673.73
-49364.10 -29045.38
-73759.42 -22675.25
-80078.37 -26274.62
-82973.76 -26883.07
-62720.51 -32411.07
-11359.77 -38822.88
-42957.27 -35457.02
-58897.21 -34161.43
-80904.13 -31722.69
-68475.60 -36071.51
-52506.48 -47707.13
-24761.02 -61619.30
-24869.91 -56497.05
-50797.39 -46985.95
-54435.26 -42398.51
-50097.53 -46000.58
-29210.06 -54037.40
-18078.70 -58039.75
-50691.83 -41561.81
-39764.17 -40032.63
-49459.20 -41992.71
-49488.17 -42031.66
-31296.76 -49841.41
-32669.33 -48430.64
-39726.46 -41621.99
-25378.26 -52129.07
-31712.92 -40711.72
-26662.28 -44328.08
-20981.07 -46994.05
-20418.67 -49006.53
-12750.89 -49215.80
-1567.88 -48684.74
17039.92 -46723.21
1830.99 -52008.22
-12973.52 -52691.07
-14604.95 -54863.47
-2479.52 -54113.81
-8739.20 -56646.73
-10745.92 -58336.48
-5360.87 -57421.09
-3398.42 -60286.81
736.21 -60800.46
8390.02 -59887.28
39497.21 -59488.62
40724.99 -59224.31
38336.04 -57267.93
20713.99 -57039.57
11909.67 -54478.95
18981.14 -50530.52
27554.13 -47781.22
32351.72 -51742.28
30923.66 -55311.65
33374.90 -55627.06
46646.66 -51956.85
48429.35 -54102.19
53035.62 -54428.12
49359.73 -57234.55
55805.89 -54256.98
61685.26 -54559.05
73762.43 -55594.77
84594.06 -56016.02
72535.39 -57755.71
60087.53 -59632.76
91314.59 -59064.58
72634.08 -61810.09
63082.00 -61494.91
50730.50 -61719.66
35650.55 -61884.98
47702.98 -62814.98
51534.94 -63271.48
73343.24 -63057.20
87910.63 -63444.85
98363.37 -65908.60
88117.07 -65593.37
67880.34 -64819.29
50057.07 -63240.07
48358.82 -63236.24
74420.70 -69573.09
42137.57 -64885.84
20242.79 -63879.74
94534.51 -74446.14
64570.43 -66356.52
78941.35 -69863.39
97809.86 -74943.64
84042.01 -73468.35
10854.71 -62826.46
4093.84 -62931.86
7691.28 -63442.73
47644.91 -68859.91
96087.24 -76035.82
94067.60 -77098.66
80309.05 -74042.92
51750.03 -70689.54
83690.24 -78973.88
76797.00 -75274.65
87019.81 -77002.44
99635.17 -85604.16
74053.84 -79665.98
84959.68 -81577.83
33274.65 -69181.25
37504.79 -70379.77
25254.88 -67909.21
23275.72 -67291.58
-2554.25 -62286.63
4191.77 -64663.06
9225.27 -66132.22
24449.80 -71671.83
-3205.54 -64994.84
552.73 -67771.99
-18084.38 -65915.41
-7689.25 -72046.37
-17062.99 -66875.27
-8497.81 -72229.40
-2085.46 -75573.64
5598.94 -73256.42
18586.67 -74798.63
27043.84 -74051.65
51286.58 -75649.68
52835.03 -76410.55
48699.94 -76580.93
40343.22 -78122.61
20363.40 -78868.28
23816.69 -81482.74
8350.85 -77657.48
20200.98 -83811.96
1378.02 -78839.70
16799.24 -84582.13
21856.27 -85178.13
32754.18 -83489.97
34135.87 -83911.06
62995.27 -86294.16
84251.00 -88254.68
59475.17 -85452.90
52022.65 -79798.40
56379.12 -80753.42
62305.12 -79538.80
66068.03 -80506.28
66069.55 -78878.07
66251.36 -78397.40
82376.14 -86802.97
90787.43 -84163.14
90967.82 -85072.46
98590.93 -88495.55
98757.65 -94906.70
96939.25 -97241.37
88545.77 -89473.74
86813.93 -90127.37
70191.27 -90537.28
70247.87 -90133.36
81220.72 -89859.75
63868.01 -89552.42
62287.32 -89632.91
83420.11 -94619.88
66157.69 -94844.60
59329.03 -93443.43
55517.16 -92442.03
56946.76 -94411.55
50133.98 -94397.25
84086.97 -97134.84
82444.94 -97320.12
78324.44 -97733.78
88148.68 -98989.85
61074.55 -97022.42
55007.00 -96031.09
42700.40 -93550.42
51058.34 -97502.44
41665.45 -94536.13
35553.94 -92496.87
48886.52 -99029.84
36143.24 -94985.56
29906.61 -91954.07
17643.36 -88034.19
22446.29 -91432.19
23132.80 -92098.01
8763.69 -85331.34
-51664.59 -49343.03
-67195.76 -41317.82
-76026.74 -37067.59
7652.49 -84864.85
-50082.71 -52291.42
-53294.23 -50695.66
-62417.67 -45445.67
-76600.69 -37337.27
-41258.17 -57870.44
-23280.10 -68264.58
-17102.73 -71711.34
11825.96 -88159.56
-51482.90 -53487.24
-63987.91 -46935.66
-67339.35 -46717.81
-3850.75 -79996.80
-44415.07 -59205.77
-18628.84 -73081.23
-58216.90 -52746.26
3048.11 -86116.22
16622.38 -93729.42
-875.97 -84268.29
-30233.20 -68304.13
-46327.58 -60099.80
-60343.63 -52470.33
-78384.57 -43424.16
1303.36 -86394.62
-43812.31 -62407.80
-78283.60 -43791.64
-72618.60 -48931.15
-68355.91 -52182.43
-46123.37 -61388.38
-52858.51 -60388.75
-34957.31 -68792.60
-24512.74 -74861.09
-21809.94 -77102.64
-65038.93 -56726.28
-10370.61 -85219.73
3805.82 -93103.69
10820.94 -99994.10
-1987.09 -95457.40
-5689.14 -93793.36
-4361.12 -96814.28
-22730.14 -79971.93
-21559.86 -82980.66
-9896.07 -94247.01
-20295.31 -85365.74
-10307.47 -95373.59
-23978.88 -83390.75
-32477.77 -75858.67
-36663.77 -74425.72
-18834.38 -90424.87
-11033.43 -99084.33
-18691.40 -96433.64
-28075.72 -95911.42
-40433.76 -87069.53
-30296.98 -92719.06
-52096.57 -79121.53
-39041.51 -85595.82
-25282.09 -89176.87
-37226.34 -81921.49
-37802.06 -78954.74
-54871.34 -64060.44
-60390.71 -69065.16
-59457.65 -71605.91
-58331.84 -75309.03
-43171.92 -88925.93
-38388.04 -94677.62
-39372.72 -94898.25
-48674.89 -85797.22
-61529.79 -76777.09
-44990.73 -90881.92
-58773.63 -90418.81
-56585.07 -86586.35
-58305.18 -85434.77
-60998.86 -90338.76
-45218.63 -97598.71
-44389.35 -98222.27
-62039.72 -97872.59
-62474.53 -83970.91
-65312.96 -87170.01
-66245.04 -77232.81
-69111.71 -74938.68
-69735.09 -71355.59
-70037.70 -68059.97
-63731.08 -69279.38
-65084.41 -65284.37
-69143.47 -57840.57
-70706.02 -60793.71
-72779.30 -62939.78
-73179.83 -61717.45
-78731.22 -52878.87
-71150.69 -73770.66
-66687.22 -92755.76
-66387.96 -95327.99
-70496.86 -82121.36
-77721.52 -60042.20
-70643.55 -90698.75
-74672.86 -80319.06
-75546.46 -76867.88
-73941.14 -92133.06
-76078.36 -91933.61
-78695.62 -96376.27
-79499.05 -76380.92
-80469.24 -69324.35
-79780.91 -80684.34
-83448.01 -45370.53
-84389.12 -39008.15
-85505.76 -18809.08
-85888.39 -28887.06
-86824.01 -35119.45
-86019.61 -64104.45
-83059.83 -73183.28
-85169.83 -74320.25
-84563.34 -85938.29
-85348.14 -72744.49
-86859.51 -89368.47
-86538.62 -82599.12
-87717.47 -77674.59
-87399.30 -54857.66
-86676.57 -20318.66
-88542.05 -56675.06
-86611.18 -7691.68
-86443.30 -4223.75
-86273.44 28824.85
-87090.87 15549.85
-87481.82 15083.22
-89645.61 -1635.31
-90241.60 -44535.53
-91049.05 -20985.19
-89880.44 -82313.77
-90390.12 -75836.09
-91298.40 -96394.19
-94848.96 -99538.52
-94847.69 -96225.91
-96876.58 -93136.48
-92917.48 -33147.84
-95682.85 -63048.39
-97465.76 -75648.88
-98841.69 -69293.41
-99494.62 -59185.65
-95675.13 -39624.18
-95395.90 -55003.15
-93095.66 -28545.12
-92192.05 -4025.70
-87131.72 46967.69
-91412.03 5458.01
-93263.82 -5785.97
-92713.30 1334.73
-89631.92 26998.72
-94749.69 -8132.79
-95883.96 -17218.44
-99999.95 -44617.92
-96218.01 -4831.13
-92026.62 23026.40
-87349.17 52140.89
-85922.20 61509.69
-95053.97 9848.35
-89711.40 43884.06
-88380.78 52332.41
76335.20 82951.92 -45613.71 36911.57
1399.98 7323.26 -34935.61 -44202.00
-77218.12 76234.32 59836.47 -91193.22
-36891.79 -95917.79 50290.55 -52795.61
73431.75 35154.58 -84765.46 -63872.42
87164.16 68850.50 83214.35 53295.75
-64885.54 -8974.79 -32060.93 98223.15
79624.13 388.16 -65195.56 76970.77
-49810.72 13407.61 -52902.16 46430.92
-25364.31 -28517.90 60809.88 -60618.21
-87940.35 -92868.45 2424.61 5255.43
89651.71 -93789.54 51528.26 -94407.88
44309.76 33316.75 -4170.50 72516.94
51879.08 70232.12 -76235.29 -8396.83
-87322.69 51103.92 -12281.91 156.61
73324.61 -71082.57 -7868.29 -74963.62
86349.15 -30914.81 -91797.22 34012.99
656.55 43290.52 41449.64 65683.91
-59463.59 88490.67 -31408.70 -84055.58
-12659.15 -1522.60 77114.52 44557.48
-86567.76 -10446.98 8768.53 74352.93
87458.09 15849.18 27789.59 75210.28
9747.31 -9380.60 20429.28 -72611.03
-98981.34 -29875.27 3879.69 89622.69
7104.78 64813.16 -31431.92 16820.48
18101.04 -67843.11 90224.62 73669.48
-50136.37 -17007.11 -49268.88 -97075.77
-38701.98 23600.83 -50511.65 36999.37
51843.49 70476.51 59701.34 71358.75
32892.70 -92573.16 -99074.46 -48556.16
-56803.83 -7205.15 -82680.38 98309.51
-6559.35 -41116.90 -95467.94 -46419.75
19119.33 32510.31 62680.69 30766.48
-35476.96 57755.11 -35579.45 48758.86
-91569.01 58154.55 67422.46 -73296.16
67626.66 15666.03 1351.83 -60048.94
30302.40 -50247.29 44528.14 56630.04
-14376.47 -22046.17 27652.37 -63686.73
-28974.58 -75184.71 -83819.92 -75765.19
37294.58 85889.72 -99705.71 -18463.56
17612.03 -34648.51 45179.92 -19467.96
-98600.00 -71801.81 43407.11 26312.22
67885.07 -85894.55 -14700.29 -98514.88
77238.42 -9495.49 48472.68 36917.98
90422.04 -58329.48 -11318.64 -23271.53
29980.04 -1062.63 -54628.41 -88126.09
53663.09 -13815.60 93621.20 -10301.94
-10507.51 -44693.02 -22107.87 -91071.10
35115.44 -83120.41 -98518.65 56603.28
44774.02 33279.42 -49535.31 33372.37
-23347.78 -18042.02 55774.18 -30219.48
20423.82 -83770.88 -50775.92 -72707.90
2488.50 -76055.03 60310.05 -60611.73
-56966.15 -93080.09 54286.31 -48630.22
-18567.61 -80947.90 26318.31 86280.13
10774.09 42041.55 -92443.63 34512.99
-92555.53 -88742.94 -19338.86 -83852.45
-7252.57 72092.18 -60746.25 -83293.95
72647.85 52303.08 87738.27 74390.06
-37851.15 -17827.68 41581.58 -43544.73
74943.77 28607.42 47553.51 -85149.22
-33306.75 -68884.99 -94412.23 24396.77
81352.45 -98600.20 -88507.79 36131.73
54709.59 99613.18 31651.71 6837.61
-30769.53 70203.84 -18443.14 909.64
59230.79 -50638.94 -79949.10 -62508.53
-31539.13 -67253.48 -26048.10 51510.68
25583.76 -29061.04 22658.78 -87279.86
98380.17 -38336.75 48537.00 -59630.78
54174.74 -51982.87 -75526.89 -97059.84
-77579.21 -89839.20 64527.69 -52911.04
-61809.34 94009.65 -80192.00 -34588.44
-62811.47 99157.05 34237.83 36346.02
-1011.92 -33504.07 -87900.28 -86666.28
-98719.52 91718.85 36017.34 -28511.84
-7063.33 60996.83 10588.26 65157.46
-12808.96 -52203.76 -24825.02 -72309.32
-6006.42 -90679.00 97699.76 -18241.52
56147.22 -88022.94 13270.71 7873.44
-10088.92 9558.26 58815.88 28884.57
14811.02 71725.31 -56084.63 61728.85
-85736.58 29855.46 -50597.60 75698.45
-32340.47 32061.01 -78396.90 -67129.16
85954.61 -8760.47 85736.24 -56674.07
-46447.25 25391.43 82074.81 -65143.19
39179.99 -243.25 -89249.11 95901.69
-79816.94 61723.15 55708.12 -76261.34
-96017.70 13770.44 45202.16 22469.41
-15904.18 -17889.20 -57487.71 38021.17
72952.17 -55784.90 -64429.58 76440.70
-6030.43 -69643.29 42001.98 11247.36
-22785.88 -32201.65 -42049.85 88009.92
6177.62 90656.62 8858.30 -50131.30
-25610.90 -80379.53 -63112.65 44559.60
53787.37 36800.89 71893.42 50028.13
8984.58 -82115.47 32652.29 97530.34
-48065.38 20799.45 -12732.02 42183.01
-74436.45 14007.46 -34875.57 75502.34
90535.85 -13612.17 -41135.38 -4567.02
-96560.18 -28024.67 83929.17 -29040.90
-29581.19 -92844.15 79617.76 -36331.53
82281.03 83054.01 -54515.87 -46290.71
95652.24 12857.84 -2008.43 80733.51
310.09 -53090.56 -28557.42 822.73
22382.51 -60112.62 -26522.94 -6258.60
-10027.92 -94317.87 50000.40 -34857.72
-73781.85 26360.20 86707.68 -39116.70
92673.02 -22022.22 -2967.91 -95154.63
-6884.00 -55201.35 60345.00 69384.59
32004.14 89358.57 37298.10 -80546.10
49214.29 36280.27 -45741.59 -90149.15
-65.96 91986.12 -89687.36 37902.77
-23558.45 20436.23 48217.92 80925.32
-67101.02 47873.93 68254.13 -41407.54
64328.20 69514.50 -25658.56 -69372.89
-87135.38 4829.03 11653.72 -60263.83
-71774.98 -19977.42 -36917.19 76384.40
6374.11 -48239.23 -46965.79 73377.31
-35015.26 -41796.20 -29139.27 -27856.07
83703.24 43193.93 -18334.52 14485.91
-20880.18 -53372.35 63075.91 -51626.36
52404.61 -58496.10 96250.33 97967.96
95480.40 10656.88 58141.43 -19533.14
-17420.98 94661.18 -29412.54 -69642.68
36905.14 -50833.21 -48118.67 74790.80
63806.08 45497.11 73079.23 17466.64
-87941.66 4468.28 -19682.75 -81655.50
88199.45 82476.86 93278.69 80741.15
-83948.29 -81869.11 90237.32 72897.82
-67928.21 50737.16 23824.07 -72345.96
20929.89 -36860.62 -35086.17 -96388.67
-20150.99 8572.33 99384.10 -55795.29
98665.71 -74433.16 -77254.86 -5777.54
-15939.05 2318.59 -55833.75 4267.35
49566.06 -27321.16 3734.44 -15943.00
-95408.54 35085.43 55893.33 60563.46
12183.56 -2652.73 94603.89 -88262.93
-9070.96 83746.83 31492.08 -58809.17
3544.55 71898.39 59939.03 19463.33
8796.37 80825.16 63524.02 859.97
-34197.39 -39154.26 3707.31 13100.70
15251.07 49114.21 -76218.67 62171.54
72740.88 -60023.30 95074.89 -88788.75
-60593.88 66224.11 95943.61 76741.22
-75017.18 58712.76 84135.62 -7684.61
-24415.64 92198.02 -49088.54 88322.97
2703.95 83533.72 82254.77 -36177.41
51587.07 -209.41 49740.72 5835.24
77436.49 36090.65 -81877.37 82161.01
-11245.26 88700.05 56810.89 -56562.75
74512.55 -212.12 57709.43 -94112.40
-68162.50 -18994.32 -33134.77 -31780.53
20322.52 68752.24 -83998.55 -12178.30
45634.28 84472.65 -54416.17 -3500.48
-46401.00 59825.75 -72644.58 -22190.11
-7687.44 16290.59 21359.35 57630.09
47231.02 47372.29 -94461.17 78566.88
57165.62 77837.81 -57854.89 -75625.73
-1290.59 -46341.08 60757.26 1449.08
-75259.27 -41012.03 83379.93 -73801.43
71166.07 45484.79 -44380.55 -79531.75
87487.87 -11421.64 80065.80 3576.44
94061.55 91421.37 43037.68 -61460.99
-74437.66 18746.59 55595.30 71015.50
28353.75 -43763.10 38991.08 -89907.39
-31183.41 12797.65 -80091.38 -76082.27
-27774.73 91541.48 80551.42 -7637.21
93914.87 -73148.79 -19716.22 55605.66
59945.01 -4293.10 38390.75 -68638.07
-44345.59 86205.47 -96566.57 40443.04
9800.65 -63488.34 70115.45 -84216.37
-36470.59 -27460.99 -45282.37 45202.47
62809.81 60749.23 39460.28 -63129.09
28183.44 13106.02 -15080.13 25982.28
-7522.53 -7083.24 -5429.76 -26030.48
-44013.43 -96820.76 -61920.48 -64536.77
-74149.89 47658.66 -31498.14 -53010.06
279.58 96644.42 -96641.82 98479.27
71071.76 66613.06 -12704.53 28823.71
56563.78 4062.96 -17874.75 -17028.08
-59683.77 9469.60 -40186.13 43918.68
18654.03 92187.35 50204.09 -22464.58
-56751.20 56882.45 -42283.63 44763.02
27591.30 -30753.18 -55584.60 -58956.82
-93936.06 -88230.78 -747.63 42852.57
13929.56 33280.79 -43130.18 58589.55
90843.25 -62170.35 -66009.88 -73045.06
-90790.72 -14353.43 -70418.34 -90323.13
38840.67 84044.36 99622.59 -11278.23
42664.63 4215.57 -85201.82 -98707.88
80152.33 9226.78 29245.14 2260.46
2625.41 27658.26 92726.05 -52534.43
-73119.97 -57716.63 74942.88 90491.61
40880.10 861.56 59953.95 76806.63
94775.88 -44552.49 -17476.23 -39822.57
58469.32 10231.79 27555.35 53384.17
38846.01 -7943.48 74011.87 -43891.70
71447.53 -38381.86 92765.60 -20575.29
-29213.67 84128.63 -58747.79 67278.81
95639.16 61259.82 23258.39 27281.88
-85297.79 -69295.87 -40750.37 -38334.23
87802.19 -22377.85 19874.42 14542.44
3959.71 -29053.40 12428.22 -35040.79
13174.43 -88425.56 7857.92 79264.59
-62619.35 -88254.11 -3886.25 -52876.58
-95830.52 50577.74 67872.84 -22849.57
-77021.92 20281.49 -25649.43 7061.08
-66738.61 95043.46 52530.77 93455.24
-38012.71 36819.76 -24874.52 -30483.48
-37442.11 18255.00 52365.05 68680.66
66922.29 36172.88 83551.28 -13429.84
29562.81 -15851.38 21465.50 39085.77
-69352.70 -60489.14 3480.24 97271.62
42957.17 53352.23 67077.07 6785.07
45212.80 -30584.54 -53129.17 43099.24
-5519.12 42201.92 63045.06 14505.15
-95398.21 35679.41 -22329.22 -57678.94
-30048.67 -40030.11 -35800.87 71327.83
-29332.21 99419.41 9453.00 -3668.58
-88043.78 1502.13 46621.69 61462.16
84794.59 30072.85 21103.26 94686.17
20383.41 -6340.86 -17318.88 -98621.99
6878.20 72340.83 -3846.62 92738.11
-17113.51 29372.79 -71129.70 2304.12
45637.07 50460.79 -84280.61 -74660.19
96544.83 69041.98 -94533.81 -17080.84
-25824.24 -49086.76 -29083.79 40280.04
-11136.07 -1804.49 20214.95 46166.56
89145.95 37957.46 -76230.62 -99916.95
18856.18 -38033.84 37003.29 7540.34
50930.17 -42336.70 7108.54 99602.26
85123.73 18539.58 -21499.82 -48284.59
78461.83 -45166.93 -74511.11 -42094.01
-15122.58 -49947.51 55707.45 84575.00
-32115.42 89381.12 -78898.23 62207.85
-67393.65 -91235.91 -13139.56 82718.17
-29955.92 17341.46 -42782.83 92156.25
-52522.04 4319.63 -56586.35 -80276.45
-73103.64 -69134.59 23504.44 -63965.14
-48400.10 46265.41 5577.53 85578.44
43941.30 -30827.01 52692.56 89407.42
74037.65 48547.55 -61318.91 -79375.06
-32194.40 61566.84 -70010.08 58754.45
-22334.70 -83093.66 83092.56 -36906.89
24785.91 74689.11 11670.37 39604.94
91760.14 -59735.02 -17506.87 23595.87
-47277.44 -6085.65 61714.92 29626.13
-48665.27 63188.23 46707.00 -96875.26
-27924.38 26840.41 -83579.51 75500.05
-14827.75 55793.78 81074.08 17655.40
-49466.51 25141.79 -85900.59 -92429.09
39441.54 41919.45 40166.86 -12000.42
-28722.90 89222.36 5701.64 -424.80
39051.92 57895.28 38692.67 28598.05
72466.29 3281.62 -9868.63 38683.03
38540.42 11037.51 38749.24 -86727.13
8707.23 92490.47 -92514.17 24772.73
58925.74 -75092.46 -52884.23 -75081.93
-85366.31 -52904.80 -47715.75 -55820.87
-33353.39 76830.17 26468.11 97571.28
-34810.04 60962.74 -99952.56 -8138.34
-10757.44 -4575.97 55217.70 99370.24
86813.28 80127.30 -50040.65 -30472.18
-68738.27 -34241.02 -90203.80 -59579.24
95093.38 -53096.47 -69434.73 46512.03
8959.56 48560.35 -27974.50 -16737.93
92510.44 -5309.93 -58362.35 78893.37
74976.06 -92875.12 -7312.05 -47139.60
-48327.17 18744.95 60554.22 -38286.41
-73612.39 -83401.84 9710.92 -74049.34
40059.90 18857.66 -8846.19 89076.28
50697.27 2292.30 -18256.84 -14280.59
-44637.45 -6286.50 4307.19 30022.36
9572.65 22429.82 23399.90 62849.60
91951.34 -29992.24 33904.86 2988.37
-39005.12 38330.86 -43234.67 37072.78
66955.17 -51947.32 21172.87 -45444.64
-9143.65 -20374.44 78781.41 86731.60
91716.22 -87712.61 26628.08 75917.06
-41265.38 45882.37 -69425.10 -54776.94
-38414.00 71115.25 -41014.19 33043.54
-28027.82 -89256.78 39086.73 97318.36
81336.09 2067.59 97660.15 -54661.84
-81472.50 -54411.36 44934.56 -7759.69
21452.71 23114.42 58169.72 -13988.84
-21509.82 55853.03 -65868.34 54873.27
54322.98 600.60 -67934.78 -21770.23
4175.65 56873.69 53018.18 -37588.50
29638.54 1639.75 56897.34 -62444.58
-66028.23 -52129.72 1411.59 -439.33
-33913.46 22715.23 4931.49 -999.89
64603.43 -5813.77 -81844.49 87796.11
-84197.37 7304.83 51624.36 54225.92
7611.84 43885.11 33567.96 -80834.77
-9559.10 -66748.25 -93400.68 58172.63
-95230.83 -19029.57 17717.73 -92994.39
1204.93 -93265.58 96424.05 93373.54
60627.79 15895.55 -13958.04 -45349.96
1899.71 20444.20 62749.97 97785.28
-22974.95 7546.40 -64125.88 -35209.30
-16550.61 33724.15 -93316.82 -7262.56
-25581.15 69407.12 54801.26 88345.85
-27036.96 53968.81 -61315.04 -12667.41
-16595.28 -59997.49 27368.02 86895.67
23354.61 95931.88 46929.66 -19910.76
-89777.50 -32671.98 -3487.03 -82736.99
-32758.65 -43095.73 -77590.35 -39997.14
11556.39 -26997.86 -36585.20 -13435.21
-38231.77 -22835.28 23874.69 80.68
78336.34 58502.67 -89927.84 -2507.79
-83860.41 60400.01 -51399.05 81708.32
-92360.93 42627.31 25324.90 -52844.34
-75391.06 -17243.89 -66354.52 -71587.99
-40701.71 -37208.72 61807.88 28530.21
68334.91 43453.10 -46001.96 -88427.82
72405.38 -5248.49 64389.87 -15944.27
-66822.70 -43554.76 -2339.06 86509.16
86898.14 48678.83 10004.08 25219.43
-88909.16 25648.59 -30834.03 -91789.65
-87027.53 69611.55 -52874.19 73603.19
1214.40 39950.77 -18215.03 -99199.25
-33328.51 -47364.59 81130.38 59915.06
-67010.57 -39736.81 -84419.71 9798.71
36471.87 -88245.92 -38764.65 77930.73
-44772.54 -81764.06 -7636.62 -25210.51
-54716.18 -1808.60 92538.19 28133.63
91139.42 98832.96 -13648.33 -52569.63
-74235.40 51795.39 -43253.05 -94291.20
-58467.58 -63130.62 89507.56 25986.68
99420.99 -20428.48 -45142.37 55809.12
-6245.17 70520.22 -54750.25 29174.01
-30317.65 -77684.34 80907.67 73265.23
78832.16 75655.43 -95821.83 -21140.15
82217.72 48103.16 -33084.82 4717.56
-38601.58 33173.12 -20684.92 -48099.15
7767.31 -69775.57 98960.13 90268.38
-1872.44 61225.99 84642.09 13414.65
84763.10 4880.98 71766.79 -18052.97
-54159.99 -65166.71 -32327.72 -73441.25
27956.14 83284.24 26879.40 -6864.65
-47040.55 -79105.01 -13018.26 -49856.86
70705.26 -77073.76 95107.69 61603.21
-38585.46 -87304.92 -52857.01 -22706.38
2997.22 25993.39 68822.76 73025.87
-78947.92 -27086.64 -11208.74 -86643.85
2519.43 -77977.05 6654.72 84211.68
-33702.86 62050.93 72625.18 -67084.58
-20440.24 -95261.12 74851.30 -90449.12
-66520.70 32451.64 -6253.43 70003.48
-38003.44 -72376.96 -48258.88 58541.07
-15815.11 19046.87 -52909.29 -10337.29
47968.75 49653.85 11287.41 35119.25
43767.75 -42201.17 -26084.25 -85526.18
-3073.93 24310.70 -45243.93 -65753.52
46632.87 96653.44 -44454.04 19749.35
87347.47 66772.44 43677.48 -96223.65
74668.95 65091.60 78713.57 45043.24
32182.16 36563.88 81584.31 16491.04
11101.26 -70579.05 -470.11 -13637.07
-12343.89 -66335.31 -92034.96 -67798.13
11567.78 -52032.64 -86244.82 40210.90
-96428.54 -17094.77 -68018.19 6081.60
-42522.44 -82465.07 -68128.77 -64860.05
30637.82 -94348.30 -48017.39 -7355.34
99139.15 32722.14 44053.59 -89201.02
96662.98 80554.09 -45821.34 5374.20
50195.76 -11191.86 -15259.91 32835.12
49900.86 55221.80 25654.81 56895.21
46350.70 -53059.96 -30350.29 27341.15
-67081.24 67499.18 -48735.52 -78652.77
33052.15 45122.72 -44361.01 56156.00
36300.81 -26448.88 -33519.28 -678.00
83370.98 25941.50 89425.52 -60798.85
-83777.27 45628.68 9729.51 -51210.23
40559.07 -96418.28 -45224.83 -29029.64
70252.45 -29220.94 -30908.53 37503.50
-43059.13 83680.24 -33247.08 78459.01
-31392.25 92117.44 -12528.13 37680.00
-60954.58 -23399.13 79284.64 -88241.66
-35412.62 -88716.04 98148.59 -62263.07
24615.74 68253.54 -85062.42 -1675.28
-59320.20 -50670.09 64149.61 -45083.08
60080.63 -86565.49 -66958.38 -95611.98
-10430.06 1140.19 66559.59 -49998.10
-51555.37 68722.89 60801.88 38889.33
-34331.40 19709.84 -46575.61 -55625.81
93449.42 31297.56 34290.86 41254.41
-94732.71 40869.09 59872.19 25929.73
-92023.11 42272.41 -37156.39 83040.81
-79358.07 72100.60 83946.57 -31737.81
22173.85 80665.88 83385.67 -46877.12
-5599.50 -82068.84 -83727.25 51315.14
-18398.41 -2718.21 -16467.55 -58896.52
-19010.28 31588.60 -48235.06 -42656.66
-14843.99 46068.48 -29128.17 59901.42
-91590.37 58625.10 55320.45 -92065.00
91149.72 -52658.20 9177.24 -20752.08
-8891.01 98668.78 -68478.56 4277.98
-73413.98 -82659.81 58193.56 67180.35
-48450.20 -866.10 -35836.64 -61167.19
65918.01 -73887.90 7912.33 50443.36
70041.59 42928.89 64902.57 51920.63
-88335.37 -24331.62 -3463.08 17176.20
79952.21 94556.82 -65003.64 -31676.19
-45569.50 -82049.99 71815.89 -48361.56
-50842.21 -23729.09 -82694.77 -50220.81
-90571.32 76810.27 -59895.54 24758.19
57994.91 -18371.48 -60457.43 -24711.47
-43394.81 22616.21 51912.70 -84916.59
-67716.03 -68041.98 -25934.52 99282.75
-15157.32 -60630.14 70458.21 70919.98
64770.55 53458.26 -11350.81 17150.12
-18684.97 -19038.52 74513.20 93484.17
76717.70 -84379.55 83630.42 47633.22
-98296.48 9127.72 51470.72 53721.15
-64431.69 10727.05 -77550.06 -88467.01
-44994.48 -15654.69 15593.22 -20095.17
-97824.56 -29862.59 49274.18 -28644.57
-56685.15 83880.14 59850.14 -37562.35
-67434.98 80327.23 -66010.50 -70964.60
-17973.66 -59483.98 -69392.30 23169.75
-22922.37 22214.91 99745.93 -19923.85
43191.24 16510.05 -42166.06 9666.93
-79021.17 -79363.89 -99356.54 -66443.80
-98884.65 -1031.74 -41138.27 8046.19
31440.03 -56648.96 -49389.96 -87699.93
-46545.06 50612.43 -22973.95 75094.07
-85594.42 -63806.96 5842.65 13578.26
-50003.98 5628.44 7205.52 -53351.59
98567.14 -67928.53 -13605.17 -8249.74
-81264.04 -17176.85 74594.21 -50617.36
-89848.65 79862.09 -43967.85 60450.40
-60086.65 17449.77 -11799.12 85896.00
43526.27 -9938.04 49544.99 -3648.07
-87374.42 4881.87 37497.01 651.01
-28178.76 -39387.06 -16841.89 49109.23
-81508.35 -43424.46 70340.72 40384.47
70137.07 -77193.08 -33987.34 -63198.09
81452.17 -40087.30 -98955.08 58334.82
4905.13 -91137.44 -5988.29 -60012.87
3673.89 55741.80 -85378.04 8750.95
-80754.81 -90385.63 15255.56 -60933.87
43375.31 -43313.98 -51857.72 -77521.10
84083.91 -18534.21 -76771.48 75595.52
-94023.69 6836.52 23308.35 -3469.21
-51972.55 68055.31 -87542.10 -98925.79
88535.73 -31892.81 31253.40 -24614.40
-21512.32 -94316.34 33357.91 -70865.90
15112.93 -69059.54 -23031.79 45559.82
32124.95 33865.11 -21978.73 -46236.84
-97648.68 2256.39 21709.16 -60620.77
86160.77 -88284.51 -36050.46 2335.23
-86933.76 -45410.58 12004.04 -25213.67
-52359.47 -96434.49 10309.45 -98652.29
-17370.81 -91249.70 89495.33 -98658.42
-35479.19 97663.95 24036.59 -53624.92
69500.44 68492.50 -19038.00 -85639.84
19028.81 86169.92 66630.75 10160.13
-64353.88 85543.33 36712.66 -40434.08
-35712.97 67751.89 -38774.57 -29778.41
26219.37 8844.18 -34953.43 -84161.55
-53021.92 37069.62 79655.14 -65884.02
-81694.80 -92333.21 79701.02 -93804.36
-54185.99 -47198.43 -71910.00 -12997.76
4548.59 53574.09 53222.62 -73936.48
91911.81 88721.68 -33630.94 -91327.76
-40482.40 -6896.34 -3572.50 -2258.29
12117.31 -92188.90 -44895.77 6163.71
44639.64 1697.13 -46451.65 13397.38
-19779.55 -49651.15 74418.14 31567.01
-3426.55 18242.87 82894.45 -5494.40
-10532.81 -84745.69 -77980.99 -17821.72
-89076.12 -70519.98 64586.82 11061.04
-11752.17 -81879.49 47297.37 -57964.15
-99398.59 -70004.08 -81196.65 -65683.47
78744.00 64824.50 68617.84 45247.39
-32669.52 21256.55 -78171.32 17585.45
-82055.12 -31127.19 28977.96 42923.33
10201.82 -26916.50 3384.75 -39991.50
889.46 -39624.81 20046.02 -2276.63
-56958.12 -42092.15 25340.56 48068.72
84362.93 9323.46 71065.93 13740.18
28452.44 81364.96 91694.47 66792.56
-14456.65 47659.22 -7177.50 10597.41
-77717.83 -13133.04 44076.12 -54346.55
-14071.49 -83856.65 -38984.94 -45395.80
-14328.09 -77696.70 -16806.00 48660.02
-75655.45 89536.93 47918.70 -50842.97
-75986.84 -52602.33 6533.27 82303.29
45017.63 -59138.99 97444.20 5133.00
34991.85 -95115.91 -33163.69 -1196.51
18922.04 -65324.47 -59553.73 88005.15
79900.89 -64427.34 -16150.40 -35357.51
-59032.68 -26827.53 -3333.02 26121.47
90604.81 -71093.77 -22696.48 31596.55
95026.93 57684.85 93291.84 -95564.02
-37298.63 -95348.23 80280.12 -43028.23
-67530.59 39161.84 -29785.47 -65982.69
-6864.82 31554.47 -97963.35 9140.72
53840.82 -21256.45 -92768.98 78668.30
4251.43 -78096.39 6057.01 -15282.77
91276.30 74489.72 -54518.95 -66237.84
12560.93 92995.25 63187.91 -29729.36
99385.32 44362.09 70707.15 71076.95
-53877.13 -3787.52 -40165.49 -10648.97
55873.94 51576.06 -96381.29 85662.14
-84838.00 61895.94 9838.14 -55466.49
-23164.45 -50252.15 29834.04 97644.28
27174.00 18777.93 66574.44 10517.46
68349.34 -55965.31 97692.07 83815.33
44116.61 9082.01 15382.18 23335.49
-11028.63 -84475.98 51224.42 -63048.20
48668.18 -6419.99 19629.34 73261.87
-8326.91 -19633.44 4885.40 -72324.03
-64386.30 58148.83 -68802.12 -80100.02
-76831.34 -68457.66 12304.89 54886.84
43010.74 -79330.31 -95666.63 -22709.92
21141.30 -45646.37 -5514.28 8033.63
85402.75 16840.59 -9719.02 15207.99
91614.02 -33687.65 54967.95 -31191.32
-41043.83 38001.88 -9957.81 19798.42
71168.86 -51031.23 -71517.28 55603.56
32109.66 -30087.60 -94632.12 -85616.09
-29901.96 -6436.95 61379.01 -91842.97
-64515.57 33675.50 -77801.91 -89078.31
-25122.18 -44687.82 -75000.09 40484.36
-96375.53 -58704.34 -8130.38 -11860.87
7566.42 95556.80 -71616.69 78180.35
-93254.10 -31908.18 39798.88 73391.15
41921.61 51583.22 85151.46 -69323.67
-74145.89 -78480.84 36130.14 -91213.88
26181.10 -25622.32 4495.85 -27567.44
89377.54 -18768.56 -37109.08 -58462.16
-69864.71 39244.99 38745.14 -32886.05
-86009.04 -11093.27 81554.31 61558.75
34682.05 -89288.52 34461.30 88410.03
-35270.75 62031.83 1659.59 -39193.57
-16065.27 -67712.37 67632.12 -5104.93
85183.94 -90006.90 -22098.83 -8207.96
58216.33 -70554.92 -84484.66 -25780.46
-86543.09 82923.14 31394.56 -99150.92
-14494.55 19066.02 -12830.04 89808.71
-67556.13 -18229.15 -70422.51 -86436.19
79812.19 -50522.08 65823.49 -2104.93
23215.61 81398.09 -43175.53 -17887.87
-34289.85 96103.40 44795.98 -73102.70
-95737.64 -4556.14 -71097.23 -23206.14
-2545.59 81415.92 57030.17 -2032.67
91231.06 -19363.18 -93649.21 -96898.18
48128.29 -97157.70 57246.08 -38789.07
86194.24 -11417.99 19023.73 80818.48
-77396.76 13857.04 -25991.41 77182.92
91894.06 -38504.14 -21112.27 -69072.38
16725.50 -58243.78 -35164.97 -13418.92
35231.89 -50314.96 -71624.87 75552.74
48989.96 42249.83 7260.40 13118.13
33040.72 -14899.37 50957.08 -27603.22
-51708.35 25336.61 -3148.26 37145.11
94928.04 19368.13 26780.73 45482.71
45318.56 82356.53 -31593.76 -12898.19
-40776.06 36350.25 77762.64 7707.21
58350.59 5503.30 57611.88 -60792.20
12225.23 10776.37 10676.56 19984.01
24135.16 -37118.71 -21971.72 -63278.43
-92542.90 7452.88 -46277.54 -34290.69
23011.63 95052.21 61333.96 -41347.43
38151.13 -75354.02 -69246.93 68176.19
-31989.82 -96260.33 2973.07 51535.08
-14459.58 43972.70 94431.43 36382.27
-33265.24 -7007.40 -78445.10 -17356.91
-49319.03 60417.69 10895.96 -28973.74
87214.45 -68206.82 36218.05 17571.55
-45263.46 -11568.41 -54568.79 -78073.00
96085.57 -42922.52 89094.52 62066.84
85730.87 -56427.26 -13263.02 24626.58
68260.95 7241.96 50299.22 -38140.28
-66196.55 79034.71 -69713.14 -1171.16
84736.59 -44863.90 -18253.58 -17070.46
22997.19 25150.67 -1898.40 68901.75
43380.79 46611.75 -94173.04 -65767.10
32729.12 -32614.92 -63302.35 82909.26
-2636.05 -56009.16 -43401.76 98392.71
-92584.02 -80146.42 59927.53 95775.79
-30391.05 69355.03 -93423.59 69191.73
99779.58 -86633.62 14078.05 53811.77
51447.00 28037.18 57649.85 85237.21
99356.29 61800.35 -46614.84 -52305.28
27775.95 -88001.23 -59247.37 28808.26
11394.80 -91267.57 -572.58 73536.69
-80206.97 -60283.94 3283.04 -69839.73
-40498.19 -35328.20 52543.69 -42288.77
-6926.45 -11875.84 -60721.66 96684.40
11204.22 -4824.37 7347.49 43154.05
-86844.23 33512.99 -96301.05 9642.81
6398.42 2520.60 -2540.63 3290.78
87962.86 -28529.92 36607.26 -87051.32
-39414.03 -21903.83 18325.85 23848.43
-74428.81 -87589.02 15367.20 50928.79
60355.81 82657.60 4280.76 37540.97
78147.77 14639.90 78423.87 44498.56
43287.26 -13329.22 15933.68 31216.35
-32286.24 13913.79 26510.91 14184.87
-76851.41 4187.59 -85962.93 93009.17
56281.90 84934.45 31678.37 35816.60
-257.52 34402.84 -78151.18 13359.67
-83950.33 19905.60 -20035.07 2937.05
67984.41 -16067.62 98048.63 -44540.86
14298.28 -8077.57 85481.34 5252.81
93611.21 -63578.18 84730.48 36787.29
50323.49 -70836.99 54085.87 13835.02
-22176.36 2380.20 -64165.99 27543.22
-47663.98 -18438.24 -5993.07 -53720.00
-77048.87 -89785.73 -59174.27 -70247.88
-54793.51 -52432.89 -68641.04 -10390.42
-30831.78 5131.77 -18775.99 15307.37
-1149.65 -78168.01 57878.19 -7710.35
-83219.98 -25405.87 79206.34 -61398.51
-83688.51 40033.90 46728.43 -13998.63
61016.29 16568.79 -67107.17 -686.44
56676.30 -238.40 -90410.32 -21629.44
-21897.47 -80698.74 -95580.63 -88784.08
-70958.45 -38600.37 64049.43 37163.82
-86602.42 26564.59 87952.81 -53684.12
49041.63 -84998.28 53128.22 -15021.73
30176.84 -32773.02 -56009.81 22097.61
-92260.48 -71444.87 -43341.19 9012.09
38509.74 42246.37 -79328.66 -41332.13
-43188.73 -76286.86 -318.47 -63137.82
81362.17 -98403.51 -19834.16 56424.48
49429.39 -24078.43 38242.83 49472.10
-56632.37 -55504.26 32946.67 -77232.85
-91927.96 85681.58 -29138.23 59197.43
-93324.47 60633.00 47390.10 92149.46
-87527.65 -76130.08 -89567.05 41736.85
-9185.26 17170.99 -54782.32 -40026.81
2519.68 23032.29 -45516.50 -22395.02
41852.96 85445.05 -25847.92 -45014.80
49793.34 85813.99 -60606.77 58364.26
55693.67 10382.69 -2966.80 -3090.71
-69489.31 22368.86 17597.63 -17012.07
28922.72 -35918.35 57052.62 -81856.62
-78696.82 998.97 81327.66 55581.72
3419.19 -70013.14 -23346.55 -17939.34
-17548.30 -22998.66 19721.49 51501.09
-88267.45 4605.13 -97314.90 6476.97
-27859.04 93308.15 -51656.16 -61721.49
33629.77 -21816.01 -16606.06 -62647.67
3992.73 -88135.73 46522.70 -63754.40
90591.83 74645.73 -48248.42 22596.48
-7510.55 -20105.27 -28034.66 -49184.51
-2168.73 87459.10 -40910.17 32167.54
-14122.44 -32144.92 -72081.54 3990.34
-94520.25 -74821.94 11937.32 45573.59
-47329.85 92544.51 12394.30 -90840.08
-12993.21 -42989.64 -67431.66 69375.88
-29919.46 39138.65 -84776.16 55568.51
6008.69 98324.68 47879.10 58695.25
-89474.08 77618.06 32587.13 -62257.33
31462.74 59230.06 68374.22 23333.80
94121.82 50865.30 -23801.37 -74763.05
-42836.63 53285.17 -32447.87 58821.30
-78663.87 -74705.49 65565.85 70502.05
6538.31 94847.04 76042.25 -868.92
-49491.14 -50610.51 37699.03 -90696.86
-48706.38 -23069.96 56293.19 26054.14
-74150.19 -44635.17 41582.04 -61736.59
-9986.72 -84615.64 71606.78 -34840.72
62925.30 38502.19 -54172.86 -21872.58
37378.70 18688.41 67286.61 -79728.09
-21502.17 -18944.15 -40554.54 -44970.20
-60098.14 -10320.14 39313.52 6769.67
69287.85 17339.70 86247.02 -71458.46
38710.82 37802.63 -857.55 80061.92
-64456.51 -68713.39 -38801.11 52615.22
-25969.87 -15866.52 -25127.57 -51944.98
-77214.32 -48232.52 37926.19 -36375.04
-72663.93 91529.50 -51341.64 -83020.01
-77336.30 12597.23 47441.95 79003.46
-32189.02 -53007.08 -89163.99 -72739.51
-20439.20 61917.45 98183.59 -17523.26
-48906.29 94582.03 13835.90 -58762.90
-60317.19 84798.12 -34816.25 -41208.73
79849.00 61687.14 -59650.67 -38708.06
-92329.71 26733.01 -41284.94 12088.85
-40756.72 -28287.12 79853.68 -24772.29
15743.12 -33470.32 2491.59 -2860.99
-72224.58 -4823.80 5112.58 98659.80
-33368.60 32727.52 39334.13 -37208.44
34632.90 -39274.72 -10347.06 -41243.51
45731.44 53926.30 98926.95 -90257.19
-28156.25 -94656.94 -32497.83 44034.55
-49652.03 -59057.72 62635.80 59773.82
47619.87 -39525.35 57557.34 -13026.45
28497.81 -28217.86 26629.33 -62849.73
86671.89 26548.92 68553.47 59828.04
-40242.28 -54628.43 90808.17 -7204.06
18265.00 -34215.44 -6333.48 -31648.03
90840.98 54031.19 -39597.31 12283.71
45063.70 41067.65 -61716.41 8504.71
91385.22 79938.14 -41237.65 51531.85
64027.42 -6066.15 99461.43 68238.83
-30922.26 -51839.48 29609.30 74975.34
-16560.04 42110.63 -52958.07 -37933.28
36110.53 91313.28 40049.85 -30019.93
99410.34 -37876.90 -7329.66 -71642.67
-43649.90 -42334.35 27027.33 86937.83
57527.16 -78952.12 38238.31 82379.47
19034.53 -49544.28 32765.07 -13485.01
64415.79 -45788.81 -93803.02 -5863.96
-29132.31 71808.76 66109.14 22084.61
56437.07 -49805.34 -9704.21 -88272.36
65010.18 -61914.91 47559.80 5420.51
84270.84 6964.18 73238.66 -87634.73
-37780.18 93826.51 9757.10 39806.37
7456.33 -70230.94 46313.69 -78328.18
48653.80 -46762.37 87980.28 36876.65
20585.16 -6667.10 24885.78 73482.13
99623.05 50463.39 -10420.90 70633.65
-85038.65 -73512.48 89283.18 -73980.99
-46783.02 -98997.68 23120.18 -67040.16
80999.22 72552.63 -22099.82 -81620.26
4107.46 -98869.53 -25360.62 42521.91
77331.39 68901.40 4845.31 99529.51
-561.81 -42282.39 76384.80 70313.16
14217.68 95975.01 -61627.54 -2754.82
97297.53 -34563.09 -46600.60 32958.46
63087.18 22063.26 -58908.62 24705.15
-83812.00 -3459.12 -66005.63 -92584.14
55398.68 -27061.84 -57579.94 5825.35
-76009.21 -90367.42 -451.37 -47277.95
36415.58 64249.97 -92560.89 -63557.14
4833.19 -97217.82 66775.78 17592.32
61764.82 18948.99 4111.61 95105.19
13889.59 -57320.72 -69128.36 14743.68
8201.20 -44856.04 88823.38 -89254.41
59077.45 -85925.65 -70163.84 -6890.03
-69083.24 -34943.58 3103.44 79857.94
-72014.83 -46433.04 17764.93 -15665.97
-22397.19 81788.22 94136.04 33932.14
-1984.90 -26958.98 11610.20 -87652.42
75452.99 69175.70 -57786.11 82889.32
42718.09 -76046.00 -70723.03 -40134.05
55769.75 -33636.95 21796.79 -31452.91
75881.98 72378.21 59161.05 -79138.21
-24023.85 27067.71 55942.83 -64184.36
-3311.34 -48819.48 -5615.26 -44070.98
17913.78 -29386.90 -23710.09 5853.72
85514.39 -66073.07 20829.30 93527.89
-91977.75 63621.72 -8951.07 93474.26
42819.99 -26735.52 76402.80 -33536.74
-7841.72 -60813.61 62858.64 31348.54
93779.86 -58280.52 -71863.22 -54150.10
5545.14 18510.59 83593.17 -69356.60
2203.60 -98042.07 -50276.86 25498.34
56142.93 -79906.03 -8515.60 58854.59
-64622.88 -8530.48 -19714.52 -95795.03
20573.16 86895.91 86280.29 -11740.38
63116.61 15638.03 -60550.15 43235.90
-27211.20 -58188.98 -73948.34 20333.03
-57242.67 -4082.03 -36864.10 -58019.39
-48851.33 20400.27 37273.52 -25690.00
836.88 82609.34 51272.80 26807.85
41729.45 -79048.12 -37044.37 -92750.29
96906.58 -55957.94 -50518.19 -15792.95
68391.66 -15895.80 87595.42 -58932.55
-24922.23 17888.39 60634.82 53383.67
-42560.29 -12541.96 48699.76 502.90
-49784.75 -36585.04 82103.05 20060.46
-58137.60 -36612.92 -33254.10 89810.38
-17234.52 4447.12 -48653.33 49724.19
-5489.24 63651.84 -92732.63 77051.15
75260.88 -60086.75 -34796.46 46816.77
83842.05 -3448.33 22177.96 -16339.57
29131.31 -80323.42 -63610.90 85456.28
23644.58 57537.56 58169.19 7481.66
-13254.38 1207.77 18743.19 -32385.82
-32982.47 99971.06 33495.09 -19967.97
-74179.96 -75279.53 -34108.62 4504.88
43476.67 -91831.20 -33911.54 30473.35
4012.84 2492.44 75695.80 39099.24
83134.32 53685.55 -84988.44 -58150.67
-2528.02 -42943.46 33883.47 -97315.59
-39798.72 56469.49 52033.53 63292.73
89260.59 94093.49 49711.14 61795.62
-52460.32 -33395.63 -26684.32 -70800.83
-79348.67 43134.43 -74801.75 -11460.24
9187.66 -45504.37 75269.52 -42784.54
-59042.23 -11339.28 36345.83 81913.71
-40251.26 -32219.53 -52505.56 -7346.22
-23376.49 -26772.14 24141.26 -89415.13
22642.43 45734.65 -16796.11 93469.13
-35645.06 93243.24 -48816.74 -10371.97
55755.36 46022.26 37993.68 50336.38
-69180.22 18655.09 8912.65 -23093.07
-85986.15 -69977.05 43217.11 -38520.48
-33.98 33083.22 -21934.41 -1853.56
-32393.49 -91737.20 -46516.18 91405.03
-57742.13 -26737.59 61973.30 -12008.06
-54717.28 513.27 12394.75 -5910.55
-60631.76 10473.87 -61849.58 -99966.15
65586.81 -6990.08 -82383.85 43043.27
-96608.91 -64083.28 -29193.66 66519.11
56131.43 -630.01 -8774.14 -64880.12
26757.02 61372.16 -37915.81 7730.97
-22171.70 -92255.32 -29934.54 -19708.71
-6148.18 55804.25 99020.93 96980.53
49006.76 -79048.44 -79698.74 45477.57
40666.47 -37938.12 63149.10 71885.37
33316.93 31537.99 -19835.20 22669.76
-42687.12 54007.14 -35557.98 23143.84
35702.94 92897.12 -12803.89 -83207.10
34386.92 45725.45 -60599.80 55728.00
50424.99 12583.99 78259.38 5896.47
54187.59 25972.13 25588.98 69356.99
73420.34 -91757.64 -42858.28 97428.61
-75979.57 -72535.79 87454.41 -92537.27
-77538.40 -20255.82 -8707.85 -52985.59
-17356.65 25134.08 91842.87 -5954.55
-53664.28 -51160.11 -49017.21 -49879.78
-68745.72 37937.66 24737.34 -99152.84
78212.19 1210.32 23104.41 32921.95
96786.70 -57098.35 -7475.37 -12392.25
-80516.51 22850.37 44539.21 49622.01
-87218.43 31652.85 -15498.27 -70831.18
-34246.29 55957.22 3599.84 -99603.41
-87112.48 -23314.42 91294.44 -94662.46
-90922.53 -76764.32 69366.55 -97733.02
-58338.17 -94785.11 -15491.69 -76108.69
-35050.63 29112.67 -82309.16 -14028.56
-33934.86 -25876.45 89392.86 69037.32
-37493.43 96862.39 97356.90 -69469.51
-37759.26 39446.31 29694.97 64191.17
-1842.67 98819.83 -44028.94 91036.87
-92203.22 28295.20 -41311.32 95776.66
65960.40 17241.67 87050.82 77043.04
-68365.48 -99763.83 -42545.04 -35925.83
73987.04 -35231.25 43150.13 -62171.58
-34932.15 -35357.09 73755.32 -7480.77
-18632.82 -18528.08 61093.98 -66392.26
-11590.75 7534.76 10727.20 -15856.98
-69114.61 77385.84 -35675.27 86984.46
-60112.79 47550.85 80298.24 -20793.80
48921.97 53223.69 10129.52 -47177.87
-86139.74 89300.90 46653.06 -94435.97
61080.59 77773.35 -92606.93 -38054.87
30985.58 -42030.58 -18972.89 3972.32
-36879.08 -59787.91 88994.81 -76679.02
-62521.93 -30232.80 -34463.61 -89486.61
-38241.55 -76214.95 21046.25 -10053.14
93350.11 -44064.98 48255.66 24975.83
-80820.57 -46392.36 91164.09 -83617.96
63732.40 -70367.21 -55518.27 -89578.69
-46462.97 -24822.48 51951.81 20718.43
-60714.98 -37761.20 -69552.95 -94094.85
42694.32 32760.79 -22733.94 15231.68
48735.76 27366.67 67574.98 -4329.33
91896.87 -89098.12 65368.07 -47311.90
46684.52 -59677.35 -34021.28 32181.42
-29682.15 -21148.71 -8356.99 -34048.62
-66302.63 70249.88 16341.82 -23339.26
-74433.73 21005.42 -67486.75 -8213.95
-36156.82 -41940.81 -57664.78 -1821.60
-79723.48 97508.29 -78455.59 14885.02
87523.68 -67143.19 -89828.51 41825.07
-81917.52 -45614.64 55083.37 79469.88
10800.54 96102.72 54761.81 47320.38
-691.82 -68700.10 8883.61 -59167.80
67863.35 93769.13 37416.88 -90739.65
-38357.06 -36874.96 10390.01 -53914.08
90532.70 -17294.51 81283.63 -78293.28
21736.02 -33929.15 50863.59 49911.71
-96883.43 -90828.08 -99266.34 74205.63
-23955.14 -98807.25 -18620.17 -98329.23
84604.84 39886.33 41765.60 26268.33
41756.27 -93644.93 -50402.95 24926.41
79156.96 -95303.75 70062.40 2763.02
-42292.49 -39397.99 -28485.36 -44659.33
-23111.33 72138.01 -88018.77 39469.14
9742.86 -80571.39 53018.21 49544.81
-78061.45 -33199.22 63539.58 -74219.07
-19519.15 -58569.66 -58099.82 -37576.39
48727.51 89444.36 56296.40 54484.10
62803.03 -58743.89 -23173.30 -34232.23
62573.45 13202.79 46187.45 -77635.54
-13576.26 -87104.06 28126.22 37089.38
-42513.24 10972.97 41287.43 10128.66
53961.94 85233.83 -52533.82 50531.46
-67486.42 85831.26 -39835.85 51453.31
-41472.03 -37356.53 -58619.52 23162.23
69244.60 63351.27 74594.80 53125.67
-61753.66 -22884.44 26220.06 -32012.62
-35074.48 14882.56 -45101.70 45728.48
-73319.13 46503.75 -63357.88 69345.12
7996.34 33733.77 54837.31 84812.60
36980.59 -25697.06 35071.47 -97810.14
-61923.36 -38514.81 59709.83 -88260.23
-90187.55 -14911.31 25286.45 -24068.47
95083.15 -25617.99 58377.82 -20875.23
38908.60 29515.61 -30793.10 55855.80
-5009.44 -5409.44 11373.33 -12469.89
-90205.80 54400.17 -21856.17 27286.70
-94232.68 26446.74 -99065.11 -31609.87
21740.96 8378.25 95252.89 -96238.32
92415.67 -34366.89 -60391.95 34928.46
69254.62 73575.31 -75445.04 12920.04
69883.03 32545.57 99282.29 -99866.97
49397.41 64313.57 -17569.91 -5988.98
-69879.11 -22346.07 -10893.71 92830.06
84063.93 -41149.31 84901.09 -26598.27
-51940.60 47126.09 79206.32 -93278.38
85393.67 -20694.51 -78741.96 3698.34
-81183.54 -89698.04 -82275.31 -27929.35
75366.44 -91344.29 -2319.40 56918.70
-39283.39 21031.81 10347.16 -9506.34
33098.24 59567.73 7004.71 29301.67
33799.97 -16038.21 -90385.00 60669.81
93048.15 -45247.25 74016.21 -12445.64
-5885.55 -61201.49 -55573.63 13221.37
-24981.85 -53388.26 -76934.22 96493.04
-43288.05 41952.04 -30650.17 4620.25
-77156.49 -14862.26 56145.08 -36753.67
52036.86 81910.07 14835.46 68919.92
-30999.43 -31422.18 51778.71 -49389.07
-60519.01 34387.35 -68690.54 -94216.79
24548.03 44638.15 56652.33 74002.70
91313.75 70357.55 31223.12 -56017.47
-8458.10 60293.82 -43407.16 -53279.10
-98683.45 64818.86 1303.65 -85620.94
-638.80 -25090.31 -52526.96 -72436.19
37483.25 -62626.04 -85463.10 5934.79
-53135.92 51522.65 2910.36 -25920.40
-24227.73 -14589.38 -39158.90 642.97
-89626.32 43483.69 -89727.33 -89611.06
34924.75 -17372.39 -94662.96 -81386.79
85135.03 -33662.43 9123.54 58265.38
-62909.15 -33575.13 -98418.59 -48380.86
9049.48 79296.11 42777.47 -40292.00
20791.66 13767.25 46815.37 88299.95
-56220.58 -39028.66 -90778.80 -15035.04
-32248.91 -59357.91 83383.00 -30500.48
47157.72 59343.55 76958.89 71575.82
87569.66 11523.52 -5761.05 -2841.38
-97266.65 -88614.22 -11313.60 -11303.52
42457.31 -5665.49 -73453.36 -31069.74
-27661.76 -60498.17 -59258.30 -91516.59
80025.27 60180.04 63462.98 -86159.72
-44304.44 93773.33 -17256.37 83135.32
44413.45 -28929.76 39698.70 88554.57
-87332.97 97084.26 -28213.61 -44649.93
-61626.85 79281.67 -19914.19 -44102.92
28939.99 -2652.91 -341.99 1319.52
60566.24 61283.19 -9111.92 -28386.83
48435.97 -11944.69 19108.48 -81343.00
-47783.26 12693.84 -52583.41 43644.19
38310.49 -38282.91 45261.12 -67260.76
2769.98 -72005.84 42371.47 44525.78
-60363.19 -77224.03 -18213.59 53120.84
17477.68 -73613.39 52084.83 -92207.90
-30297.65 -47706.74 -96584.06 -91986.79
-67885.23 -87407.22 93415.89 9021.70
-82781.87 78311.64 -87855.34 28818.53
-33597.80 96157.22 97763.91 28375.76
-87958.74 35428.70 -8518.13 -53316.90
-39018.25 98931.78 73316.84 -51719.30
-87886.08 67345.06 -16279.74 78256.35
49596.42 43140.85 -39793.49 35837.54
-10654.96 39737.87 62492.63 73292.25
-57452.36 -23856.58 30371.07 35307.94
58302.76 -28616.80 92675.70 28120.74
-91279.87 -60545.97 -41248.89 -13477.81
-31215.03 67515.80 43493.78 70282.48
25551.53 -24553.30 -19583.22 36736.49
89049.60 5198.63 61781.25 68562.73
58450.16 -72797.11 -81695.15 -62040.30
63851.89 -64583.18 -16056.58 73086.65
-23802.38 -94864.30 49429.86 39136.70
75447.00 84994.86 -36149.08 -29861.99
10875.96 -91024.90 -29511.78 -51733.23
62360.01 -94588.31 -29262.30 62470.78
48278.48 91853.18 -43741.64 -80002.77
-87227.83 -35906.71 -18908.04 -61918.89
-24664.67 -85237.94 -92815.38 -84756.00
15816.32 -33427.43 52131.43 -23367.74
69374.80 70320.95 -30453.83 -59646.37
58370.68 63088.52 57032.16 16678.98
-50543.77 -98815.48 72812.52 61905.09
68638.47 -65067.67 -24474.04 54795.85
79338.34 -60499.36 56615.66 -27764.84
-6150.01 60691.56 58454.51 55731.77
57733.20 25465.67 45794.92 -43084.96
20057.32 76875.33 -72941.62 34487.44
-43477.71 -56562.69 61496.26 -9525.58
12891.26 25835.63 -36380.38 -43571.69
40819.79 66218.05 -50996.44 33899.02
35323.09 90611.19 -81365.50 -46555.79
-11252.83 68861.28 55008.88 54505.92
76227.79 -77570.49 43649.27 95841.00
90906.51 -60201.13 62776.06 99081.39
-70257.76 -90117.08 -49771.86 -56678.40
92920.81 96695.51 77358.92 -98375.99
