960
322560
56160
4200
65
322081025
2340
224
91
13056
50000
1249
53
7897861
5721
24
8826131
162000
810
25490988
6804
614400
66150
8
2250
28000
281
62208
72900
2592
98415
725573
33
47
164640
88
17
29250
362
17820
38880
8015864
3120
84480
36864
7200
198450
7785
3312
2025
26
26880
87
50688
132000
181440
3371
108864
122
10260
3528
80
5600
54600
5044
621008
8372259
32670
7
4312
957262828
72
5304
540
45
20328
646
4800
71805
67
9450
31680
86
3509575
43
38016
83
23232
82268566
17136
127008
54
64680
48510
30
128
1741
29700
8400
101
3
14400
112000
8064
4914
8316
150528
75600
57
16200
20160
59
78000
307200
135
336000
25600
86016
7500
501
2600
115
49280
22
900
19440
2
116640
2736
1620
373248
69
22950
128000
92317161
46464
6037
56
989447237
1000000
622080
40824
93
7455307
7560
4160
34560
391
1817
12150
176400
57344
29120
161280
9900
63
10560
21383
79
48
457481
4704
10368
81920
536870912
214573
21168
18000
186624
2431
37
2403381
33401221
18432
41600
2097152
1323
117
4374
33792
2730
8087519
133650
2430
78750
62
746803744
36
31752
129024
934
1001
37440
472392
76
700
1764
93312
101250
86400
110
25200
23
323
129600
108
142560
473
999999999
201600
168960
85536
69984
129
30973
4032
67500
25002
180000
552960
998244353
57024
42755209
61440
135000
787320
85050
559
3072
15390
34944
120
13230
786432
51
103680
460800
409342369
233280
1134
47628
7040
12348
288
954158175
3696
567
16380
245760
331776
4680
59400
96
504
32076
136080
172032
8100
625433749
47473
163840
5000
7392
480000
482421315
118
518400
217728
20
40
132300
19
3375
23760
912
170
102
92400
32400
6300
3864
9100
92
3024
81648
241920
17640
697106497
5250
58320
70200
49
1615
294912
9504
24576
349920
12870
276480
209952
107
79200
3240
665
48238
306180
6765
15680
153600
73728
448
27456
18480
13122
967669583
4000
52800
519
179200
364500
414720
6840
9489
360000
24480
236250
61966
66
108000
42768
926315427
16524
21504
170100
22176
5625
70400
813
11664
12288
16000
27000
125
45360
13680
368640
13500
194241
63360
3264
40950
92160
3456
13
524288
145152
4488
660
70
12240
77
39600
35100
922505446
34020
14336
4
67584
151200
257
80949857
21840
107520
123
157464
17280
56700
6541551
29160
1632
2520
5767201
25
39936
2618049
1584
89
21
37800
57624
165888
18240
248832
5824
126
202500
4480
20480
270000
23040
768
2688
15400
192000
4539685
102060
184320
655360
6000
9216
981028563
70000
71280
38
142884
998506315
949106497
969
122880
8640
113
15552
33696
42120
85881
69888
9425
5073
1001604
1260
32768
10240
19008
994617
31590
32640
576
100800
43200
33600
138240
12960
28
226151256
4733
122877509
1728
230400
72000
459270
29484
49152
32000
3360
282791
10000
22464
301056
211680
44800
80640
4752
4943
78
1500
4173641
4536
42336
2400
2906162
111
6750
28080
96768
77760
24696
99000
11232
23328
12672
116
5040
34848
63180
55296
7296
15840
6399199
12096
1824
12768
12800
7025
673921
3510
25920
147456
5808
56448
22848
8976
215040
95
58800
4620
15288
49000
782
57600
699840
14700
35280
43740
9240
1440
6720
1512
1048576
29
105600
4608
8550
2376
44928
696
105000
28512
182250
82944
10
420
20592
16
35640
5200
240000
63000
47040
432255
38400
59136
7128
87480
19656
393216
21952
34
95256
300
94080
11000
33750
44550
126720
94
45000
31500
1701
15750
6400
11
1680
8448
587234
5016
27720
7389
12544
589833267
30240
18
72576
63504
65536
1836
46
90
115200
2707
64152
119
17424
40320
486000
204120
112
104976
69120
510205
340200
96000
221184
125440
118272
88704
816
3000
900360029
6075
134400
8772
34111
84
19800
2880
3157819
10752
8660
8424
5940
64800
7056
546
999999937
4675
5346
61740
1215
5601
16800
35
491520
60480
9180
35503
194400
100696425
302400
18816
97200
193536
9000
20000
27184698
14560
68040
16224
58054077
103
43680
964532929
15876
362880
792
6
21870
180
2304
81000
3645
8000
105840
7776
144000
1386
104
7920
131220
15
47520
408240
1520
466560
49500
3168
28672
474
54000
99840
288000
17920
76032
225792
916855204
10710
16320
84240
105
4320
32805
24192
114688
110592
196608
16128
19200
11340
96228
256000
14040
4050
517759
67893369
971866761
115248
7680
361
395
54880
4896
3564
7290
589824
999999998
583200
3584
38497
192
9827
52920
67200
1
2160
30030
60
70560
99
48384
127
36283838
1671
124416
468
1000000000
1100
1920
74088
85712697
9600
5280
174960
23115571
30720
66528
633
131
123480
68
1008
47958485
9408
50400
7390
2268
983900459
98
160
42
75264
48000
4788
106
53940
5297
281250
52
216000
5120
2100
2310
49896
70235461
5184
3900
5400
3960
91857
75
262440
2940
40960
2156
346742385
12000
95040
10800
54432
5616
405
74
640
641
109
235200
2070
81
314928
41580
2560
89100
23400
31104
34300
89600
441
442368
22680
396
193
14
961175759
41472
5520
110250
1530
207360
3600
904152917
74880
28800
11016
546750
805306368
938017885
32
118263990
9800
375000
3780
31200
986129769
64922375
11085765
7938
79548
65610
987
630
71
124
26460
27216
53760
46080
94770
84000
189
393660
13860
2200
1848
97
5657
4725
1944
252000
163296
279936
48600
244944
6930
200000
2720
85
8624
10080
24300
864
476014
2640
18720
672
42105
112896
24750
345600
73
33108
141120
121
226800
27
21384
268800
22500
9409159
1800
13440
2016
24000
5
2000
4560
76800
2352
405000
524880
243000
300000
216
55
84579
155520
324000
1890
29952
58
10500
4158
52488
44
1056
21600
90720
17550
64
8960
259200
98304
291600
50544
5376
145800
32256
21000
131980
150000
15120
6480
653477439
20736
169344
6552
49920
51840
51030
83160
14112
49392
31
8208
50
432000
311040
11264
8748
8250
42000
8320
4655
139968
14688
64512
120000
1600
9
23100
5760
1904
1960
388800
118800
430080
688978813
94500
29400
168000
8347
4410
16464
13824
