965
8400
987
257
302400
5016
83160
9827
9216
2906162
20328
1741
4374
466560
4704
31
9000
4560
42
53
3900
26460
934
6750
72900
201600
47
35
31590
36864
28000
281250
900
361
3371
23
1001604
4914
7680
11340
170
117
4050
94080
89
29700
15840
74088
71805
630
1530
5400
19200
13122
364500
25
373248
5304
88704
16320
12240
1671
21870
21
105600
13500
207360
61440
999999937
1615
141120
1920
106
432255
1904
129024
66528
115248
103680
116640
76
36
700
80
50
388800
89100
5200
32400
19008
3960
88
567
20
2156
23328
14040
480000
6300
8320
10752
92160
1323
226151256
2200
204120
79
64922375
2707
4488
74880
108000
119
1008
964532929
414720
126720
6720
31104
864
998506315
4160
198450
110592
58054077
4312
9100
80640
16524
47040
725573
17640
4032
49392
4480
20736
696
99
2431
40
72
307200
9409159
4158
20480
17820
3456
4000
27000
32
110
118263990
72000
5184
11264
468
25600
139968
1
262440
68
18720
270000
107520
44
48510
8372259
131
5601
476014
168960
105000
23760
73728
501
120
3024
14256
50544
193536
810
38497
6400
86016
813
22464
40960
38880
122880
32670
336000
78750
306180
9600
6399199
192000
589824
294912
65536
559
21600
19800
3168
79548
11232
35503
81648
1100
70560
108
7290
989447237
84
14336
211680
67893369
3600
697106497
1134
432000
3360
145152
408240
125440
164640
10710
1000000
291600
688978813
1620
787320
47520
7897861
2304
2618049
1440
34
180000
103
7389
81920
18240
53760
49280
31500
179200
625433749
6930
70200
8624
3696
28080
3000
540
12672
48
768
62
1600
127008
916855204
15390
144000
97
7785
89600
59136
524288
64680
472392
282791
368640
94500
5250
8826131
4655
67500
1000000000
4539685
52416
21383
961175759
805306368
1890
969
3780
504
1817
72576
482421315
281
5073
21504
1249
38400
1764
48000
10800
6541551
84240
121
57600
47473
2160
30
200000
21840
244944
16380
301056
55
792
35100
7455307
29160
346742385
215040
7938
202500
49920
517759
9240
2352
3509575
16800
589833267
6840
155520
3264
122877509
71280
15
20000
1584
42336
4320
77
1260
81
576
169344
39600
46464
69
3564
131980
3072
125
1944
70
13680
4800
194241
7128
314928
101
3528
85
49000
18432
460800
36283838
27216
4733
324000
999999999
165888
587234
1215
486000
14112
150528
9450
3120
362880
583200
1800
176400
28
9408
2376
56700
120000
3
288
60
1701
4
131220
43
24696
98304
7560
129600
69120
128
34020
50400
5824
300000
3510
24300
59400
30973
33792
129
622080
74
17920
552960
27720
109
133650
12870
8347
655360
4410
42000
230400
186624
24000
32256
181440
9180
256000
192
45360
7920
5625
311040
5940
93
77760
160
101250
7040
360000
85536
226800
10
30240
5721
224
43200
58
983900459
26
10560
21000
20160
100800
2600
51840
7390
23100
105840
699840
1520
132000
660
193
41600
2403381
194400
3375
999999998
10260
40950
14700
91
96768
4536
105
2400
163840
6552
1632
56
96
2730
430080
150000
42120
14400
26880
116
8064
87
2250
3864
80949857
998244353
9504
524880
1680
27456
63504
67200
673921
96000
61966
118272
73
56448
64800
32640
6765
4680
168000
235200
971866761
259200
97200
981028563
2430
4752
69888
5040
345600
53940
23115571
23232
63360
323
104
4608
147456
138240
48384
79200
83
60000
922505446
145800
27
420
20592
57624
31680
134400
124416
90720
87480
95
18000
57024
233280
163296
19656
24
86
32805
90
63
25002
69984
170100
34944
54
94
67584
1386
10368
41580
5
180
60480
99000
30030
85712697
11085765
112000
19
47958485
43740
18
8
37800
15552
459270
46
4943
12768
136080
161280
15750
349920
31752
7776
12096
926315427
142560
17136
21384
12348
641
37
102
2268
904152917
93312
51030
900360029
5346
11000
442368
546
2720
47628
48238
954158175
243000
8772
8424
112
33
33750
12544
91857
84579
84480
327680
15680
248832
13056
196608
92317161
135000
8748
118
100696425
816
118800
63180
172032
49152
1728
17424
4725
19440
68040
16224
50688
162000
124
29
15876
13
3645
16000
142884
44800
22848
2736
8316
54880
67
24480
56160
22176
189
58800
115
52800
29120
395
29952
54600
78
37440
28672
8640
7
288000
5600
70400
38016
225792
2880
75600
8550
1848
49500
92
21952
409342369
81000
2
782
16128
132300
22950
1836
6037
151200
5808
1512
393216
5376
8000
22680
34111
518400
4896
63000
214573
2640
12800
123480
84000
245760
49896
54000
174960
52
8448
29484
64152
43680
3240
986129769
95040
2025
22500
122
2688
65
85881
938017885
457481
38
153600
2592
66150
5280
6
33600
391
405
633
40320
10000
1001
11016
912
12150
1824
27184698
108864
2520
98
474
510205
1500
107
82268566
115200
25490988
241920
58320
64512
28800
11664
17280
23400
128000
24192
957262828
2310
184320
8208
114688
491520
14
15288
76800
29250
536870912
12000
441
1056
54432
13440
121500
331776
113
18816
646
362
123
49
48600
16200
10240
127
45
22
322560
621008
41472
55296
25920
252000
7392
25200
16464
786432
35640
110250
8087519
35280
4788
375000
396
8660
5520
76032
102060
5120
92400
322081025
276480
98415
34560
31200
75264
70235461
967669583
614400
17
236250
6480
209952
71
300
182250
8100
34848
448
94770
546750
32076
16
85050
6000
2070
217728
5657
12288
157464
52920
24750
279936
221184
135
9
8250
12960
5616
15400
9489
9900
2100
14688
7025
340200
672
30720
1960
95256
112896
57
33108
10080
473
8976
44550
13230
11
62208
5000
42768
21168
18480
99840
4675
653477439
4620
7296
5767201
2940
42105
519
66
216
59
13824
96228
7500
268800
1048576
746803744
111
240000
23040
32768
994617
40824
86400
17550
2340
8960
126
34300
39936
14560
33401221
52488
7200
2016
50000
2097152
15120
45000
13860
51
70000
8015864
64
4173641
6804
46080
28512
9425
405000
3312
78000
4200
75
44928
65610
32000
2000
7056
949106497
10500
5297
665
82944
393660
104976
9800
5760
2560
42755209
29400
3584
57344
3157819
6075
216000
640
5044
24576
61740
33696
