100 100 100 7000
2 92
2 8
1 26
1 52
2 13
1 25
2 70
1 21
2 1
1 47
1 68
1 41
2 65
1 81
2 85
2 6
1 7
1 100
1 54
2 83
1 66
2 80
1 7
1 6
2 45
1 98
2 50
1 60
2 64
2 3
1 44
1 15
2 80
1 49
1 26
2 76
2 43
1 25
2 33
1 95
1 5
1 71
1 42
1 66
1 9
2 44
1 59
1 15
1 77
1 69
2 91
2 68
2 16
1 73
1 18
2 76
2 33
1 44
1 95
2 94
2 42
2 30
2 3
2 94
1 59
1 18
1 24
2 47
1 7
1 97
2 6
2 43
2 30
2 94
1 14
1 74
1 4
1 38
2 12
1 62
1 53
2 67
1 38
2 27
1 99
1 99
2 40
2 20
1 21
1 1
2 79
1 53
1 93
2 88
2 34
1 47
2 10
2 20
2 37
2 64
2 98
2 12
1 60
1 29
1 43
2 40
1 25
1 99
1 21
2 85
2 69
2 4
1 95
1 73
1 78
2 64
1 52
1 48
2 33
1 49
2 16
1 54
1 74
1 86
1 48
1 25
2 29
1 58
1 41
2 72
1 14
2 35
2 2
2 16
1 53
1 89
2 62
2 67
1 52
1 60
1 54
1 6
2 80
1 78
1 82
2 89
1 57
1 44
1 1
1 26
1 98
2 87
1 7
2 76
2 64
1 22
1 51
1 95
1 12
1 19
1 17
1 22
1 30
1 73
2 13
1 98
2 67
1 35
1 1
1 93
1 71
1 71
1 98
1 96
1 99
2 83
2 39
1 71
1 52
1 47
2 89
1 99
1 5
1 50
2 28
1 8
1 15
1 52
2 98
2 80
1 17
2 29
1 42
2 87
1 88
1 41
1 38
1 57
2 73
2 65
2 92
1 59
1 22
1 50
1 30
2 45
1 38
1 40
2 69
2 91
1 66
1 51
2 4
2 6
2 31
1 19
2 46
2 30
1 44
1 27
2 91
1 17
2 39
2 39
2 87
1 60
2 33
1 86
2 84
1 92
2 68
2 45
2 87
2 32
2 82
2 14
1 100
2 43
2 67
1 54
2 79
1 44
2 65
1 59
2 79
2 86
2 83
2 92
2 34
2 98
1 55
1 8
2 3
2 30
2 46
1 86
1 69
1 18
1 78
1 35
2 96
1 82
2 58
2 45
2 39
1 25
1 22
1 28
2 2
1 34
2 68
1 10
1 7
1 67
2 45
2 4
2 64
2 92
1 93
1 54
1 60
1 58
2 84
1 11
2 68
2 84
2 91
1 1
2 91
2 37
2 57
1 42
1 93
2 16
2 65
2 67
1 38
2 4
1 71
2 64
2 30
2 76
1 24
2 34
1 100
1 34
1 14
1 15
2 39
1 92
1 99
1 14
1 35
1 58
1 49
2 37
2 72
1 86
1 62
2 83
1 27
1 59
2 85
2 89
1 44
2 46
2 65
1 38
2 80
2 12
2 66
1 48
1 16
1 9
2 76
1 10
2 87
1 71
1 59
2 65
1 71
1 82
2 40
1 44
2 3
2 69
2 20
1 71
2 85
2 30
1 81
1 53
1 63
2 67
1 77
2 32
1 36
2 68
2 85
1 77
1 56
2 57
2 39
1 100
2 5
1 71
2 91
2 88
2 43
2 96
1 8
2 80
1 22
1 42
1 42
2 8
1 14
1 7
1 70
1 83
1 24
1 77
1 60
2 13
1 92
1 91
1 73
2 39
1 8
1 100
2 13
2 40
1 48
1 77
2 87
2 42
1 77
2 76
1 38
1 71
2 17
2 16
2 84
2 34
2 40
1 42
2 34
1 9
1 15
1 42
1 82
2 83
1 82
1 62
1 81
2 42
2 60
2 6
1 50
1 60
1 8
1 5
2 32
1 96
1 50
1 18
1 14
1 66
1 24
1 55
2 88
1 47
2 37
2 30
2 89
2 90
2 72
2 31
2 96
2 35
1 24
2 37
1 55
2 77
2 6
2 57
1 42
2 43
1 62
2 48
1 71
1 36
2 78
1 23
1 1
2 88
1 47
2 8
2 4
1 35
1 54
1 15
1 63
2 3
1 95
1 58
2 80
2 6
2 57
2 89
1 50
2 16
2 39
2 45
1 41
2 10
2 94
2 33
1 27
2 3
1 48
2 12
2 45
1 71
2 70
2 94
1 73
1 100
2 65
2 43
1 33
1 20
1 25
1 99
2 88
1 56
2 95
1 21
1 70
1 80
1 95
2 14
2 89
2 91
1 11
2 69
2 16
2 87
2 85
1 86
2 12
1 53
1 26
1 52
2 51
1 17
2 4
2 10
1 48
1 52
1 48
1 21
1 77
2 91
1 77
1 48
1 53
2 37
1 81
1 35
1 56
1 56
1 54
2 57
1 65
2 10
2 40
1 47
1 100
1 1
1 96
2 57
1 50
2 90
1 60
1 9
2 72
2 3
1 97
2 87
2 69
2 77
2 76
1 23
2 4
1 76
1 96
2 85
1 72
2 80
2 83
2 20
2 20
2 13
2 67
1 42
1 50
2 79
1 17
1 52
1 55
1 52
1 93
2 69
1 59
2 67
2 80
2 2
2 67
2 70
1 50
2 88
1 15
2 10
2 81
1 8
2 90
1 36
2 34
2 6
2 18
1 90
1 51
2 84
1 62
1 54
1 62
1 44
1 23
1 75
1 5
1 98
2 28
2 12
1 81
1 14
2 2
1 88
1 44
1 49
1 26
1 22
2 83
1 82
1 59
1 96
1 47
2 88
1 100
2 21
1 5
2 87
2 30
2 94
2 72
2 48
2 89
1 73
1 100
2 30
2 80
2 96
2 34
1 77
2 94
2 60
1 8
2 57
1 82
1 71
1 65
1 63
1 42
1 95
1 95
1 100
1 52
1 21
1 48
2 4
2 72
2 6
1 74
1 22
2 31
1 19
1 93
1 55
1 74
1 54
1 56
2 20
2 25
2 45
1 54
1 59
2 70
1 53
1 73
2 28
2 98
1 38
1 84
1 60
1 26
1 53
1 26
1 71
1 60
1 5
1 1
1 63
1 71
1 56
1 36
2 45
2 94
1 51
2 88
1 31
2 90
2 65
1 99
2 3
1 17
1 27
1 22
1 17
1 52
2 94
2 94
2 16
1 81
1 59
2 84
2 84
1 74
1 52
2 79
2 30
1 49
1 22
1 25
1 27
2 68
2 83
2 91
1 27
1 42
2 43
1 60
2 12
2 32
2 10
1 9
2 2
2 32
2 43
1 21
1 7
1 47
2 67
1 50
2 2
1 81
1 41
1 5
1 48
1 71
2 69
1 34
1 85
2 6
2 43
1 20
1 78
2 28
2 29
2 80
2 79
2 13
1 13
2 83
1 74
1 9
1 22
2 92
2 68
1 78
1 98
2 84
1 63
1 78
2 90
2 40
1 48
2 75
2 31
2 91
1 95
1 55
1 58
2 45
1 64
2 85
1 23
2 31
2 37
1 99
1 17
2 68
1 82
2 97
1 82
1 58
1 25
1 55
2 40
1 26
2 20
1 19
1 75
2 72
2 45
1 50
1 63
2 28
2 57
2 33
2 64
1 44
1 55
1 82
1 95
1 44
2 68
2 65
2 91
1 74
2 43
2 70
1 100
2 94
1 7
1 71
1 54
2 49
1 27
1 66
1 96
1 99
1 41
2 43
2 16
2 80
1 21
1 51
2 23
1 25
1 21
1 10
1 95
2 76
1 59
1 100
1 41
1 81
2 87
2 43
2 43
1 30
2 83
2 40
2 70
2 40
1 50
1 41
2 70
2 65
1 52
2 28
2 40
1 35
1 8
2 46
1 44
1 99
2 20
2 6
1 29
2 65
2 2
2 37
2 45
1 71
1 100
1 61
2 83
1 47
2 68
1 62
2 80
1 52
2 98
2 57
1 96
1 86
1 18
1 85
1 100
2 16
2 3
1 36
2 92
1 38
1 21
1 7
1 25
2 87
2 70
1 35
1 96
2 6
1 22
1 50
2 13
1 61
1 19
2 10
1 14
2 2
2 2
1 58
1 73
2 100
2 12
2 40
1 77
2 89
2 70
1 96
2 89
1 5
2 39
2 46
1 26
1 42
1 36
1 99
2 91
2 43
1 77
2 65
1 37
1 51
1 71
2 12
2 10
1 95
1 38
1 63
1 9
2 12
1 48
1 47
1 9
2 30
2 70
2 26
1 73
1 66
1 41
2 85
2 32
1 24
2 76
1 97
2 89
1 17
1 17
1 43
1 17
2 80
1 56
2 68
1 60
2 26
1 1
1 75
1 97
2 34
1 26
1 77
1 60
1 35
1 35
1 97
1 11
1 96
2 84
2 38
1 24
1 18
2 70
2 12
2 13
1 36
2 85
1 9
1 29
1 78
2 70
1 24
2 57
1 51
1 36
1 93
1 82
1 73
1 1
2 6
1 77
1 5
2 43
1 99
2 57
2 67
2 83
2 10
1 91
2 89
1 92
1 38
1 48
2 2
2 45
2 84
2 67
1 73
2 64
1 6
2 67
2 10
1 1
2 37
1 9
2 3
1 14
2 30
2 16
1 87
1 36
1 38
1 99
1 98
2 45
2 92
1 15
2 4
2 70
1 5
1 45
1 21
1 51
1 42
1 100
2 89
1 61
1 59
1 23
2 78
2 85
1 23
1 97
2 29
2 20
2 64
1 71
1 61
2 84
2 76
1 53
2 72
1 7
1 96
2 43
1 17
1 88
1 85
2 31
2 91
1 37
1 44
2 45
1 51
1 51
2 16
2 45
1 1
2 69
2 94
2 83
1 23
2 16
1 58
2 69
1 18
1 60
1 95
1 23
1 15
2 89
1 35
1 98
2 83
1 78
1 71
1 55
1 99
2 2
2 64
1 51
1 55
1 78
1 18
1 48
1 61
2 92
1 93
2 33
1 71
1 98
2 33
1 56
2 16
2 31
1 2
2 92
1 29
2 70
1 81
1 66
1 14
2 20
2 64
1 56
1 19
2 2
2 32
2 65
2 56
2 72
1 15
1 66
1 10
2 5
1 21
2 85
2 16
2 4
1 100
2 72
1 48
2 34
2 69
1 20
2 4
1 53
2 76
2 98
2 14
1 63
2 17
2 45
2 28
1 57
2 16
1 41
1 52
1 91
2 88
2 44
1 35
1 22
1 51
2 83
1 26
1 41
2 84
1 24
1 38
1 96
1 24
1 56
2 87
2 65
2 10
2 29
2 17
1 18
2 39
1 52
1 51
2 28
1 47
1 98
1 54
1 49
2 31
1 1
1 98
2 13
1 71
2 91
1 61
1 19
1 6
1 73
2 45
2 16
1 77
1 36
2 6
2 46
2 64
1 96
2 85
2 29
2 68
1 15
2 6
1 95
2 90
1 49
2 92
2 42
2 2
1 54
1 89
1 25
1 37
1 77
1 15
2 83
1 42
1 55
2 88
2 45
2 91
1 71
2 10
1 38
2 40
2 45
1 42
1 61
1 76
1 8
2 90
1 63
2 30
1 24
2 12
1 63
2 89
2 39
1 24
2 32
1 55
2 7
1 62
1 82
1 24
1 49
1 35
1 86
1 75
1 14
1 99
1 89
1 60
1 16
1 95
1 73
1 1
2 57
1 48
1 56
2 92
1 18
1 8
1 7
1 51
2 94
1 61
1 61
2 87
1 71
1 22
1 36
1 23
2 69
2 39
1 10
1 28
1 36
1 60
1 14
2 64
1 9
2 33
2 45
1 22
2 80
1 27
1 73
1 49
1 59
2 13
2 12
2 12
1 26
1 3
1 75
2 39
1 81
1 40
1 17
1 94
1 22
1 73
2 83
1 56
1 59
1 82
1 47
2 2
1 75
2 12
2 88
1 86
2 16
1 46
1 99
2 37
1 86
2 28
2 4
1 63
1 71
1 33
2 72
1 54
2 53
1 42
2 37
1 97
2 85
2 72
1 37
2 46
2 90
1 8
1 58
2 43
1 49
1 27
2 89
2 16
2 29
1 49
1 54
1 50
1 7
1 32
1 35
1 48
2 40
2 91
1 67
1 8
2 89
1 56
1 61
1 7
2 16
2 88
2 40
1 7
1 19
1 71
2 57
2 47
1 58
2 90
2 94
2 68
1 5
1 97
1 75
1 58
2 20
1 51
1 14
1 95
2 69
1 17
2 91
2 16
1 39
2 46
2 32
1 31
2 2
1 53
1 28
1 61
1 41
1 52
2 39
1 62
2 91
1 95
2 80
2 68
2 69
1 46
2 30
1 18
1 23
2 67
2 16
2 84
1 73
1 98
2 38
1 97
2 99
2 46
1 21
1 23
2 90
2 43
2 14
2 32
1 49
2 3
1 17
1 7
1 44
2 92
1 66
2 76
1 25
2 28
1 31
1 100
1 52
2 2
1 40
1 53
2 31
1 14
2 85
1 15
1 17
1 60
1 94
2 29
1 7
2 13
1 80
2 92
1 35
1 1
2 6
1 2
1 41
1 77
1 77
2 94
1 50
1 66
1 47
2 79
1 8
1 94
2 6
2 6
1 38
1 74
1 86
1 17
2 45
1 63
1 14
1 48
2 80
1 51
1 95
1 59
1 82
2 89
2 61
1 27
1 14
1 59
1 81
1 77
1 99
2 45
1 14
2 46
2 6
2 20
1 49
1 75
1 26
1 38
1 33
2 85
1 19
1 98
1 61
2 3
2 13
2 45
2 12
1 56
1 53
2 33
1 83
1 22
2 67
2 37
1 15
2 40
1 1
1 66
1 36
1 55
1 71
2 61
2 79
2 80
1 32
1 71
1 41
1 70
2 4
1 81
1 86
2 12
2 12
1 7
2 85
2 76
2 84
1 42
1 78
1 82
1 62
1 99
1 26
2 43
1 42
2 24
1 59
2 79
2 26
1 50
2 32
2 6
2 72
1 5
2 12
2 2
1 66
1 61
2 6
2 68
2 94
2 32
1 51
1 62
1 85
2 2
1 8
1 100
1 95
1 8
2 4
2 76
2 57
2 2
2 92
2 34
1 49
2 68
1 80
1 36
2 85
1 100
1 93
1 55
2 2
1 100
2 31
2 32
1 47
1 5
1 95
1 97
1 27
1 47
1 74
1 46
2 94
2 76
2 45
2 84
2 4
2 80
2 37
2 32
1 77
1 10
2 80
1 41
1 20
1 49
1 26
2 20
1 49
1 24
2 57
2 64
1 1
1 25
1 9
2 28
1 17
1 35
1 38
2 32
1 43
1 62
1 14
1 98
1 24
2 13
2 69
1 73
1 19
1 15
2 85
2 4
2 89
2 80
1 22
2 4
2 83
1 98
2 54
1 5
2 40
1 48
1 14
2 31
1 75
1 42
2 76
1 75
2 90
1 81
2 85
2 64
2 67
1 17
1 53
1 82
1 14
2 87
1 73
2 45
1 100
1 71
1 95
1 82
1 19
1 22
2 13
2 13
1 56
2 79
2 3
1 74
1 99
1 93
1 12
1 100
2 90
2 72
2 4
1 18
2 68
2 46
1 26
1 53
2 37
1 23
2 94
1 70
1 26
2 69
1 36
2 87
2 8
1 62
2 34
1 11
2 71
2 82
1 95
1 61
1 93
2 28
1 76
2 79
1 24
2 90
1 51
1 1
2 85
1 27
2 64
1 17
1 93
2 32
2 37
1 9
2 92
1 66
2 83
1 9
1 9
1 5
2 30
1 43
2 30
1 50
1 5
2 16
1 72
1 93
1 15
2 56
1 54
1 18
2 37
1 19
2 33
2 67
2 6
2 93
2 68
2 32
2 40
2 83
2 91
2 2
1 9
1 41
2 85
2 70
2 13
1 99
1 62
1 30
2 3
1 5
1 93
2 30
1 66
1 1
2 10
2 84
1 63
2 91
1 61
1 85
2 3
1 27
2 30
1 63
1 93
1 42
1 15
1 48
2 4
2 29
1 7
2 91
1 78
1 60
2 40
1 93
2 24
2 57
2 29
1 95
1 55
2 43
1 42
2 45
2 84
2 28
2 68
1 41
1 22
2 68
2 45
2 37
1 60
2 46
1 19
1 1
1 98
1 74
2 12
2 37
2 79
1 75
1 24
2 15
2 84
1 49
2 30
2 64
1 1
1 22
1 8
1 53
2 32
2 49
2 10
2 3
2 72
1 17
1 48
2 13
1 47
1 42
1 77
2 28
1 54
1 24
2 80
1 25
1 22
1 44
1 15
1 25
2 90
2 31
1 24
1 96
1 1
1 55
2 33
2 92
1 94
1 61
2 94
2 40
2 37
1 48
1 35
2 76
2 6
1 55
1 53
1 42
1 88
1 77
1 54
2 1
1 99
2 43
2 16
2 4
1 42
2 10
1 14
2 79
1 24
1 23
1 75
2 10
2 30
2 29
2 2
2 31
1 53
2 55
1 8
2 30
1 73
1 25
2 43
1 21
1 98
1 74
2 57
2 89
1 17
1 35
2 52
2 72
2 4
2 3
2 29
1 11
1 23
2 28
1 49
2 30
1 50
2 100
1 18
1 54
1 25
1 62
1 14
1 36
2 20
2 88
1 73
2 29
2 39
1 82
1 95
1 14
1 77
1 77
1 24
1 59
1 44
2 68
2 29
1 56
1 92
2 34
1 54
1 24
1 47
1 51
1 93
2 94
1 63
1 14
1 77
2 37
1 99
2 67
1 76
2 45
2 69
1 25
2 39
1 86
1 93
1 1
2 67
1 17
1 61
1 18
2 76
2 16
1 22
1 97
2 72
1 71
1 24
2 28
2 37
2 28
1 18
2 33
2 29
1 54
1 1
1 41
1 17
2 94
1 80
1 22
2 37
2 40
1 58
2 33
1 54
2 72
1 17
2 37
1 18
1 38
1 71
2 20
1 14
1 54
2 32
2 64
1 58
2 68
2 45
1 20
1 56
2 40
2 80
1 6
2 68
2 69
1 21
2 6
2 40
1 46
1 98
2 4
1 99
2 70
1 15
2 10
2 31
2 67
2 69
1 21
2 69
2 94
2 13
1 25
1 41
1 99
1 21
1 15
2 10
2 16
2 64
1 48
2 6
2 90
1 62
2 68
2 20
2 85
1 79
1 38
2 92
1 36
1 63
1 19
1 66
1 56
2 68
2 39
1 58
2 69
2 13
1 51
1 73
1 21
1 22
2 4
1 25
1 95
2 45
1 7
2 13
2 37
2 79
2 72
2 65
1 62
1 74
2 92
1 25
1 15
2 45
2 45
2 94
1 49
1 50
1 50
2 20
2 3
1 66
1 74
1 71
2 7
1 21
1 30
2 83
1 66
2 68
1 7
2 37
1 5
1 60
1 77
2 2
1 26
2 68
1 30
2 84
2 55
1 77
2 69
1 1
1 53
2 16
2 4
2 80
1 47
2 40
1 82
1 64
1 7
2 6
2 40
1 77
2 89
1 10
1 41
1 5
1 86
1 74
2 64
1 35
1 63
1 23
2 28
2 31
1 1
1 94
1 75
2 27
1 41
1 44
1 71
2 94
1 41
1 48
2 6
2 83
1 27
1 7
2 92
2 9
2 79
2 16
1 56
2 4
2 68
1 27
1 5
1 56
1 95
2 69
1 72
2 89
1 41
1 100
1 26
1 36
1 41
2 94
1 100
1 36
2 100
1 49
1 25
2 39
1 78
1 66
1 52
1 8
1 19
1 66
1 36
1 61
2 80
1 7
2 33
2 76
2 70
1 35
2 13
2 6
1 41
1 99
1 99
1 78
1 36
2 32
1 66
2 72
2 70
2 4
1 9
1 42
1 81
1 63
1 40
1 53
1 51
2 4
2 34
1 94
1 42
2 30
1 58
2 69
2 88
2 2
1 11
1 1
2 13
2 83
2 6
1 23
2 40
2 30
2 37
1 71
1 24
1 74
2 43
2 34
2 69
1 75
2 37
2 45
2 72
2 99
2 34
2 88
2 46
1 58
2 85
1 81
1 20
2 53
1 11
2 72
1 66
1 1
1 66
2 10
1 50
2 84
1 54
2 88
1 100
2 10
2 70
2 84
2 28
2 45
2 45
1 28
1 62
1 99
1 49
1 75
2 70
2 17
2 85
1 61
1 95
2 3
1 56
2 29
2 92
1 22
2 70
1 53
1 78
1 81
1 60
1 93
1 8
2 6
2 84
1 63
1 35
2 64
1 42
1 27
2 12
1 14
2 13
1 50
1 78
1 39
1 93
1 78
2 55
1 8
1 53
1 51
2 31
2 30
1 53
2 64
1 71
1 50
1 78
1 74
1 25
2 31
2 4
1 64
1 66
1 66
1 81
2 34
1 17
2 55
2 9
1 36
2 69
1 45
1 49
1 23
2 4
1 38
1 52
1 5
1 9
1 55
1 98
1 7
1 24
2 13
2 79
1 14
2 88
1 59
2 12
1 81
1 66
1 38
2 28
2 87
2 85
1 38
2 81
2 33
1 42
2 84
2 28
1 17
1 59
1 99
1 61
1 24
1 26
2 43
2 34
2 28
1 66
1 95
1 64
2 3
1 95
1 82
1 1
1 21
1 27
2 89
2 68
2 80
2 33
1 66
2 57
2 6
2 91
2 32
1 98
1 82
2 43
2 12
2 45
2 68
2 88
2 92
1 17
1 23
1 50
2 80
2 69
2 87
2 94
2 87
2 91
1 10
1 62
2 16
2 63
2 3
1 75
2 92
2 25
1 17
1 66
2 79
2 10
2 10
1 86
1 1
1 56
2 83
1 24
1 24
1 14
1 49
2 69
1 36
2 39
2 80
1 24
2 91
2 57
1 18
2 64
1 93
2 16
1 53
2 20
1 78
2 3
2 68
1 57
2 33
1 82
1 7
1 97
1 86
2 45
1 58
2 2
2 18
1 11
1 53
2 46
2 37
2 94
1 59
1 96
1 98
2 89
1 23
1 49
1 75
1 21
2 68
1 97
2 70
1 38
2 10
2 80
1 5
1 23
2 20
2 29
1 54
2 75
1 60
1 86
2 16
1 38
1 23
1 18
2 42
1 17
1 15
2 76
1 17
2 89
1 23
1 50
1 60
2 92
1 78
1 27
1 86
2 72
1 82
2 90
2 90
1 24
2 3
2 57
1 97
1 9
1 41
2 6
2 68
1 93
1 75
2 46
1 8
2 65
1 61
1 53
2 91
2 31
1 54
1 86
1 19
1 75
1 58
2 39
1 95
2 87
2 88
1 38
1 47
2 68
2 28
2 16
2 34
2 70
1 34
1 48
1 49
1 9
1 17
1 97
2 45
1 53
2 43
2 33
2 31
2 46
1 35
2 46
1 21
1 96
2 16
1 87
1 48
1 29
2 73
2 30
2 84
1 22
1 1
1 86
1 70
2 85
1 84
1 37
1 38
1 18
1 15
1 42
1 58
1 51
2 4
1 73
1 75
2 4
1 56
2 87
2 30
1 5
1 35
2 85
1 77
2 87
2 13
2 29
1 82
1 44
1 95
2 100
2 31
1 61
1 86
1 54
1 47
2 80
1 5
1 58
1 99
2 64
1 50
1 27
2 32
2 85
1 50
1 52
1 96
2 68
1 96
1 77
1 58
2 65
1 23
2 69
1 92
1 58
1 97
1 54
1 36
2 92
1 58
1 86
2 67
1 7
1 27
1 8
1 60
2 37
1 97
2 13
1 27
2 10
2 88
1 81
1 52
1 74
2 37
1 49
2 80
2 57
1 14
1 55
1 27
1 54
1 50
2 76
2 37
1 24
1 71
2 45
2 4
1 86
2 6
2 70
2 45
1 15
1 19
1 9
1 82
1 18
2 76
1 1
2 40
1 27
2 89
1 19
2 10
1 14
1 56
1 25
2 39
1 60
1 74
1 39
2 79
2 31
1 61
1 61
1 71
2 91
1 59
1 49
2 32
2 34
1 93
2 28
2 30
2 39
2 80
2 47
1 24
2 91
1 56
2 13
1 56
2 85
1 95
2 39
2 50
2 2
1 86
1 56
1 35
2 88
1 73
1 59
1 58
2 28
2 94
1 49
2 39
1 14
1 58
2 64
2 46
2 26
1 70
2 16
1 17
1 6
1 1
2 68
2 64
1 50
1 62
1 48
1 3
1 99
1 44
1 85
2 69
1 17
1 8
1 11
2 6
1 21
1 14
1 30
2 40
2 34
1 5
2 62
2 91
1 9
1 74
1 27
2 88
1 11
1 57
2 92
1 71
2 12
2 67
1 8
1 58
1 61
1 38
2 72
1 18
2 65
2 92
1 71
2 46
1 58
2 57
1 45
2 31
1 95
2 45
1 54
2 68
1 14
1 54
1 15
1 73
2 10
2 93
2 71
1 49
2 92
1 5
1 86
1 21
2 11
2 64
2 29
2 89
2 29
1 14
1 66
2 95
1 32
2 43
1 99
2 43
2 12
2 87
2 4
2 64
1 82
1 36
1 49
1 21
1 17
2 70
1 54
2 88
2 5
1 96
1 24
1 57
2 83
1 56
1 100
1 7
1 77
2 2
2 29
2 84
1 36
1 1
1 9
1 8
1 97
1 82
2 6
1 41
1 21
2 84
1 55
1 93
1 8
1 48
2 39
1 86
2 70
1 52
1 81
2 80
1 97
1 44
1 30
2 2
1 27
1 24
1 52
1 95
2 60
1 51
1 59
2 10
1 50
2 29
2 45
2 37
2 40
1 41
2 65
1 50
1 42
2 68
2 64
2 39
1 9
1 82
1 82
2 4
2 29
2 68
2 76
2 6
1 41
1 23
2 21
1 74
2 34
1 60
1 54
1 18
1 71
1 54
2 42
2 33
1 15
2 46
1 75
1 54
2 13
1 53
2 39
1 1
2 43
1 27
1 26
1 15
2 34
2 83
1 47
1 62
2 65
2 70
1 93
1 19
1 85
1 73
2 45
1 11
2 94
1 53
1 52
2 90
2 33
2 20
2 6
1 5
1 93
2 83
2 89
1 26
1 36
1 45
1 78
2 9
1 71
1 24
1 86
1 48
1 89
2 21
1 100
2 84
2 86
2 28
2 3
1 78
1 78
1 38
1 18
1 23
2 88
2 80
1 1
1 78
2 67
1 8
2 40
1 38
1 95
1 21
1 99
1 96
1 58
1 53
1 89
2 3
1 95
1 66
1 19
1 50
1 96
1 74
1 24
2 2
1 15
1 27
2 4
1 98
1 99
2 34
2 98
1 22
1 25
1 53
2 79
2 84
1 42
2 40
2 43
1 48
1 11
1 48
1 70
1 74
1 86
2 2
2 54
2 28
1 39
1 84
1 21
1 14
2 16
2 16
1 41
2 33
1 22
1 97
2 16
1 78
1 25
1 63
1 25
2 89
2 64
1 95
1 59
2 85
1 51
1 18
1 61
1 77
2 45
2 72
2 3
1 51
1 59
2 92
1 27
1 99
2 40
1 1
2 30
2 67
1 75
1 47
2 98
1 93
1 66
1 54
1 36
1 23
2 80
1 23
2 91
2 89
1 96
1 62
1 100
2 57
1 52
1 18
2 30
2 4
2 87
1 63
1 56
1 21
2 40
1 50
2 16
2 31
2 29
2 65
2 37
2 13
1 99
1 66
1 81
1 51
1 55
1 95
2 84
2 94
1 27
1 5
1 1
1 63
2 29
2 92
2 16
2 84
1 1
1 53
2 84
1 8
2 90
2 91
2 49
1 71
1 18
1 23
1 52
1 57
1 22
2 72
1 22
1 86
1 99
2 68
2 88
2 92
2 2
2 28
2 57
2 3
2 28
1 75
2 45
1 62
1 36
2 4
1 78
1 57
2 80
1 75
2 84
1 42
2 85
2 88
1 49
2 39
1 55
2 62
1 52
1 50
2 33
1 52
1 11
1 25
2 92
1 96
2 53
2 24
1 47
1 19
1 58
1 7
1 62
1 94
2 40
1 62
2 64
1 61
2 39
1 24
1 58
2 30
1 19
1 17
1 70
1 42
2 40
2 96
1 9
1 51
2 89
1 71
2 67
2 26
1 21
2 31
2 12
1 15
1 66
2 83
2 39
1 25
2 83
1 98
2 70
1 50
2 20
2 83
1 33
2 39
2 64
1 74
2 31
1 21
1 86
2 2
1 41
1 66
1 66
1 100
1 11
1 35
1 15
1 24
1 64
1 60
2 32
1 8
1 81
2 85
2 69
1 61
1 95
1 78
2 29
1 53
1 98
2 4
1 22
2 79
1 87
1 52
1 47
1 49
1 18
2 64
1 41
2 72
1 77
1 18
2 65
2 20
1 18
2 37
2 70
1 5
2 2
2 45
2 30
1 24
2 81
1 66
1 49
1 54
1 95
1 75
2 94
2 89
1 19
1 24
1 23
1 74
2 37
2 10
1 63
1 87
1 17
1 99
1 50
2 13
2 32
1 47
2 46
1 19
1 25
1 41
1 26
2 28
2 84
1 73
1 79
1 44
2 30
2 31
1 82
2 88
1 58
1 17
1 59
2 31
1 7
1 96
1 87
1 73
1 17
1 22
1 25
1 26
1 36
2 80
1 25
1 24
2 36
1 98
2 10
2 31
1 77
2 43
2 92
2 45
1 55
2 10
1 73
2 32
2 27
2 80
1 61
1 54
1 40
2 32
1 68
2 43
1 48
2 84
2 88
2 91
2 95
1 11
1 60
1 54
2 91
1 44
2 57
2 80
1 59
2 43
1 26
1 60
1 73
2 32
1 75
2 1
1 35
2 47
1 50
1 71
2 31
1 25
2 10
1 57
1 74
1 59
2 9
1 66
2 96
1 98
1 49
2 67
1 17
1 53
2 67
1 78
2 76
1 59
1 56
2 33
1 74
1 54
1 61
2 76
1 16
1 59
2 13
2 99
1 78
1 61
2 87
2 72
1 35
2 66
1 92
1 23
1 42
2 28
2 72
1 15
1 7
2 85
1 38
1 8
1 26
1 5
2 57
2 11
2 79
2 3
2 80
2 32
1 74
1 18
2 84
1 24
1 47
2 37
1 55
1 58
1 38
2 46
2 37
2 57
1 36
2 45
1 7
2 16
2 34
1 7
1 50
1 74
2 39
2 83
1 17
2 13
2 84
1 53
1 65
1 19
2 80
1 78
2 30
1 47
1 74
1 96
1 96
1 27
1 86
1 9
1 5
2 94
1 91
2 80
1 63
1 19
1 19
1 93
1 60
1 59
1 86
2 37
2 90
2 45
2 64
2 90
1 5
1 74
2 39
1 30
1 25
1 5
1 72
1 49
2 28
2 33
2 76
2 34
2 4
1 75
2 40
2 30
1 14
1 51
2 39
1 29
2 40
1 62
1 42
2 27
1 59
1 35
2 77
2 34
2 76
1 53
1 85
1 93
1 53
1 67
2 10
2 28
1 66
1 24
1 6
1 5
1 25
1 80
2 4
1 80
1 75
2 10
2 85
1 100
2 45
2 3
2 70
1 60
2 29
1 95
1 14
2 6
2 90
1 47
1 7
2 84
1 77
2 84
2 35
2 40
1 5
1 38
2 85
1 84
2 39
1 15
2 2
1 71
2 33
2 43
1 99
2 85
2 43
2 87
1 78
2 91
1 72
2 94
2 67
2 39
2 88
1 42
1 49
1 100
1 92
1 58
2 12
1 98
1 63
1 8
1 53
2 69
1 86
1 61
1 7
1 52
1 48
1 97
2 42
1 81
1 23
1 9
1 58
1 98
2 29
2 64
2 28
1 93
2 16
1 24
1 1
1 90
2 13
2 83
1 1
1 83
1 94
1 3
2 79
2 64
2 65
1 5
2 12
1 42
1 14
2 95
2 65
2 92
1 42
1 25
2 2
1 67
1 74
1 89
2 16
1 41
2 62
1 11
1 60
1 21
2 3
2 90
1 60
1 34
2 34
1 15
2 57
2 12
1 18
1 62
2 46
2 67
1 75
1 56
2 76
1 59
1 21
1 24
1 75
1 23
2 89
1 48
1 93
2 85
1 36
2 30
1 54
1 17
1 38
2 91
1 53
1 64
1 93
2 8
1 56
1 95
2 20
2 13
1 11
1 23
2 39
1 53
2 87
1 73
2 76
1 98
2 12
1 93
1 25
2 65
1 14
1 66
2 12
1 50
2 89
1 74
1 58
2 29
1 5
1 87
2 2
2 83
2 45
2 39
1 76
1 47
2 2
2 15
1 73
2 85
2 32
1 60
1 99
2 92
2 40
1 95
2 47
1 23
2 92
1 17
1 4
1 77
1 17
1 54
2 48
1 58
1 73
1 81
2 85
2 85
1 93
1 96
1 38
2 16
1 12
1 53
2 94
2 94
1 5
1 23
1 53
1 48
1 51
2 90
1 75
1 65
2 92
2 88
2 12
2 59
1 9
1 82
2 87
1 98
1 66
1 22
2 87
1 82
1 19
1 50
1 24
1 17
1 82
1 62
2 6
1 98
2 12
1 53
1 23
1 68
2 65
1 47
1 44
1 98
1 20
1 61
1 22
1 60
1 36
1 56
2 65
2 12
1 99
2 70
2 70
1 14
1 22
1 74
1 73
1 37
2 28
2 94
2 40
1 32
2 33
1 24
1 95
1 1
2 67
2 13
2 90
2 46
1 18
2 10
2 30
1 15
1 43
1 99
2 8
1 71
2 67
1 32
1 8
2 92
2 95
2 80
1 73
1 2
1 15
1 23
2 20
2 92
1 11
1 75
1 36
1 93
1 36
1 27
1 1
2 48
1 63
1 62
1 95
1 89
1 36
2 39
2 29
1 99
1 22
1 95
2 12
2 86
1 96
2 64
2 33
2 29
2 13
1 9
2 92
1 56
2 28
1 92
2 90
1 23
2 69
1 99
1 97
2 57
1 15
2 88
1 97
1 96
1 34
1 5
2 67
1 17
1 29
1 38
1 61
2 92
1 41
2 87
2 46
2 65
2 10
1 50
1 18
1 22
2 2
1 100
2 91
2 12
1 53
2 10
2 92
1 93
1 81
1 75
2 88
1 53
2 20
1 61
1 63
2 46
1 8
1 48
1 82
1 98
1 59
1 52
1 23
1 63
1 53
1 58
2 28
2 13
2 10
1 50
2 31
2 75
1 95
1 93
2 67
1 75
1 56
2 68
1 52
2 38
1 95
1 98
2 70
1 100
2 37
1 86
1 96
1 97
2 32
1 18
1 38
1 7
1 49
1 81
2 64
1 37
1 63
2 16
1 96
1 71
1 96
1 41
2 13
1 49
2 28
2 89
1 19
2 22
1 95
2 64
1 53
1 60
2 4
1 93
2 32
1 82
2 2
1 25
1 9
2 26
1 97
1 36
1 99
1 52
1 8
1 10
2 64
2 57
2 10
1 11
1 71
1 18
2 45
1 38
1 25
2 80
1 71
1 74
1 97
2 64
2 94
2 48
2 2
1 73
2 29
2 89
2 90
1 36
2 80
1 100
2 65
1 42
2 37
1 38
2 28
2 69
1 10
2 47
2 11
2 88
2 32
2 94
1 18
1 73
2 40
2 4
1 52
1 9
1 97
1 11
1 55
2 32
1 9
1 95
1 1
2 70
1 62
2 45
2 79
2 88
1 55
1 77
1 81
1 44
2 89
1 61
1 81
2 70
1 24
2 12
2 90
2 4
2 37
2 31
1 18
1 63
2 20
1 62
1 11
1 58
1 11
2 92
2 92
2 4
1 54
2 90
2 80
2 92
1 96
2 29
1 77
2 70
1 91
1 24
1 100
1 95
1 10
2 34
1 4
2 91
2 68
1 35
1 90
2 33
1 24
1 35
2 10
1 96
2 46
1 61
1 96
2 47
2 2
1 69
1 61
1 97
1 52
2 8
2 87
1 50
2 65
1 71
2 62
2 2
1 97
2 31
1 2
1 30
2 37
1 61
1 6
2 43
1 14
1 66
1 14
1 42
1 99
1 60
1 100
1 48
1 59
1 62
1 86
1 61
2 10
2 33
1 72
2 79
2 45
1 62
1 17
2 70
1 55
2 87
1 22
1 8
1 36
1 9
1 17
1 59
1 8
2 64
1 59
1 99
1 44
1 86
2 12
2 71
2 10
2 43
1 42
1 98
1 38
1 61
1 78
1 71
2 46
1 58
1 99
1 74
2 64
2 6
1 81
1 11
2 84
1 24
2 68
2 31
2 69
1 11
2 69
2 33
2 46
2 31
1 35
2 30
2 89
2 13
2 39
2 64
1 51
2 29
1 63
2 87
1 19
1 51
1 7
2 85
1 55
1 8
2 10
1 5
1 47
1 6
1 51
1 52
1 58
1 7
1 86
1 24
1 62
2 10
2 40
2 83
1 91
1 83
1 24
1 47
2 84
2 72
1 41
1 48
1 51
1 100
1 11
1 42
2 65
2 16
1 66
1 27
1 61
2 69
1 99
2 96
2 31
2 34
1 1
1 47
1 43
1 78
1 58
2 89
2 83
2 64
1 60
1 38
2 39
2 25
1 44
2 4
2 88
1 55
2 16
2 34
2 6
2 85
1 60
1 55
1 86
2 29
2 80
1 9
2 31
1 81
1 54
1 19
2 90
1 14
2 94
1 5
2 43
2 65
1 23
2 89
2 92
1 53
2 84
2 90
2 6
2 37
2 6
2 84
2 91
2 91
1 82
2 87
1 47
1 68
1 99
1 95
2 85
1 98
2 72
1 44
2 3
2 72
2 6
1 99
1 55
2 91
1 93
1 97
1 70
2 2
1 1
1 61
1 82
2 57
1 93
1 56
2 40
2 94
1 62
2 30
2 85
1 36
1 70
1 63
1 96
1 17
1 49
2 83
1 59
2 49
1 9
2 30
1 14
1 82
1 13
1 35
2 80
2 76
2 33
1 21
2 85
2 85
1 51
2 32
1 48
1 69
1 96
2 4
1 50
2 2
2 40
1 77
1 50
2 43
1 75
1 53
1 20
2 69
1 21
1 17
2 44
1 8
1 21
2 3
1 100
1 49
1 46
1 23
2 28
2 94
2 10
1 54
1 36
1 77
2 67
2 64
1 7
2 3
2 45
1 61
1 95
1 82
1 86
1 99
1 55
1 93
2 89
2 87
1 76
2 22
1 71
2 57
2 76
1 1
1 78
2 77
1 44
1 23
1 92
1 82
2 43
1 92
1 98
1 75
1 38
1 77
2 94
2 30
2 79
1 55
1 59
2 27
1 8
1 71
1 62
2 40
2 31
1 37
2 32
1 58
2 4
1 89
2 64
2 3
1 97
2 80
2 30
1 60
2 86
2 10
2 69
2 19
1 55
2 12
1 53
2 13
2 39
1 98
1 36
2 70
1 64
2 91
2 94
1 3
2 3
2 26
1 98
2 28
1 22
2 65
2 89
1 38
1 99
1 99
2 39
2 92
1 25
1 97
1 51
1 47
1 54
1 85
2 37
1 59
1 9
1 50
1 82
2 4
2 69
2 16
2 40
1 81
2 29
1 8
2 67
2 4
1 93
2 83
2 67
2 88
1 55
1 27
2 94
2 80
1 62
2 76
1 71
1 41
2 90
2 91
2 40
2 73
1 53
2 84
1 78
2 37
1 93
2 84
1 28
1 19
1 63
2 12
1 47
1 19
2 80
1 7
1 73
2 94
2 37
2 72
1 73
2 65
2 16
1 72
1 18
1 9
1 9
1 19
2 64
1 58
1 55
1 19
2 63
1 22
1 55
2 34
1 82
2 79
1 23
2 88
2 70
1 55
2 34
2 16
1 71
1 35
1 100
2 89
2 20
1 100
1 93
2 25
2 6
2 80
2 43
1 7
1 52
1 42
2 50
1 61
1 58
1 59
1 21
2 91
1 49
1 66
1 95
2 37
1 77
1 93
1 72
1 77
1 30
1 96
1 41
2 20
1 19
1 27
2 64
1 53
1 86
1 51
1 73
1 8
1 98
2 43
2 46
2 65
1 58
1 99
1 36
1 2
2 79
1 4
1 73
1 9
1 100
1 48
1 59
1 100
2 37
2 67
2 79
1 15
2 2
1 66
1 63
2 88
1 52
2 85
2 80
1 75
2 32
1 5
2 40
2 85
1 25
1 14
1 55
2 64
1 66
2 67
2 34
2 30
1 96
1 78
2 16
1 49
2 63
2 80
2 76
2 70
1 63
1 22
1 47
1 38
1 56
2 85
1 40
1 64
2 85
2 40
1 86
1 27
2 72
1 36
1 24
2 28
2 60
1 53
2 68
2 37
2 94
1 1
2 13
2 70
2 88
1 47
1 1
1 38
2 65
2 6
2 16
2 57
2 37
1 42
1 59
1 44
1 100
1 76
2 16
2 4
1 93
2 89
2 64
1 36
2 34
1 38
1 100
1 76
2 87
1 78
2 32
1 61
1 91
1 80
1 75
1 59
1 97
1 14
2 64
2 53
2 85
1 77
1 26
2 16
1 53
1 97
1 5
1 26
1 77
2 70
1 35
2 16
1 54
2 84
1 38
1 38
2 92
1 4
1 26
1 21
1 15
1 66
2 67
1 77
1 31
2 65
2 41
2 32
1 24
1 52
1 37
2 49
1 62
1 55
1 77
1 63
1 74
1 25
1 5
1 50
1 77
1 55
2 68
1 59
2 67
2 31
2 85
1 42
1 17
2 12
2 65
1 11
1 63
1 21
2 33
1 73
2 16
1 35
1 55
2 13
2 13
1 87
1 56
1 18
1 75
2 88
2 94
1 53
1 99
1 61
2 49
1 78
2 90
1 71
2 3
1 42
2 32
1 86
1 38
1 17
1 99
1 42
1 75
1 17
1 98
2 67
2 65
1 84
1 97
2 29
1 82
1 19
1 19
2 3
1 1
1 18
2 31
1 51
1 25
1 74
2 10
1 93
1 21
1 27
1 60
2 31
2 90
1 75
1 100
2 13
1 48
2 76
2 20
1 38
2 68
1 58
1 25
1 93
2 20
1 94
1 41
2 88
2 72
1 26
2 40
2 3
1 24
1 81
1 26
1 49
2 89
1 14
1 60
1 44
2 30
1 36
1 22
2 61
1 45
1 46
1 17
2 12
2 31
1 74
1 58
1 32
2 28
1 58
2 10
1 10
1 97
1 9
1 53
1 75
1 81
1 23
2 39
1 35
2 68
1 42
2 32
1 1
1 100
1 60
1 74
1 96
1 97
2 88
1 67
2 10
1 93
2 39
2 69
1 25
1 23
2 67
2 85
1 17
1 14
1 48
1 96
2 3
2 64
1 56
1 71
1 24
1 9
1 19
2 4
1 78
2 13
2 70
1 98
1 17
2 28
1 77
1 28
1 42
1 97
2 2
1 7
1 22
1 84
1 56
1 54
2 85
2 2
1 50
1 2
1 25
1 52
2 69
1 86
1 22
1 48
2 88
2 40
1 78
2 43
2 3
2 76
1 12
2 3
2 13
2 69
1 19
1 9
1 26
2 37
1 86
2 32
2 2
2 92
2 30
1 51
2 72
2 33
2 67
2 70
2 83
1 73
1 25
1 18
2 70
1 44
1 52
1 23
1 35
2 84
1 18
2 57
1 97
1 97
1 15
2 31
1 58
1 74
2 92
1 92
1 69
1 55
1 51
1 41
1 62
1 52
2 68
2 79
1 8
1 35
1 28
1 22
2 29
1 8
2 16
1 98
2 88
1 15
1 23
2 34
1 55
1 39
2 85
1 86
1 17
2 29
2 67
2 90
2 39
2 43
1 25
1 78
1 90
1 66
1 38
1 19
1 100
1 25
2 84
2 10
1 54
2 88
2 67
1 96
2 40
2 12
1 50
1 49
2 64
2 80
1 81
1 11
2 42
2 3
1 18
1 61
1 77
1 9
1 35
1 7
2 70
2 31
1 97
1 60
2 75
1 76
1 14
1 9
1 69
1 53
1 52
2 28
1 86
1 50
2 94
1 100
2 79
1 25
2 20
2 91
1 63
2 43
1 27
1 50
2 13
2 83
1 98
2 30
2 12
1 41
1 78
1 35
1 49
1 44
1 50
2 57
2 71
2 89
2 91
2 83
2 34
1 5
1 70
2 87
1 11
2 37
1 60
1 91
1 86
1 41
1 9
2 88
1 56
1 49
1 11
2 57
2 37
2 86
1 58
1 59
2 79
2 33
1 80
2 20
2 72
1 15
2 10
1 52
2 90
2 34
2 33
1 44
1 21
2 70
2 31
1 67
2 67
2 38
2 10
1 51
1 58
1 11
2 13
2 42
1 86
1 44
1 56
2 5
1 21
1 99
1 35
2 68
2 43
2 68
1 36
1 38
2 89
1 75
2 70
1 54
2 91
2 40
2 29
2 76
1 8
1 61
2 46
2 18
1 97
2 65
1 24
1 86
2 71
1 61
1 71
1 9
2 40
1 92
2 12
1 50
1 100
1 53
1 97
1 74
2 72
1 60
2 83
2 10
2 68
2 84
1 73
1 7
1 35
1 99
1 54
2 83
2 94
2 84
1 50
1 10
1 47
1 17
2 91
2 8
1 82
2 88
1 47
2 16
1 54
1 58
1 26
2 45
2 29
2 69
2 12
1 61
2 48
2 34
1 26
1 96
1 24
2 79
2 72
1 100
1 29
1 89
1 22
1 75
2 89
1 55
2 3
2 89
2 34
2 43
1 93
2 92
2 39
1 66
1 44
2 43
1 35
1 5
1 11
2 89
1 48
1 86
1 76
1 89
2 3
2 85
2 89
1 50
2 89
1 98
1 73
1 63
1 63
1 52
2 16
1 59
2 57
1 75
1 74
1 40
1 87
1 86
1 56
1 26
1 8
2 37
2 2
2 67
2 76
1 19
2 4
2 46
2 67
2 91
1 83
1 86
2 34
2 87
2 31
2 75
1 24
1 32
2 43
1 17
2 13
2 51
1 25
2 93
1 3
2 45
2 33
1 63
2 6
2 65
1 24
1 26
1 53
1 1
2 86
1 66
2 43
2 33
1 50
2 34
2 67
2 75
2 39
1 66
2 96
2 68
2 38
1 26
2 16
1 81
1 52
1 23
2 99
1 50
1 49
1 76
1 98
2 43
2 28
1 60
1 22
2 90
2 64
1 26
1 14
2 33
1 42
1 53
1 82
1 15
2 84
1 34
2 28
2 61
1 51
1 60
1 94
2 79
2 94
2 91
1 60
2 20
1 60
1 63
1 18
2 12
1 66
2 29
1 63
1 54
1 85
2 57
1 14
2 46
2 84
1 1
1 53
2 34
1 60
1 77
1 15
1 14
1 35
1 41
2 43
1 61
2 41
1 81
2 39
2 3
2 10
2 65
2 32
2 6
1 35
1 9
2 79
2 34
1 43
1 54
2 70
1 75
2 30
1 15
2 85
1 23
1 61
2 57
1 74
1 52
1 97
2 32
1 97
2 3
1 99
1 44
1 8
2 76
1 50
2 68
1 44
1 22
2 76
1 8
2 3
1 93
2 57
1 92
1 89
1 86
1 35
1 8
2 84
1 26
1 41
1 49
1 41
2 71
2 76
2 70
2 57
1 8
1 95
1 5
1 54
2 25
2 30
1 97
1 35
1 100
1 36
2 88
2 65
2 69
1 78
1 11
1 54
2 88
1 19
2 23
2 28
2 40
2 87
2 20
2 14
1 23
1 34
1 15
2 16
1 75
1 14
2 91
2 39
1 95
2 87
2 46
1 73
2 27
2 64
2 90
1 21
2 85
1 95
1 96
1 8
2 83
1 93
1 9
1 79
1 23
1 93
2 80
1 22
2 29
2 31
1 30
1 17
1 9
2 10
1 93
2 25
2 29
1 27
1 55
1 26
1 7
1 21
1 21
2 90
2 12
1 78
1 18
1 99
1 1
2 58
1 92
2 79
1 53
2 89
1 21
2 16
2 28
2 87
2 34
1 87
2 40
2 20
1 99
2 37
1 99
1 34
1 26
2 70
1 78
2 79
1 32
2 43
1 71
1 61
2 94
1 35
1 23
2 19
1 60
1 54
1 66
1 7
2 40
1 36
1 11
2 68
1 34
1 17
2 29
1 58
1 66
1 26
1 7
1 15
1 63
1 100
2 32
1 63
2 88
1 56
2 29
2 94
1 38
2 79
2 38
2 33
1 21
1 18
1 18
1 99
1 18
2 79
1 62
2 87
1 12
2 33
2 33
1 81
1 61
1 96
1 59
2 12
2 42
1 7
2 79
2 16
2 53
2 69
1 21
2 94
2 76
2 66
1 19
1 40
1 74
1 13
2 56
1 48
1 8
1 75
2 4
2 33
1 38
1 17
1 97
2 83
2 65
2 47
2 64
1 95
2 70
1 12
1 51
2 90
2 70
1 66
1 44
2 84
1 51
2 12
1 25
1 52
1 62
1 22
1 55
1 44
2 30
1 25
1 19
1 41
1 49
2 45
1 54
1 53
1 96
1 16
1 59
1 11
2 13
2 33
1 23
2 65
1 78
2 13
2 12
2 67
1 50
1 14
2 68
2 30
1 66
1 47
2 87
2 43
1 90
2 57
2 91
1 27
1 49
1 75
1 81
2 31
1 90
1 82
1 9
1 1
2 13
1 78
2 80
2 94
1 23
1 66
2 30
2 68
1 5
1 58
2 68
1 55
2 65
2 13
1 1
1 22
2 31
1 8
1 55
1 18
1 61
2 3
1 71
2 10
1 36
1 56
1 86
1 24
2 57
2 40
2 29
1 96
2 34
2 64
2 72
1 20
2 16
2 68
2 2
1 35
1 23
1 24
2 6
1 75
2 69
2 33
2 29
1 22
2 32
1 10
1 15
2 91
2 70
1 36
1 61
2 40
2 13
1 25
2 87
2 46
2 35
2 76
2 76
1 95
1 38
1 78
1 73
2 62
2 57
1 83
1 26
1 36
2 12
1 67
1 63
1 74
2 90
1 36
1 63
2 80
1 26
1 25
1 74
1 15
2 89
2 13
2 45
2 57
2 56
1 78
1 35
2 74
1 93
1 57
1 14
2 94
2 13
2 85
1 15
1 82
1 14
1 41
1 89
1 24
1 22
1 10
1 42
2 37
1 8
2 70
1 1
2 88
2 92
1 49
1 57
2 61
1 27
2 21
2 80
2 32
1 62
2 34
2 94
2 29
2 89
2 40
1 36
1 24
1 38
2 27
1 54
1 86
2 33
1 25
1 58
1 66
2 28
1 27
1 20
1 9
1 47
1 22
1 19
2 87
2 85
2 64
2 64
2 88
1 74
1 71
1 93
2 100
2 10
1 55
1 26
1 7
2 89
2 86
2 29
1 5
2 16
1 19
2 31
1 41
2 4
1 42
2 65
2 80
2 45
2 22
1 56
1 7
1 17
1 98
1 41
1 14
2 29
1 63
2 39
2 4
2 90
1 18
1 77
1 63
1 57
2 90
1 49
1 100
1 51
1 31
1 59
2 33
2 91
1 26
1 8
1 13
2 64
1 1
2 87
2 91
1 7
2 57
2 93
1 58
1 11
2 88
2 80
1 38
1 5
2 65
1 63
2 85
1 36
1 27
1 15
1 93
1 23
1 49
2 69
1 63
1 7
2 87
1 100
2 90
2 87
1 41
2 51
1 100
1 18
1 73
2 9
1 47
2 36
1 27
1 24
2 90
1 49
2 13
1 11
2 64
2 74
2 57
2 40
1 7
1 61
2 43
1 15
1 99
2 34
1 62
1 47
1 86
1 53
2 39
2 48
1 1
2 16
2 2
2 13
2 5
2 40
2 31
2 84
1 68
1 97
2 34
1 78
1 61
2 31
1 54
1 61
2 4
1 75
2 12
2 83
1 96
2 87
1 27
1 5
2 16
1 41
1 51
2 45
2 70
2 29
2 85
2 94
2 68
1 86
2 37
1 30
2 20
2 84
2 2
2 83
2 85
1 19
2 2
1 58
2 12
1 78
2 39
2 39
1 93
1 17
2 94
2 3
1 87
1 19
1 42
1 5
1 75
2 92
1 51
1 53
1 11
1 82
2 84
1 44
1 99
1 17
2 84
1 54
1 38
1 86
1 86
2 46
1 22
2 6
2 4
1 7
1 7
2 80
1 96
2 80
1 24
1 24
1 74
1 12
1 1
1 53
1 42
1 6
1 47
1 8
1 28
1 26
2 87
1 73
1 93
1 86
1 98
2 89
2 72
2 94
1 50
1 74
2 80
1 37
1 22
1 30
2 84
2 10
2 28
2 34
1 14
2 10
2 65
2 92
2 67
2 28
1 81
2 67
1 4
1 5
2 94
2 71
1 93
2 83
1 60
1 56
1 98
2 68
1 55
2 89
1 95
2 68
2 95
1 1
2 90
2 67
1 41
2 89
2 79
2 57
2 68
1 17
2 33
2 32
1 6
1 52
2 64
2 43
2 15
2 94
2 30
1 86
2 69
2 28
1 19
2 10
2 76
2 79
2 83
2 28
2 46
2 45
1 53
2 67
2 89
1 35
2 68
2 43
1 97
1 49
1 22
2 28
1 74
1 8
2 72
2 37
2 88
2 10
1 54
1 22
1 52
2 2
1 86
1 50
2 87
1 99
1 26
1 100
1 95
2 19
1 96
1 21
2 92
1 78
1 23
1 71
1 1
2 20
1 35
1 9
2 4
2 87
2 13
2 83
2 13
2 28
1 59
1 59
2 3
2 89
1 23
1 23
1 90
2 88
1 25
1 51
1 44
1 76
1 93
2 91
1 24
1 11
2 89
2 94
1 99
1 99
1 59
1 66
1 97
1 18
2 46
2 87
2 37
2 69
2 40
1 50
2 54
2 91
1 5
1 100
2 28
2 76
1 51
1 22
2 84
1 59
2 83
1 61
1 34
1 43
1 37
1 99
1 55
1 75
1 77
2 34
1 97
1 78
1 29
2 68
1 47
2 16
1 94
1 18
1 93
1 49
1 73
2 72
1 68
1 95
1 61
2 28
1 14
1 77
2 89
1 66
2 56
1 38
1 95
1 74
1 51
2 91
1 60
1 58
2 88
2 83
2 88
1 77
1 42
1 41
2 1
1 5
1 26
2 47
2 10
2 68
2 72
1 48
2 33
1 25
1 61
1 74
2 32
2 10
2 85
2 16
2 45
2 4
2 79
1 5
2 90
1 38
2 37
2 28
2 80
2 85
1 14
1 14
1 52
1 31
2 69
1 78
1 73
2 37
1 99
2 13
2 29
1 18
1 7
1 74
2 76
1 56
1 60
1 50
2 70
1 19
2 37
2 6
1 75
2 3
2 4
1 44
2 40
1 91
1 5
1 73
2 87
1 99
1 14
2 85
2 91
1 47
2 2
1 11
1 26
2 8
1 17
2 72
1 51
1 1
2 65
2 88
1 51
2 90
1 58
2 64
1 87
1 47
1 71
1 93
1 95
1 98
1 68
2 46
2 65
2 12
2 83
1 55
1 63
2 12
2 74
2 70
2 34
1 21
2 33
1 82
2 12
1 49
1 74
2 80
1 58
1 31
1 53
2 13
2 10
1 42
2 84
1 58
1 9
1 86
2 92
1 25
2 85
1 26
1 96
2 34
2 80
1 77
1 88
2 30
2 59
1 5
1 66
1 62
1 19
2 42
2 30
2 47
1 49
2 37
1 53
1 99
2 32
1 41
2 2
2 15
2 89
2 47
1 5
1 18
2 62
1 26
2 13
1 60
2 29
1 94
2 29
1 41
2 88
1 53
1 47
2 80
1 22
1 14
2 73
1 24
1 41
1 75
2 87
2 6
1 98
1 61
1 75
1 63
2 20
1 55
2 83
1 14
2 16
2 46
2 87
2 72
1 36
2 16
1 49
2 31
1 96
2 76
2 67
1 17
2 16
2 67
2 91
1 97
1 56
2 91
2 45
2 69
2 65
1 1
1 77
2 69
2 86
1 24
1 100
1 19
1 11
1 50
1 18
2 68
2 89
2 94
1 50
1 73
1 44
1 97
1 25
1 35
1 82
1 56
1 7
1 98
2 39
1 36
2 80
1 50
1 74
2 72
1 94
2 2
2 16
2 4
1 99
2 79
1 5
1 18
2 37
2 28
2 2
2 88
1 26
2 69
2 69
1 19
1 86
2 53
1 49
2 29
1 56
1 54
2 65
1 95
2 33
2 89
2 6
1 100
1 74
1 82
1 27
1 51
1 9
1 71
1 5
1 19
2 94
2 67
1 55
1 27
2 91
2 94
1 74
2 20
2 3
1 66
2 39
1 27
2 31
1 62
1 24
1 86
1 92
1 74
1 5
1 82
2 46
1 61
1 1
2 64
1 60
1 73
1 41
1 8
2 37
1 53
2 37
1 3
1 36
1 50
1 27
2 3
2 40
1 95
1 47
2 33
2 16
1 62
2 94
2 18
2 72
1 14
2 85
2 46
1 52
2 39
1 35
1 23
2 29
2 31
2 4
2 91
1 19
2 16
1 86
2 80
1 5
2 83
1 49
1 26
1 14
2 37
1 18
1 66
1 24
1 86
2 45
2 67
1 8
1 63
1 54
1 14
2 3
1 55
2 67
1 51
1 98
1 93
1 61
1 21
2 69
1 35
1 40
1 47
1 75
1 73
1 98
2 10
1 51
1 9
1 82
1 89
1 77
2 72
2 57
2 43
2 29
1 51
2 19
2 31
1 62
1 23
2 84
2 33
1 82
1 17
2 90
2 89
2 35
2 68
2 76
2 68
1 97
2 90
1 69
1 77
2 20
1 58
1 93
1 26
1 71
2 70
1 47
2 37
1 19
1 76
2 20
2 92
2 67
1 74
1 98
2 10
1 50
2 31
1 58
2 67
2 3
2 32
2 26
2 85
1 38
1 60
1 41
2 64
1 23
1 96
1 9
1 96
1 19
1 1
2 3
2 80
2 69
1 51
2 79
1 100
2 67
2 65
1 91
2 80
2 33
2 83
2 29
1 21
2 91
1 1
1 56
1 75
1 78
2 29
2 68
2 31
1 64
2 67
1 11
2 70
1 5
2 64
1 47
2 22
2 94
1 48
1 15
1 77
1 36
1 99
2 31
2 29
2 80
1 72
1 19
2 10
2 4
1 48
1 82
2 29
2 64
2 85
1 47
2 80
1 23
1 100
1 18
2 65
1 62
2 85
1 58
2 31
2 10
1 82
2 28
1 98
1 15
1 50
1 86
1 49
1 47
2 83
1 11
2 94
2 39
1 77
2 32
2 76
1 38
1 9
2 14
2 13
2 40
2 89
1 59
2 34
2 21
1 96
1 5
1 27
1 35
2 89
1 42
1 22
2 40
2 20
1 49
2 10
2 90
1 86
2 87
1 7
2 46
2 69
1 17
1 63
1 82
2 43
1 57
2 28
1 9
2 31
1 95
1 93
1 47
2 16
1 21
2 85
1 16
1 99
1 42
1 22
1 66
1 49
2 87
1 24
2 84
2 84
2 92
1 56
1 33
1 18
2 4
1 5
1 77
2 84
1 38
1 61
1 41
2 33
2 39
1 14
1 1
2 57
1 60
1 63
1 54
1 55
1 7
1 71
2 67
1 29
1 19
1 16
1 100
1 53
1 1
2 70
2 72
1 55
1 60
2 29
2 20
1 25
2 29
2 28
1 33
1 51
2 43
1 9
1 44
2 91
2 84
2 52
2 85
1 7
2 31
1 4
1 63
1 36
2 37
1 24
2 85
2 90
1 86
1 95
1 86
2 80
1 55
1 55
1 48
2 84
1 22
2 33
1 47
2 72
1 14
2 2
1 14
1 49
2 69
2 3
1 58
1 25
1 71
1 58
1 51
2 80
1 8
1 18
1 10
1 71
1 75
2 28
2 46
1 35
2 3
2 16
1 47
1 24
1 38
1 66
2 31
1 58
2 30
2 89
1 63
1 93
1 55
2 67
1 58
1 23
1 82
1 74
1 19
1 86
1 4
1 47
2 31
1 95
2 76
2 28
1 93
2 67
1 46
1 25
2 46
2 32
2 70
2 68
1 81
1 50
1 86
1 33
2 39
1 38
2 20
2 43
2 88
2 67
1 24
1 61
2 30
2 3
2 40
1 71
1 21
1 72
2 43
1 38
2 37
1 90
2 60
2 13
2 20
1 98
1 16
2 12
1 75
2 89
2 90
2 72
2 31
1 93
1 97
1 50
1 14
2 3
1 4
1 95
1 44
1 18
2 57
1 1
1 66
1 19
1 77
2 83
2 76
1 60
1 43
2 43
1 24
1 34
1 59
1 82
2 67
2 12
2 90
1 17
1 53
2 68
2 64
1 11
2 59
2 94
1 14
1 73
1 17
1 58
1 55
1 34
1 63
1 43
1 85
2 46
1 72
2 69
1 75
2 13
1 49
1 35
1 19
1 23
1 17
1 93
2 43
2 72
2 7
1 15
2 28
2 63
1 27
1 75
1 55
2 28
2 29
1 74
1 14
2 68
1 99
1 35
1 10
2 32
1 48
1 71
2 19
1 35
1 15
1 66
2 67
2 32
1 58
2 89
1 1
2 87
2 4
1 19
2 16
1 74
2 6
1 52
1 18
2 93
1 54
2 28
2 29
1 61
2 87
1 14
2 68
1 93
2 34
1 96
1 81
1 56
2 12
2 25
1 50
2 70
2 57
2 11
1 77
1 81
1 18
1 63
1 54
2 5
2 79
1 60
2 65
1 30
1 61
1 80
1 26
1 7
1 18
1 47
1 38
1 81
2 85
2 10
1 22
1 23
2 65
2 90
2 27
2 20
1 74
2 3
1 54
1 85
1 93
2 3
2 88
2 20
2 84
1 14
1 75
2 45
2 68
1 82
2 29
2 28
1 60
2 45
1 41
1 47
1 75
1 51
2 68
1 41
1 100
2 94
1 1
1 85
2 75
1 73
1 43
2 11
1 56
1 36
2 93
2 46
1 60
1 6
1 53
2 80
1 71
1 11
2 31
1 81
1 88
2 16
2 85
2 68
1 74
1 52
2 13
1 63
1 78
2 39
1 18
2 46
2 70
1 94
2 90
1 9
1 7
2 90
2 2
2 57
2 5
1 14
1 77
2 80
1 7
2 97
2 70
1 5
1 18
2 10
2 67
1 42
2 33
1 63
2 52
1 96
1 63
1 5
1 1
1 50
2 47
1 58
1 52
1 95
1 44
1 21
1 61
2 91
2 23
2 78
1 61
2 2
1 38
1 98
2 4
2 10
1 41
1 98
1 58
1 66
1 63
1 81
1 28
1 27
1 11
2 34
1 55
2 87
2 57
2 3
2 94
2 64
2 35
2 46
1 53
2 61
1 22
1 99
2 94
2 83
2 21
2 80
1 82
1 31
2 69
2 34
1 11
1 47
1 74
2 64
2 6
1 60
1 55
1 66
1 95
2 16
1 5
1 22
1 50
1 93
1 26
1 55
2 40
1 22
2 6
2 37
1 42
1 59
2 4
1 56
1 93
2 87
1 51
1 53
1 93
1 42
2 29
2 88
1 14
2 87
1 66
1 99
1 97
2 23
1 55
1 84
1 62
1 82
1 82
1 23
2 72
2 37
1 58
1 97
2 65
1 17
2 43
2 54
1 14
80 354 589 230 714 332 337 239 402 461 255 330 783 201 128 131 200 128 778 686 387 213 507 408 481 565 482 393 631 560 167 298 260 79 104 794 640 119 37 54 666 167 412 192 220 387 116 54 209 447 147 101 387 655 206 562 295 195 256 257 191 218 141 597 485 295 445 704 185 403 144 558 118 181 262 681 657 667 632 496 175 419 163 533 654 307 316 248 641 219 96 148 546 47 528 122 658 480 708 239
354 83 281 152 422 49 38 157 84 211 56 101 489 556 364 423 157 275 438 409 135 492 269 107 186 269 194 112 325 238 232 21 161 393 318 519 370 294 322 370 384 433 70 407 173 113 339 407 513 171 501 340 145 404 189 354 79 250 462 157 257 467 218 347 196 126 199 472 402 173 383 211 271 202 213 359 350 325 367 213 287 227 392 279 276 126 125 194 394 448 250 477 280 392 172 221 369 247 329 503
589 281 24 393 244 272 217 305 232 101 272 333 226 784 612 647 380 460 212 263 255 699 70 167 112 91 97 153 61 118 452 282 334 591 561 313 133 553 500 531 231 654 258 670 343 290 588 550 719 211 711 499 218 147 455 69 286 448 700 302 478 702 443 85 158 358 207 212 598 140 615 54 492 418 351 147 173 120 230 121 448 161 688 31 148 379 275 374 172 700 426 650 18 520 111 527 213 79 209 761
230 152 393 81 592 172 163 91 237 305 184 195 549 375 263 287 129 111 585 547 269 348 438 257 299 422 323 280 426 390 109 191 112 243 135 583 447 188 228 190 532 309 296 290 142 173 208 238 285 316 279 215 269 552 109 442 188 89 414 144 139 423 108 446 349 96 333 553 268 325 292 419 148 136 35 541 550 508 569 374 154 344 318 393 433 144 224 24 465 348 111 315 375 238 309 131 569 319 498 394
714 422 244 592 81 446 428 513 444 294 516 452 109 864 774 801 549 695 88 80 452 896 172 371 315 268 227 309 188 223 593 501 591 694 703 72 164 720 675 708 88 800 347 778 529 471 681 792 881 398 837 754 367 106 569 128 533 534 866 478 632 927 609 153 264 582 383 61 847 345 722 239 655 653 592 142 131 209 95 277 641 319 825 207 153 461 445 553 72 871 636 817 226 737 280 646 73 315 81 937
332 49 272 172 446 70 45 62 175 179 16 63 536 477 352 337 120 257 508 426 90 447 299 223 206 309 304 139 287 304 142 68 103 297 312 468 326 260 246 370 442 411 98 363 122 106 345 346 412 159 378 283 111 388 132 360 74 213 536 50 209 452 270 363 228 156 172 489 375 235 307 323 212 271 103 440 414 409 421 276 201 190 460 302 377 106 158 187 374 502 219 383 263 325 190 227 392 260 368 477
337 38 217 163 428 45 12 98 52 168 158 139 452 554 458 387 147 335 469 407 98 510 301 165 238 253 266 138 259 250 246 39 172 378 284 419 329 282 310 368 398 531 86 467 120 88 377 385 527 131 478 350 132 371 280 300 96 234 485 157 246 493 243 320 124 141 116 428 402 106 376 234 317 273 234 356 415 353 374 253 269 165 445 271 325 132 81 199 388 463 257 409 223 362 241 299 385 219 349 548
239 157 305 91 513 62 98 103 140 176 63 81 518 493 396 337 52 229 481 467 89 389 332 160 309 253 292 148 366 281 127 46 149 263 241 535 360 254 216 351 443 366 137 368 63 142 335 377 366 198 398 287 156 451 107 406 66 92 426 46 129 435 252 343 198 119 198 528 392 207 331 313 206 149 78 396 430 390 459 332 174 189 410 329 338 92 93 98 415 408 247 351 302 304 307 183 433 283 411 389
402 84 232 237 444 175 52 140 49 161 124 150 460 583 453 444 150 373 453 432 98 564 243 148 157 196 199 118 297 170 256 130 214 417 392 442 263 386 329 463 439 476 64 470 205 115 345 461 522 83 460 394 108 416 303 266 195 215 540 128 263 497 259 340 143 242 110 401 407 102 435 188 280 252 198 324 337 281 382 167 316 107 449 232 286 207 58 210 292 484 286 515 241 402 157 320 307 171 388 557
461 211 101 305 294 179 168 176 161 22 189 159 298 679 486 489 228 394 351 347 175 566 175 91 65 152 122 138 191 127 310 188 295 520 413 311 231 426 457 538 310 598 75 532 232 133 511 486 610 99 527 467 121 339 348 145 190 272 616 226 305 570 340 217 98 249 74 256 528 110 512 174 352 375 272 205 260 267 243 68 402 114 549 165 262 241 118 341 282 559 389 491 196 461 136 421 285 117 268 573
255 56 272 184 516 16 158 63 124 189 71 78 487 432 316 348 141 294 476 475 70 500 308 184 261 239 288 174 369 257 193 130 120 378 221 536 397 247 287 331 446 443 191 407 82 58 273 291 458 145 450 293 185 454 176 304 58 126 426 115 218 464 214 356 239 125 193 442 378 187 327 301 204 172 111 362 427 338 451 270 157 216 378 301 343 72 127 183 431 488 176 410 328 295 256 194 476 266 464 455
330 101 333 195 452 63 139 81 150 159 78 21 474 450 371 441 149 301 507 499 127 506 269 131 207 263 230 184 300 275 243 19 115 351 268 483 356 247 280 381 404 480 114 427 86 118 272 380 402 194 396 338 108 424 140 359 55 225 520 66 234 531 213 312 242 150 157 462 438 186 335 232 311 223 190 363 456 370 464 236 257 254 440 289 348 81 147 208 397 472 212 373 280 303 197 278 437 188 448 515
783 489 226 549 109 536 452 518 460 298 487 474 8 906 865 806 594 697 55 91 436 939 230 411 356 284 290 365 253 319 604 432 525 822 671 46 205 692 784 801 134 872 353 803 617 464 728 795 835 390 855 684 387 148 577 246 513 660 945 569 594 879 637 208 326 578 415 138 837 399 807 278 676 603 596 186 83 201 111 270 618 386 841 204 173 551 390 558 206 880 707 847 287 798 279 729 85 331 90 904
201 556 784 375 864 477 554 493 583 679 432 450 906 45 206 180 421 233 950 918 536 63 760 626 653 692 740 618 732 677 325 561 433 197 279 971 850 268 218 195 908 109 580 90 432 568 188 244 101 592 145 277 595 863 360 810 458 347 43 486 334 40 354 758 683 392 581 888 109 567 141 677 256 383 437 796 840 768 900 691 338 656 155 781 758 440 574 431 811 134 307 121 732 209 622 302 868 662 824 93
128 364 612 263 774 352 458 396 453 486 316 371 865 206 97 20 346 160 787 809 421 148 600 538 592 564 611 433 615 548 285 417 305 98 193 812 681 131 126 72 795 108 450 42 257 413 111 22 82 507 56 99 401 732 215 694 395 203 217 303 246 183 243 675 560 284 465 780 60 452 68 654 117 209 242 732 684 626 772 584 205 523 74 589 677 312 404 278 724 156 195 123 674 130 538 232 777 587 683 170
131 423 647 287 801 337 387 337 444 489 348 441 806 180 20 7 327 123 756 838 453 168 608 503 542 541 574 537 652 620 229 366 270 59 196 807 662 200 146 135 764 62 438 101 283 367 89 51 81 492 68 173 467 772 204 630 413 274 157 341 228 174 242 668 531 312 500 826 115 490 63 640 167 195 277 662 753 671 790 564 271 506 44 673 688 281 455 276 714 74 215 41 603 80 523 170 772 562 710 195
200 157 380 129 549 120 147 52 150 228 141 149 594 421 346 327 97 180 589 496 129 360 406 191 293 281 296 197 404 302 160 121 41 306 234 518 442 160 272 336 493 421 218 363 81 190 298 273 362 240 331 248 141 510 156 342 41 158 457 91 112 463 154 457 265 69 265 521 288 187 285 391 215 189 63 454 466 454 492 272 188 244 331 417 360 79 197 83 451 437 214 396 317 216 322 155 502 240 419 415
128 275 460 111 695 257 335 229 373 394 294 301 697 233 160 123 180 70 666 736 297 246 478 370 509 456 492 354 576 524 185 261 212 131 61 756 608 106 102 167 711 201 343 218 160 354 59 176 252 389 171 52 335 603 114 609 292 195 257 207 86 224 68 633 413 190 355 685 123 399 188 506 56 150 210 586 635 540 622 464 72 479 213 556 543 174 310 167 584 262 83 214 493 71 416 130 599 479 674 273
778 438 212 585 88 508 469 481 453 351 476 507 55 950 787 756 589 666 2 57 431 876 283 382 346 323 290 429 160 219 593 496 513 737 664 29 140 650 734 802 91 895 430 797 530 499 694 828 892 351 904 719 408 137 581 150 523 586 915 531 599 960 628 165 338 595 355 111 775 404 839 298 705 598 635 192 156 233 118 239 589 320 805 215 212 562 374 555 193 900 629 854 253 788 291 647 102 346 103 856
686 409 263 547 80 426 407 467 432 347 475 499 91 918 809 838 496 736 57 28 469 845 187 366 315 212 222 375 157 280 598 406 577 776 689 91 124 732 710 723 31 855 388 819 572 405 741 815 819 348 857 680 359 143 578 205 525 629 870 485 592 936 632 119 283 508 378 90 758 330 785 293 726 613 597 110 132 204 91 322 685 276 829 216 181 488 468 563 156 861 623 799 201 790 307 642 111 296 162 906
387 135 255 269 452 90 98 89 98 175 70 127 436 536 421 453 129 297 431 469 87 541 278 85 212 177 206 109 261 257 222 36 224 380 379 421 363 299 388 358 400 452 69 504 201 85 330 379 538 63 527 334 52 415 240 278 103 256 488 129 204 534 227 314 162 194 162 374 404 79 441 256 317 305 255 355 385 277 395 213 303 205 415 320 278 138 83 212 330 452 260 440 243 409 226 248 323 135 317 502
213 492 699 348 896 447 510 389 564 566 500 506 939 63 148 168 360 246 876 845 541 89 726 629 595 696 627 620 766 648 341 498 419 156 265 921 743 265 190 215 860 84 537 92 334 500 219 150 76 576 56 221 543 797 333 774 395 289 49 457 356 119 240 745 610 415 559 889 128 614 104 709 261 245 362 843 852 791 856 661 340 576 108 728 752 396 559 330 841 16 251 128 701 160 632 247 839 681 851 32
507 269 70 438 172 299 301 332 243 175 308 269 230 760 600 608 406 478 283 187 278 726 95 168 113 144 148 230 86 49 483 340 416 613 535 236 135 509 582 595 186 690 205 636 358 285 606 636 696 220 636 516 234 154 443 37 304 450 746 342 431 751 436 89 171 416 153 233 618 128 628 122 538 501 398 114 151 96 188 157 427 173 710 112 60 309 209 443 145 685 458 644 13 591 168 483 151 144 194 672
408 107 167 257 371 223 165 160 148 91 184 131 411 626 538 503 191 370 382 366 85 629 168 23 151 136 194 11 222 178 292 197 273 478 372 416 248 331 373 443 364 545 127 564 277 169 469 439 606 113 524 360 57 295 347 184 237 328 618 239 324 625 380 205 106 247 52 344 455 42 505 193 327 346 274 223 328 256 278 164 279 141 532 156 237 188 125 261 255 578 324 560 215 431 127 338 326 95 261 539
481 186 112 299 315 206 238 309 157 65 261 207 356 653 592 542 293 509 346 315 212 595 113 151 71 65 76 150 137 98 406 245 324 521 490 340 137 451 503 543 224 584 173 583 267 198 459 558 661 106 588 532 178 236 390 102 282 393 696 226 393 673 444 157 55 303 161 219 572 169 497 106 417 395 357 146 217 173 208 94 366 83 594 98 207 254 153 377 178 625 383 616 157 501 51 416 199 112 194 645
565 269 91 422 268 309 253 253 196 152 239 263 284 692 564 541 281 456 323 212 177 696 144 136 65 47 98 168 81 38 357 271 391 563 473 258 182 531 459 606 286 703 215 649 396 257 519 554 620 122 674 561 139 234 431 83 253 419 683 279 449 657 393 200 127 334 103 273 658 161 560 58 428 413 321 186 244 150 217 61 450 138 628 58 86 369 163 386 186 655 422 596 105 559 86 438 252 138 164 731
482 194 97 323 227 304 266 292 199 122 288 230 290 740 611 574 296 492 290 222 206 627 148 194 76 98 42 113 136 79 378 246 391 566 541 344 141 433 488 538 289 694 223 651 314 219 542 556 601 121 597 512 179 244 410 156 295 415 717 258 426 666 413 134 159 306 151 281 558 162 622 64 473 469 309 205 268 101 251 89 398 125 588 160 119 284 243 378 209 628 469 611 76 499 66 410 156 67 195 660
393 112 153 280 309 139 138 148 118 138 174 184 365 618 433 537 197 354 429 375 109 620 230 11 150 168 113 40 196 159 287 127 203 414 403 407 272 351 427 427 339 539 54 494 268 176 372 413 523 91 497 386 72 288 245 182 201 246 601 240 286 629 297 311 147 232 134 319 533 98 470 217 324 297 259 296 328 257 360 155 361 113 577 238 296 166 87 227 340 581 337 558 165 465 92 345 329 162 260 624
631 325 61 426 188 287 259 366 297 191 369 300 253 732 615 652 404 576 160 157 261 766 86 222 137 81 136 196 79 155 506 324 366 580 508 219 102 536 536 672 178 726 201 721 435 288 550 616 734 228 669 579 304 140 513 112 305 492 734 315 468 730 532 115 221 347 212 193 626 234 692 120 487 545 392 101 153 83 186 141 480 124 712 74 84 370 232 431 107 747 541 691 78 589 162 531 107 158 154 773
560 238 118 390 223 304 250 281 170 127 257 275 319 677 548 620 302 524 219 280 257 648 49 178 98 38 79 159 155 55 459 311 407 554 548 311 173 521 490 529 282 704 218 621 342 248 569 603 703 188 630 478 177 208 361 110 329 451 731 286 451 700 422 94 84 343 115 191 599 156 538 9 457 399 362 178 183 152 250 133 418 122 624 85 114 352 196 394 139 651 439 605 76 569 82 487 186 127 153 644
167 232 452 109 593 142 246 127 256 310 193 243 604 325 285 229 160 185 593 598 222 341 483 292 406 357 378 287 506 459 33 183 152 147 112 678 539 178 150 204 580 336 252 312 67 279 215 194 358 257 271 205 264 595 115 519 145 124 379 107 77 311 145 540 369 110 369 531 216 332 218 475 169 128 135 548 532 473 552 420 119 355 320 486 531 111 258 140 506 362 99 265 478 161 417 144 516 321 501 329
298 21 282 191 501 68 39 46 130 188 130 19 432 561 417 366 121 261 496 406 36 498 340 197 245 271 246 127 324 311 183 51 169 327 270 437 327 262 360 377 402 396 127 397 178 87 351 343 424 100 495 332 70 405 161 349 115 193 485 112 250 549 206 386 162 109 215 405 444 207 425 240 275 247 129 330 404 355 454 252 220 208 414 276 313 76 89 188 425 511 242 392 255 397 173 285 362 208 377 474
260 161 334 112 591 103 172 149 214 295 120 115 525 433 305 270 41 212 513 577 224 419 416 273 324 391 391 203 366 407 152 169 93 270 207 547 435 181 243 249 553 350 207 312 102 217 212 298 321 271 364 204 182 476 69 382 149 133 382 79 168 375 164 398 294 122 242 553 263 316 321 340 223 163 38 485 502 445 512 309 104 269 290 432 455 110 212 82 485 341 151 335 352 241 306 162 516 350 492 376
79 393 591 243 694 297 378 263 417 520 378 351 822 197 98 59 306 131 737 776 380 156 613 478 521 563 566 414 580 554 147 327 270 56 71 758 619 78 134 68 773 141 471 104 304 370 70 89 150 402 146 88 389 694 158 667 268 214 193 274 139 173 140 626 497 276 460 724 71 511 33 595 88 147 272 664 680 667 761 533 146 455 96 590 628 325 397 234 632 144 190 129 583 108 567 186 679 511 640 157
104 318 561 135 703 312 284 241 392 413 221 268 671 279 193 196 234 61 664 689 379 265 535 372 490 473 541 403 508 548 112 270 207 71 100 766 611 74 75 137 731 235 328 213 262 336 51 90 254 382 147 125 342 673 111 562 263 173 305 266 153 248 159 615 430 227 426 685 189 439 137 479 54 162 233 654 637 542 603 424 174 487 217 595 553 232 390 186 636 277 106 188 547 82 406 66 672 443 617 191
794 519 313 583 72 468 419 535 442 311 536 483 46 971 812 807 518 756 29 91 421 921 236 416 340 258 344 407 219 311 678 437 547 758 766 63 148 742 684 804 70 894 438 910 624 427 784 771 888 417 830 706 421 95 667 259 508 598 883 537 603 967 644 179 332 594 327 85 844 362 840 261 741 645 586 182 146 211 96 283 703 333 858 232 201 545 419 561 122 942 655 846 274 769 296 660 90 334 110 929
640 370 133 447 164 326 329 360 263 231 397 356 205 850 681 662 442 608 140 124 363 743 135 248 137 182 141 272 102 173 539 327 435 619 611 148 31 577 600 640 132 790 343 685 487 390 627 694 773 299 706 586 304 148 488 109 359 450 864 417 574 789 588 20 247 460 271 154 665 286 679 118 589 542 505 86 137 39 157 151 575 210 713 98 82 478 297 466 118 740 549 753 64 609 210 584 127 170 125 826
119 294 553 188 720 260 282 254 386 426 247 247 692 268 131 200 160 106 650 732 299 265 509 331 451 531 433 351 536 521 178 262 181 78 74 742 577 29 91 155 679 182 303 225 151 333 64 139 202 317 271 102 352 636 144 591 227 135 331 182 75 315 98 627 469 191 433 633 195 426 136 506 63 82 181 644 661 601 629 424 108 401 222 526 576 253 314 126 567 218 65 169 505 73 440 126 597 417 569 276
37 322 500 228 675 246 310 216 329 457 287 280 784 218 126 146 272 102 734 710 388 190 582 373 503 459 488 427 536 490 150 360 243 134 75 684 600 91 31 94 655 234 408 160 266 377 50 95 158 358 162 35 364 728 150 619 317 125 246 280 178 195 124 566 477 229 399 661 145 443 130 473 70 126 151 636 681 549 698 533 111 415 126 538 627 239 350 209 657 166 64 146 545 97 478 88 654 434 693 205
54 370 531 190 708 370 368 351 463 538 331 381 801 195 72 135 336 167 802 723 358 215 595 443 543 606 538 427 672 529 204 377 249 68 137 804 640 155 94 15 706 163 440 145 230 415 48 25 124 494 86 48 461 770 175 591 300 250 240 327 196 174 188 679 533 278 443 709 93 430 117 539 119 235 290 690 668 683 686 528 176 549 158 656 689 317 455 260 700 140 196 162 561 44 508 188 688 480 673 180
666 384 231 532 88 442 398 443 439 310 446 404 134 908 795 764 493 711 91 31 400 860 186 364 224 286 289 339 178 282 580 402 553 773 731 70 132 679 655 706 4 788 392 838 582 428 693 733 814 376 856 727 392 96 615 220 470 542 872 550 630 928 648 199 265 475 339 24 768 362 723 265 703 600 547 136 67 133 118 300 657 312 825 165 178 500 446 554 66 818 643 760 242 755 263 594 102 305 61 883
167 433 654 309 800 411 531 366 476 598 443 480 872 109 108 62 421 201 895 855 452 84 690 545 584 703 694 539 726 704 336 396 350 141 235 894 790 182 234 163 788 26 511 115 409 435 193 131 107 481 89 192 498 789 349 677 434 271 139 421 328 149 254 758 585 325 523 842 150 604 119 653 204 320 384 742 799 758 795 583 288 571 71 661 678 389 529 364 726 21 262 39 720 131 635 252 786 591 781 73
412 70 258 296 347 98 86 137 64 75 191 114 353 580 450 438 218 343 430 388 69 537 205 127 173 215 223 54 201 218 252 127 207 471 328 438 343 303 408 440 392 511 31 550 231 153 376 401 531 72 487 354 101 318 229 201 179 283 617 201 276 534 339 284 117 228 103 411 433 81 465 236 290 286 244 335 307 253 320 112 273 157 503 266 275 231 114 189 282 523 379 513 255 455 198 378 302 187 344 538
192 407 670 290 778 363 467 368 470 532 407 427 803 90 42 101 363 218 797 819 504 92 636 564 583 649 651 494 721 621 312 397 312 104 213 910 685 225 160 145 838 115 550 69 370 401 165 105 81 537 68 158 497 830 241 682 424 340 84 342 230 72 204 771 579 316 488 809 103 579 114 676 178 273 287 688 770 755 764 641 202 547 46 688 682 395 416 267 741 128 200 29 614 121 583 188 786 546 718 114
220 173 343 142 529 122 120 63 205 232 82 86 617 432 257 283 81 160 530 572 201 334 358 277 267 396 314 268 435 342 67 178 102 304 262 624 487 151 266 230 582 409 231 370 80 165 259 297 409 269 347 199 173 559 100 410 156 95 405 96 145 452 99 445 281 113 289 475 315 261 235 337 161 150 58 456 445 390 496 333 177 268 304 430 452 90 182 59 469 361 138 330 392 230 323 182 532 249 496 442
387 113 290 173 471 106 88 142 115 133 58 118 464 568 413 367 190 354 499 405 85 500 285 169 198 257 219 176 288 248 279 87 217 370 336 427 390 333 377 415 428 435 153 401 165 17 364 407 523 124 429 325 147 369 217 358 151 208 515 180 286 481 297 340 225 123 144 455 404 103 360 288 305 214 241 362 360 357 400 187 293 168 448 298 275 147 136 172 402 459 251 387 292 409 157 266 343 157 339 524
116 339 588 208 681 345 377 335 345 511 273 272 728 188 111 89 298 59 694 741 330 219 606 469 459 519 542 372 550 569 215 351 212 70 51 784 627 64 50 48 693 193 376 165 259 364 104 67 215 455 136 35 381 678 180 565 338 156 240 315 149 168 149 640 489 285 459 680 99 445 153 556 161 190 177 625 651 598 682 471 153 510 158 544 652 277 408 280 702 172 182 96 560 64 529 151 728 444 652 190
54 407 550 238 792 346 385 377 461 486 291 380 795 244 22 51 273 176 828 815 379 150 636 439 558 554 556 413 616 603 194 343 298 89 90 771 694 139 95 25 733 131 401 105 297 407 67 99 91 425 163 66 413 696 219 637 351 248 162 341 251 158 201 696 502 326 459 798 88 495 24 572 143 219 235 685 711 633 761 562 236 512 146 608 611 352 453 280 652 145 182 151 606 70 547 138 683 523 664 134
209 513 719 285 881 412 527 366 522 610 458 402 835 101 82 81 362 252 892 819 538 76 696 606 661 620 601 523 734 703 358 424 321 150 254 888 773 202 158 124 814 107 531 81 409 523 215 91 37 550 87 147 553 824 341 716 437 311 87 367 257 53 222 748 614 429 531 838 71 582 186 636 291 229 386 807 857 795 797 636 338 613 112 670 762 388 452 320 762 73 295 151 675 173 578 277 771 568 839 117
447 171 211 316 398 159 131 198 83 99 145 194 390 592 507 492 240 389 351 348 63 576 220 113 106 122 121 91 228 188 257 100 271 402 382 417 299 317 358 494 376 481 72 537 269 124 455 425 550 68 470 375 103 393 306 204 168 303 626 205 324 533 367 266 148 229 139 333 461 120 415 147 338 280 215 306 322 222 289 141 256 85 483 217 251 219 63 204 348 538 336 537 206 457 119 347 313 73 257 564
147 501 711 279 837 378 478 398 460 527 450 396 855 145 56 68 331 171 904 857 527 56 636 524 588 674 597 497 669 630 271 495 364 146 147 830 706 271 162 86 856 89 487 68 347 429 136 163 87 470 79 128 527 828 276 746 455 311 167 427 282 128 238 690 558 330 555 809 45 603 117 687 178 239 305 764 784 723 834 658 302 575 17 646 742 364 504 296 765 63 262 67 722 133 566 258 787 580 734 151
101 340 499 215 754 283 350 287 394 467 293 338 684 277 99 173 248 52 719 680 334 221 516 360 532 561 512 386 579 478 205 332 204 88 125 706 586 102 35 48 727 192 354 158 199 325 35 66 147 375 128 62 389 698 145 582 313 167 191 270 157 241 73 655 398 259 487 672 146 378 113 507 70 160 156 609 646 575 635 521 127 504 197 521 580 273 382 232 643 163 129 138 577 53 488 141 619 467 612 177
387 145 218 269 367 111 132 156 108 121 185 108 387 595 401 467 141 335 408 359 52 543 234 57 178 139 179 72 304 177 264 70 182 389 342 421 304 352 364 461 392 498 101 497 173 147 381 413 553 103 527 389 98 374 256 287 139 219 532 181 319 577 328 340 161 241 134 349 472 119 447 206 281 250 280 255 305 314 340 149 320 115 528 297 319 141 73 177 299 573 295 526 245 438 142 295 339 154 332 500
655 404 147 552 106 388 371 451 416 339 454 424 148 863 732 772 510 603 137 143 415 797 154 295 236 234 244 288 140 208 595 405 476 694 673 95 148 636 728 770 96 789 318 830 559 369 678 696 824 393 828 698 374 68 582 167 405 549 910 509 610 851 659 143 332 508 360 111 738 285 794 169 609 594 502 105 117 150 109 234 640 314 808 195 133 525 419 544 96 892 602 832 224 665 253 639 114 301 93 897
206 189 455 109 569 132 280 107 303 348 176 140 577 360 215 204 156 114 581 578 240 333 443 347 390 431 410 245 513 361 115 161 69 158 111 667 488 144 150 175 615 349 229 241 100 217 180 219 341 306 276 145 256 582 109 434 132 14 406 177 56 396 48 485 359 167 325 620 281 299 277 393 174 52 48 470 515 532 589 400 36 340 315 413 459 146 235 92 566 299 80 295 471 247 326 77 545 369 515 318
562 354 69 442 128 360 300 406 266 145 304 359 246 810 694 630 342 609 150 205 278 774 37 184 102 83 156 182 112 110 519 349 382 667 562 259 109 591 619 591 220 677 201 682 410 358 565 637 716 204 746 582 287 167 434 46 354 462 822 405 449 803 520 87 244 373 185 183 645 215 633 126 567 547 417 106 161 124 117 127 499 126 705 62 73 362 326 443 55 760 574 681 106 625 216 559 122 158 121 800
295 79 286 188 533 74 96 66 195 190 58 55 513 458 395 413 41 292 523 525 103 395 304 237 282 253 295 201 305 329 145 115 149 268 263 508 359 227 317 300 470 434 179 424 156 151 338 351 437 168 455 313 139 405 132 354 66 170 502 31 230 461 251 381 251 147 164 429 342 188 391 262 200 174 85 353 433 346 472 311 164 261 355 377 373 42 82 111 427 487 168 373 292 355 227 242 463 288 384 434
195 250 448 89 534 213 234 92 215 272 126 225 660 347 203 274 158 195 586 629 256 289 450 328 393 419 415 246 492 451 124 193 133 214 173 598 450 135 125 250 542 271 283 340 95 208 156 248 311 303 311 167 219 549 14 462 170 71 317 135 101 356 100 433 371 67 267 542 319 301 257 430 190 57 106 475 577 495 591 342 83 327 327 481 443 125 215 44 523 297 128 231 487 247 325 128 566 366 534 352
256 462 700 414 866 536 485 426 540 616 426 520 945 43 217 157 457 257 915 870 488 49 746 618 696 683 717 601 734 731 379 485 382 193 305 883 864 331 246 240 872 139 617 84 405 515 240 162 87 626 167 191 532 910 406 822 502 317 64 484 294 18 267 769 665 464 635 903 139 602 231 689 243 367 337 835 868 846 837 646 284 684 166 795 799 486 547 379 821 122 298 107 747 238 717 276 885 667 861 66
257 157 302 144 478 50 157 46 128 226 115 66 569 486 303 341 91 207 531 485 129 457 342 239 226 279 258 240 315 286 107 112 79 274 266 537 417 182 280 327 550 421 201 342 96 180 315 341 367 205 427 270 181 509 177 405 31 135 484 27 122 453 240 376 296 88 253 478 363 195 347 323 205 233 146 401 468 351 484 246 139 225 403 411 363 96 140 90 442 416 233 343 396 323 277 180 480 297 472 434
191 257 478 139 632 209 246 129 263 305 218 234 594 334 246 228 112 86 599 592 204 356 431 324 393 449 426 286 468 451 77 250 168 139 153 603 574 75 178 196 630 328 276 230 145 286 149 251 257 324 282 157 319 610 56 449 230 101 294 122 12 320 72 464 322 135 296 596 256 274 246 414 115 81 73 495 557 466 625 344 111 311 276 509 491 101 288 97 552 343 129 303 411 158 379 54 507 340 530 282
218 467 702 423 927 452 493 435 497 570 464 531 879 40 183 174 463 224 960 936 534 119 751 625 673 657 666 629 730 700 311 549 375 173 248 967 789 315 195 174 928 149 534 72 452 481 168 158 53 533 128 241 577 851 396 803 461 356 18 453 320 13 287 752 627 460 572 825 131 570 224 683 282 313 377 841 857 830 840 672 340 612 117 740 764 455 575 370 766 115 259 154 700 187 661 316 790 672 806 89
141 218 443 108 609 270 243 252 259 340 214 213 637 354 243 242 154 68 628 632 227 240 436 380 444 393 413 297 532 422 145 206 164 140 159 644 588 98 124 188 648 254 339 204 99 297 149 201 222 367 238 73 328 659 48 520 251 100 267 240 72 287 31 517 333 178 308 567 258 303 163 494 32 74 144 513 604 544 549 391 73 439 220 492 569 197 330 144 515 280 88 210 501 166 460 44 639 436 626 327
597 347 85 446 153 363 320 343 340 217 356 312 208 758 675 668 457 633 165 119 314 745 89 205 157 200 134 311 115 94 540 386 398 626 615 179 20 627 566 679 199 758 284 771 445 340 640 696 748 266 690 655 340 143 485 87 381 433 769 376 464 752 517 57 267 477 198 146 676 192 708 107 570 582 473 108 117 57 170 175 541 224 758 134 46 382 289 406 107 730 541 670 59 636 162 509 105 196 71 793
485 196 158 349 264 228 124 198 143 98 239 242 326 683 560 531 265 413 338 283 162 610 171 106 55 127 159 147 221 84 369 162 294 497 430 332 247 469 477 533 265 585 117 579 281 225 489 502 614 148 558 398 161 332 359 244 251 371 665 296 322 627 333 267 83 250 63 277 520 45 509 159 458 409 289 252 276 252 276 61 343 50 537 177 179 294 192 308 229 612 400 520 156 484 37 369 294 75 274 607
295 126 358 96 582 156 141 119 242 249 125 150 578 392 284 312 69 190 595 508 194 415 416 247 303 334 306 232 347 343 110 109 122 276 227 594 460 191 229 278 475 325 228 316 113 123 285 326 429 229 330 259 241 508 167 373 147 67 464 88 135 460 178 477 250 70 224 462 346 230 334 320 176 139 142 431 496 422 480 330 163 330 348 337 466 100 151 45 491 438 163 300 332 249 303 232 477 269 420 358
445 199 207 333 383 172 116 198 110 74 193 157 415 581 465 500 265 355 355 378 162 559 153 52 161 103 151 134 212 115 369 215 242 460 426 327 271 433 399 443 339 523 103 488 289 144 459 459 531 139 555 487 134 360 325 185 164 267 635 253 296 572 308 198 63 224 17 281 488 85 489 186 388 390 282 244 318 186 267 120 296 106 558 144 232 252 118 236 309 636 320 550 140 462 152 385 290 74 245 598
704 472 212 553 61 489 428 528 401 256 442 462 138 888 780 826 521 685 111 90 374 889 233 344 219 273 281 319 193 191 531 405 553 724 685 85 154 633 661 709 24 842 411 809 475 455 680 798 838 333 809 672 349 111 620 183 429 542 903 478 596 825 567 146 277 462 281 27 771 300 739 244 636 632 584 149 108 195 86 231 598 299 839 173 136 545 441 510 64 828 642 795 217 683 256 694 97 299 77 882
185 402 598 268 847 375 402 392 407 528 378 438 837 109 60 115 288 123 775 758 404 128 618 455 572 658 558 533 626 599 216 444 263 71 189 844 665 195 145 93 768 150 433 103 315 404 99 88 71 461 45 146 472 738 281 645 342 319 139 363 256 131 258 676 520 346 488 771 106 522 118 590 181 201 314 725 718 644 735 535 196 502 106 620 710 323 467 316 738 167 214 11 629 113 553 221 736 574 751 114
403 173 140 325 345 235 106 207 102 110 187 186 399 567 452 490 187 399 404 330 79 614 128 42 169 161 162 98 234 156 332 207 316 511 439 362 286 426 443 430 362 604 81 579 261 103 445 495 582 120 603 378 119 285 299 215 188 301 602 195 274 570 303 192 45 230 85 300 522 0 477 189 329 320 270 229 262 261 353 145 283 132 504 239 234 206 158 310 223 534 382 522 183 504 155 415 243 150 236 596
144 383 615 292 722 307 376 331 435 512 327 335 807 141 68 63 285 188 839 785 441 104 628 505 497 560 622 470 692 538 218 425 321 33 137 840 679 136 130 117 723 119 465 114 235 360 153 24 186 415 117 113 447 794 277 633 391 257 231 347 246 224 163 708 509 334 489 739 118 477 75 599 112 199 232 647 748 682 689 579 233 506 136 585 630 347 420 271 735 193 179 122 656 71 569 130 742 506 752 151
558 211 54 419 239 323 234 313 188 174 301 232 278 677 654 640 391 506 298 293 256 709 122 193 106 58 64 217 120 9 475 240 340 595 479 261 118 506 473 539 265 653 236 676 337 288 556 572 636 147 687 507 206 169 393 126 262 430 689 323 414 683 494 107 159 320 186 244 590 189 599 85 539 479 417 206 147 91 222 62 435 125 661 84 153 347 190 343 117 634 471 642 132 547 65 527 167 74 177 682
118 271 492 148 655 212 317 206 280 352 204 311 676 256 117 167 215 56 705 726 317 261 538 327 417 428 473 324 487 457 169 275 223 88 54 741 589 63 70 119 703 204 290 178 161 305 161 143 291 338 178 70 281 609 174 567 200 190 243 205 115 282 32 570 458 176 388 636 181 329 112 539 37 109 110 608 640 561 587 494 118 455 196 521 500 254 284 161 604 263 72 227 540 143 470 63 608 410 608 261
181 202 418 136 653 271 273 149 252 375 172 223 603 383 209 195 189 150 598 613 305 245 501 346 395 413 469 297 545 399 128 247 163 147 162 645 542 82 126 235 600 320 286 273 150 214 190 219 229 280 239 160 250 594 52 547 174 57 367 233 81 313 74 582 409 139 390 632 201 320 199 479 109 62 87 515 558 497 553 436 81 397 277 499 534 121 233 84 510 247 54 223 437 130 409 83 593 395 564 346
262 213 351 35 592 103 234 78 198 272 111 190 596 437 242 277 63 210 635 597 255 362 398 274 357 321 309 259 392 362 135 129 38 272 233 586 505 181 151 290 547 384 244 287 58 241 177 235 386 215 305 156 280 502 48 417 85 106 337 146 73 377 144 473 289 142 282 584 314 270 232 417 110 87 34 510 499 425 543 352 94 273 357 385 439 88 204 64 519 327 173 286 383 188 373 186 568 293 496 356
681 359 147 541 142 440 356 396 324 205 362 363 186 796 732 662 454 586 192 110 355 843 114 223 146 186 205 296 101 178 548 330 485 664 654 182 86 644 636 690 136 742 335 688 456 362 625 685 807 306 764 609 255 105 470 106 353 475 835 401 495 841 513 108 252 431 244 149 725 229 647 206 608 515 510 5 56 45 96 203 534 206 776 170 92 464 287 480 45 807 561 684 90 630 231 560 121 240 49 769
657 350 173 550 131 414 415 430 337 260 427 456 83 840 684 753 466 635 156 132 385 852 151 328 217 244 268 328 153 183 532 404 502 680 637 146 137 661 681 668 67 799 307 770 445 360 651 711 857 322 784 646 305 117 515 161 433 577 868 468 557 857 604 117 276 496 318 108 718 262 748 147 640 558 499 56 69 68 46 243 538 233 804 190 85 447 358 535 60 851 581 768 109 687 282 600 46 216 51 864
667 325 120 508 209 409 353 390 281 267 338 370 201 768 626 671 454 540 233 204 277 791 96 256 173 150 101 257 83 152 473 355 445 667 542 211 39 601 549 683 133 758 253 755 390 357 598 633 795 222 723 575 314 150 532 124 346 495 846 351 466 830 544 57 252 422 186 195 644 261 682 91 561 497 425 45 68 13 105 117 541 157 729 139 69 410 317 413 76 748 552 649 53 596 228 547 69 244 104 722
632 367 230 569 95 421 374 459 382 243 451 464 111 900 772 790 492 622 118 91 395 856 188 278 208 217 251 360 186 250 552 454 512 761 603 96 157 629 698 686 118 795 320 764 496 400 682 761 797 289 834 635 340 109 589 117 472 591 837 484 625 840 549 170 276 480 267 86 735 353 689 222 587 553 543 96 46 105 92 220 585 221 803 154 111 444 392 509 104 837 606 820 192 656 306 630 106 297 39 846
496 213 121 374 277 276 253 332 167 68 270 236 270 691 584 564 272 464 239 322 213 661 157 164 94 61 89 155 141 133 420 252 309 533 424 283 151 424 533 528 300 583 112 641 333 187 471 562 636 141 658 521 149 234 400 127 311 342 646 246 344 672 391 175 61 330 120 231 535 145 579 62 494 436 352 203 243 117 220 71 459 70 608 122 199 342 208 326 207 614 403 540 104 477 96 426 190 62 156 668
175 287 448 154 641 201 269 174 316 402 157 257 618 338 205 271 188 72 589 685 303 340 427 279 366 450 398 361 480 418 119 220 104 146 174 703 575 108 111 176 657 288 273 202 177 293 153 236 338 256 302 127 320 640 36 499 164 83 284 139 111 340 73 541 343 163 296 598 196 283 233 435 118 81 94 534 538 541 585 459 28 363 316 458 510 181 216 91 527 245 106 297 434 190 353 76 560 325 573 337
419 227 161 344 319 190 165 189 107 114 216 254 386 656 523 506 244 479 320 276 205 576 173 141 83 138 125 113 124 122 355 208 269 455 487 333 210 401 415 549 312 571 157 547 268 168 510 512 613 85 575 504 115 314 340 126 261 327 684 225 311 612 439 224 50 330 106 299 502 132 506 125 455 397 273 206 233 157 221 70 363 22 556 119 214 276 122 317 282 561 397 592 186 528 118 391 275 42 195 673
163 392 688 318 825 460 445 410 449 549 378 440 841 155 74 44 331 213 805 829 415 108 710 532 594 628 588 577 712 624 320 414 290 96 217 858 713 222 126 158 825 71 503 46 304 448 158 146 112 483 17 197 528 808 315 705 355 327 166 403 276 117 220 758 537 348 558 839 106 504 136 661 196 277 357 776 804 729 803 608 316 556 70 719 751 385 479 353 807 104 259 97 655 92 548 214 811 564 804 135
533 279 31 393 207 302 271 329 232 165 301 289 204 781 589 673 417 556 215 216 320 728 112 156 98 58 160 238 74 85 486 276 432 590 595 232 98 526 538 656 165 661 266 688 430 298 544 608 670 217 646 521 297 195 413 62 377 481 795 411 509 740 492 134 177 337 144 173 620 239 585 84 521 499 385 170 190 139 154 122 458 119 719 0 109 338 269 400 159 691 549 673 73 607 137 473 169 183 162 728
654 276 148 433 153 377 325 338 286 262 343 348 173 758 677 688 360 543 212 181 278 752 60 237 207 86 119 296 84 114 531 313 455 628 553 201 82 576 627 689 178 678 275 682 452 275 652 611 762 251 742 580 319 133 459 73 373 443 799 363 491 764 569 46 179 466 232 136 710 234 630 153 500 534 439 92 85 69 111 199 510 214 751 109 103 384 255 399 53 704 586 737 45 633 129 487 142 166 162 732
307 126 379 144 461 106 132 92 207 241 72 81 551 440 312 281 79 174 562 488 138 396 309 188 254 369 284 166 370 352 111 76 110 325 232 545 478 253 239 317 500 389 231 395 90 147 277 352 388 219 364 273 141 525 146 362 42 125 486 96 101 455 197 382 294 100 252 545 323 206 347 347 254 121 88 464 447 410 444 342 181 276 385 338 384 15 178 73 487 379 201 297 406 251 237 251 492 263 490 415
316 125 275 224 445 158 81 93 58 118 127 147 390 574 404 455 197 310 374 468 83 559 209 125 153 163 243 87 232 196 258 89 212 397 390 419 297 314 350 455 446 529 114 416 182 136 408 453 452 63 504 382 73 419 235 326 82 215 547 140 288 575 330 289 192 151 118 441 467 158 420 190 284 233 204 287 358 317 392 208 216 122 479 269 255 178 40 210 334 462 266 465 229 374 170 346 374 133 319 546
248 194 374 24 553 187 199 98 210 341 183 208 558 431 278 276 83 167 555 563 212 330 443 261 377 386 378 227 431 394 140 188 82 234 186 561 466 126 209 260 554 364 189 267 59 172 280 280 320 204 296 232 177 544 92 443 111 44 379 90 97 370 144 406 308 45 236 510 316 310 271 343 161 84 64 480 535 413 509 326 91 317 353 400 399 73 210 56 477 314 182 282 438 206 294 157 475 291 533 414
641 394 172 465 72 374 388 415 292 282 431 397 206 811 724 714 451 584 193 156 330 841 145 255 178 186 209 340 107 139 506 425 485 632 636 122 118 567 657 700 66 726 282 741 469 402 702 652 762 348 765 643 299 96 566 55 427 523 821 442 552 766 515 107 229 491 309 64 738 223 735 117 604 510 519 45 60 76 104 207 527 282 807 159 53 487 334 477 37 845 590 690 113 669 203 539 117 181 35 827
219 448 700 348 871 502 463 408 484 559 488 472 880 134 156 74 437 262 900 861 452 16 685 578 625 655 628 581 747 651 362 511 341 144 277 942 740 218 166 140 818 21 523 128 361 459 172 145 73 538 63 163 573 892 299 760 487 297 122 416 343 115 280 730 612 438 636 828 167 534 193 634 263 247 327 807 851 748 837 614 245 561 104 691 704 379 462 314 845 80 245 65 714 168 576 313 824 579 808 36
96 250 426 111 636 219 257 247 286 389 176 212 707 307 195 215 214 83 629 623 260 251 458 324 383 422 469 337 541 439 99 242 151 190 106 655 549 65 64 196 643 262 379 200 138 251 182 182 295 336 262 129 295 602 80 574 168 128 298 233 129 259 88 541 400 163 320 642 214 382 179 471 72 54 173 561 581 552 606 403 106 397 259 549 586 201 266 182 590 245 59 189 486 188 385 23 588 425 580 340
148 477 650 315 817 383 409 351 515 491 410 373 847 121 123 41 396 214 854 799 440 128 644 560 616 596 611 558 691 605 265 392 335 129 188 846 753 169 146 162 760 39 513 29 330 387 96 151 151 537 67 138 526 832 295 681 373 231 107 343 303 154 210 670 520 300 550 795 11 522 122 642 227 223 286 684 768 649 820 540 297 592 97 673 737 297 465 282 690 65 189 91 656 152 554 260 728 513 719 177
546 280 18 375 226 263 223 302 241 196 328 280 287 732 674 603 317 493 253 201 243 701 13 215 157 105 76 165 78 76 478 255 352 583 547 274 64 505 545 561 242 720 255 614 392 292 560 606 675 206 722 577 245 224 471 106 292 487 747 396 411 700 501 59 156 332 140 217 629 183 656 132 540 437 383 90 109 53 192 104 434 186 655 73 45 406 229 438 113 714 486 656 78 578 161 497 103 113 157 754
47 392 520 238 737 325 362 304 402 461 295 303 798 209 130 80 216 71 788 790 409 160 591 431 501 559 499 465 589 569 161 397 241 108 82 769 609 73 97 44 755 131 455 121 230 409 64 70 173 457 133 53 438 665 247 625 355 247 238 323 158 187 166 636 484 249 462 683 113 504 71 547 143 130 188 630 687 596 656 477 190 528 92 607 633 251 374 206 669 168 188 152 578 10 552 93 710 471 677 203
528 172 111 309 280 190 241 307 157 136 256 197 279 622 538 523 322 416 291 307 226 632 168 127 51 86 66 92 162 82 417 173 306 567 406 296 210 440 478 508 263 635 198 583 323 157 529 547 578 119 566 488 142 253 326 216 227 325 717 277 379 661 460 162 37 303 152 256 553 155 569 65 470 409 373 231 282 228 306 96 353 118 548 137 129 237 170 294 203 576 385 554 161 552 50 419 279 108 257 703
122 221 527 131 646 227 299 183 320 421 194 278 729 302 232 170 155 130 647 642 248 247 483 338 416 438 410 345 531 487 144 285 162 186 66 660 584 126 88 188 594 252 378 188 182 266 151 138 277 347 258 141 295 639 77 559 242 128 276 180 54 316 44 509 369 232 385 694 221 415 130 527 63 83 186 560 600 547 630 426 76 391 214 473 487 251 346 157 539 313 23 260 497 93 419 106 610 406 563 250
658 369 213 569 73 392 385 433 307 285 476 437 85 868 777 772 502 599 102 111 323 839 151 326 199 252 156 329 107 186 516 362 516 679 672 90 127 597 654 688 102 786 302 786 532 343 728 683 771 313 787 619 339 114 545 122 463 566 885 480 507 790 639 105 294 477 290 97 736 243 742 167 608 593 568 121 46 69 106 190 560 275 811 169 142 492 374 475 117 824 588 728 103 710 279 610 80 266 36 780
480 247 79 319 315 260 219 283 171 117 266 188 331 662 587 562 240 479 346 296 135 681 144 95 112 138 67 162 158 127 321 208 350 511 443 334 170 417 434 480 305 591 187 546 249 157 444 523 568 73 580 467 154 301 369 158 288 366 667 297 340 672 436 196 75 269 74 299 574 150 506 74 410 395 293 240 216 244 297 62 325 42 564 183 166 263 133 291 181 579 425 513 113 471 108 406 266 20 210 588
708 329 209 498 81 368 349 411 388 268 464 448 90 824 683 710 419 674 103 162 317 851 194 261 194 164 195 260 154 153 501 377 492 640 617 110 125 569 693 673 61 781 344 718 496 339 652 664 839 257 734 612 332 93 515 121 384 534 861 472 530 806 626 71 274 420 245 77 751 236 752 177 608 564 496 49 51 104 39 156 573 195 804 162 162 490 319 533 35 808 580 719 157 677 257 563 36 210 21 780
239 503 761 394 937 477 548 389 557 573 455 515 904 93 170 195 415 273 856 906 502 32 672 539 645 731 660 624 773 644 329 474 376 157 191 929 826 276 205 180 883 73 538 114 442 524 190 134 117 564 151 177 500 897 318 800 434 352 66 434 282 89 327 793 607 358 598 882 114 596 151 682 261 346 356 769 864 722 846 668 337 673 135 728 732 415 546 414 827 36 340 177 754 203 703 250 780 588 780 18
