50 50 80 1800
1 24
1 65
1 11
2 33
1 23
1 45
1 11
2 38
1 42
1 78
1 27
1 27
2 80
1 13
1 52
2 7
1 62
1 24
1 8
1 69
2 78
1 21
2 36
2 49
1 75
1 50
2 70
1 47
2 40
2 31
2 29
2 16
2 74
1 45
2 72
1 69
1 5
1 76
2 57
2 80
2 13
1 68
2 12
2 37
1 10
1 34
1 68
1 11
2 47
2 29
2 49
2 7
1 68
1 78
2 21
1 70
1 51
1 56
2 47
1 71
2 20
1 58
2 22
2 48
1 4
1 57
1 21
2 30
2 37
2 59
2 61
1 67
2 43
2 7
2 41
1 14
2 28
2 74
1 10
2 52
2 44
1 63
1 40
1 5
1 46
1 42
1 62
2 74
1 73
2 63
1 43
1 64
2 63
1 74
1 58
1 46
1 54
1 31
1 55
2 10
1 1
2 9
2 69
2 4
1 80
1 21
2 36
1 37
2 24
1 37
2 67
1 8
1 50
1 54
1 12
1 3
1 54
1 5
2 53
2 38
2 34
1 62
2 74
2 56
2 48
1 50
1 24
1 1
1 46
1 4
2 70
1 64
1 40
2 57
1 8
1 41
2 24
1 15
1 71
1 67
2 49
1 31
2 3
2 64
1 45
2 26
2 54
2 1
2 34
1 8
1 66
2 54
2 2
1 37
1 14
2 41
1 80
1 28
1 62
1 65
1 64
1 11
1 28
1 29
1 65
1 58
1 67
1 37
1 35
1 72
1 50
1 12
1 6
1 30
2 74
1 37
2 14
1 62
1 48
1 62
1 66
2 40
1 18
1 64
1 22
1 15
2 66
2 41
2 17
1 49
1 15
1 46
1 18
2 42
2 38
1 42
1 71
1 11
2 42
2 13
1 55
2 38
1 6
1 66
2 60
1 7
1 21
2 10
1 18
1 7
2 2
1 79
2 61
1 49
1 31
1 68
2 13
1 60
1 69
1 47
1 24
1 56
1 23
2 13
1 19
1 2
2 32
2 36
1 77
1 70
1 64
2 58
1 43
1 73
1 59
1 80
1 57
2 46
1 41
1 6
1 56
1 12
2 64
1 43
1 20
2 37
2 67
2 48
1 56
1 22
1 47
1 57
1 78
2 63
1 69
1 36
1 66
1 51
2 18
2 24
2 9
1 34
1 75
2 68
2 15
1 17
1 43
2 72
2 48
2 29
1 45
2 17
1 46
2 64
1 11
1 16
2 6
1 17
1 21
1 78
1 29
1 79
2 4
1 59
1 3
1 64
2 45
2 54
2 24
1 42
1 53
1 78
1 62
1 13
2 26
2 13
2 3
2 50
1 55
2 13
1 11
2 27
1 68
2 30
1 30
1 36
1 65
1 31
2 53
1 39
2 34
2 56
2 30
1 41
2 4
1 26
1 48
1 62
1 68
1 75
2 31
2 70
2 19
1 55
1 51
2 21
1 20
2 62
2 61
2 36
1 35
1 67
2 65
1 53
1 44
2 75
1 8
1 65
1 68
2 23
2 21
1 6
1 49
1 13
2 77
1 68
1 77
2 59
1 6
2 77
2 25
1 44
1 29
2 77
1 61
2 26
2 47
2 62
1 31
1 16
2 17
2 57
1 8
1 72
2 24
2 4
2 22
1 58
1 47
1 37
1 21
2 1
2 27
1 4
1 67
2 75
2 79
2 5
1 71
2 18
2 12
2 13
2 11
1 7
1 5
1 39
1 59
2 2
2 61
2 1
1 74
1 60
2 44
2 6
1 10
2 20
2 9
1 77
2 41
2 34
1 70
1 76
2 37
2 21
1 75
1 6
1 1
2 12
1 8
1 65
2 80
2 47
1 24
2 34
2 29
1 58
1 30
1 35
1 64
1 40
2 70
2 6
1 41
2 32
1 37
2 22
2 12
1 37
1 11
2 38
1 7
2 55
2 28
2 43
1 3
2 15
1 73
1 46
1 4
2 25
1 67
1 31
1 23
2 54
1 37
1 13
1 35
1 61
1 38
1 38
2 51
1 60
1 52
1 51
1 60
2 22
1 13
1 23
1 69
2 31
1 43
1 2
2 16
2 31
1 15
2 27
1 2
1 48
2 37
1 16
2 48
1 11
1 30
1 23
1 16
1 42
1 46
2 15
1 17
1 9
1 72
1 34
1 78
1 12
2 1
2 62
2 6
1 1
2 29
2 80
1 64
1 13
1 72
1 45
2 44
1 78
1 71
1 39
2 32
2 64
2 19
2 16
1 69
1 32
1 58
2 69
2 66
1 80
2 67
1 26
1 12
1 60
1 3
1 26
1 23
2 45
1 61
2 71
2 57
2 72
1 53
2 56
1 31
2 66
1 77
1 40
1 8
1 58
1 20
1 68
2 56
1 3
1 48
1 22
2 18
2 15
1 9
1 61
1 6
2 34
1 42
1 50
2 27
1 68
2 54
2 12
1 35
1 70
1 10
1 66
2 34
1 45
1 52
2 40
2 42
1 61
1 60
1 18
2 40
1 69
1 41
1 25
2 2
2 12
2 75
2 41
1 67
1 30
2 20
2 77
1 57
2 6
2 55
1 5
1 47
1 5
1 69
1 4
2 23
1 37
1 12
2 6
1 32
1 31
2 33
2 18
1 33
2 11
2 58
1 49
1 26
2 13
1 8
1 51
1 9
2 13
1 45
1 1
1 28
1 31
1 12
2 58
1 40
1 56
2 65
1 35
1 56
2 8
2 74
2 28
2 8
1 1
1 44
2 62
2 46
2 49
2 6
2 60
2 56
1 13
1 67
1 31
2 4
2 54
1 5
2 48
1 30
2 16
1 66
1 77
2 54
1 55
1 20
2 44
2 55
1 28
2 34
1 54
1 61
1 13
1 4
1 41
1 49
1 16
1 49
2 30
1 27
2 73
2 17
2 40
1 14
1 51
2 52
1 49
1 58
1 26
1 5
1 21
1 10
1 22
1 29
2 40
2 34
1 25
1 68
1 40
1 67
2 32
1 43
2 2
1 11
2 57
2 46
1 5
1 70
1 67
2 56
1 68
1 70
1 3
2 6
1 59
1 3
1 19
1 65
1 48
1 79
2 66
2 59
1 71
2 56
1 74
2 45
2 50
1 34
1 2
1 37
1 71
1 25
1 23
2 45
1 42
1 58
2 27
1 7
1 41
1 29
2 39
1 66
1 78
1 41
1 71
2 62
1 77
1 19
2 23
1 59
1 79
1 26
2 76
2 59
1 73
1 17
1 9
1 54
1 7
1 41
1 55
1 5
2 12
2 78
1 47
1 40
1 48
1 69
1 36
1 44
2 68
2 14
2 42
1 67
1 40
2 51
2 21
1 10
1 53
1 37
1 24
1 32
1 53
2 15
1 71
1 52
1 22
2 59
1 57
1 49
1 62
2 59
2 52
2 50
2 1
1 42
2 7
2 56
2 23
1 54
1 60
2 64
2 18
2 36
2 50
1 18
2 3
2 55
1 40
1 12
1 48
2 1
1 47
1 50
2 69
2 37
1 10
1 56
1 11
1 19
1 40
1 54
1 23
1 54
1 22
1 66
2 58
1 20
2 18
2 49
2 65
2 21
1 72
2 29
1 36
1 46
1 12
1 50
1 19
1 13
1 44
1 23
2 63
2 69
1 49
2 12
2 32
1 42
1 28
1 65
2 7
2 42
2 12
1 67
2 66
1 28
1 70
1 56
1 7
1 35
1 77
2 40
1 50
2 21
1 53
2 79
2 19
1 57
1 49
1 12
1 69
1 41
1 6
2 64
1 59
2 61
1 76
1 7
1 31
2 74
1 75
2 23
2 53
1 26
1 18
1 76
1 39
1 43
1 64
1 59
1 27
2 13
1 40
1 38
2 16
1 11
1 49
1 15
2 3
1 8
1 59
1 32
1 63
2 67
2 56
2 27
1 69
1 9
2 51
1 79
1 5
1 69
1 19
1 51
1 15
1 29
2 79
1 74
2 14
1 74
1 10
1 44
1 32
2 10
1 71
1 30
1 52
1 15
1 78
2 14
1 42
1 35
1 27
1 51
2 34
1 24
2 68
1 13
1 76
1 74
2 67
1 27
2 6
1 39
1 66
1 63
1 19
2 67
1 75
1 25
1 71
1 30
2 8
1 11
1 13
1 62
1 60
1 73
1 44
2 35
2 1
1 12
2 12
1 75
2 16
2 79
1 14
1 7
1 15
1 57
1 7
2 66
2 7
1 27
1 60
2 79
1 5
1 43
1 65
2 45
1 75
2 62
1 53
2 10
2 17
1 48
1 50
1 33
2 53
1 55
1 33
2 19
2 9
1 59
1 29
2 77
1 80
2 28
2 3
1 27
1 62
1 54
1 69
1 69
2 58
1 27
1 57
1 71
2 60
1 7
1 26
1 16
2 51
1 78
2 54
1 42
1 20
2 44
2 47
1 39
2 24
2 22
1 63
1 43
2 29
1 56
2 71
1 70
1 17
2 23
1 43
1 27
1 74
2 38
1 65
2 41
1 58
1 4
1 12
2 44
2 6
2 13
2 33
1 10
1 9
1 5
2 43
1 80
2 23
1 4
1 62
1 63
2 34
1 49
2 42
1 44
1 49
1 46
2 39
1 63
1 29
1 63
1 1
2 18
1 33
1 74
1 7
1 10
1 43
2 46
2 44
2 5
1 49
2 69
1 7
2 6
1 63
1 38
2 80
1 38
2 14
1 43
2 3
1 74
1 31
2 62
1 24
1 21
1 3
1 6
1 10
2 79
1 65
1 10
1 53
2 80
1 62
1 46
1 25
1 18
1 62
2 65
1 11
1 66
1 12
1 33
1 30
2 51
1 66
1 24
1 23
2 64
2 43
2 37
2 16
1 38
1 46
1 17
1 2
2 49
1 76
2 53
2 9
2 27
1 8
1 48
1 49
1 28
1 79
2 49
1 40
2 39
1 73
1 2
2 52
1 15
1 14
1 57
2 39
1 61
1 42
2 2
2 7
2 10
1 10
1 17
2 76
1 65
2 10
2 39
2 80
1 39
1 78
1 15
1 55
1 35
1 77
2 67
2 48
1 25
2 54
1 68
2 33
2 46
2 67
2 38
1 13
1 35
1 54
2 58
2 48
2 28
1 25
1 28
1 27
2 72
1 56
1 35
2 17
1 48
2 54
2 77
2 43
2 2
1 61
1 69
1 47
2 30
1 72
1 74
1 52
2 64
2 13
2 43
2 44
1 17
1 25
1 32
2 70
2 13
2 63
1 1
1 39
1 55
1 32
2 29
1 57
2 28
1 23
2 50
1 73
1 77
2 33
2 65
1 23
2 22
1 12
1 54
1 77
1 80
2 48
2 40
1 29
1 32
1 51
1 28
1 64
2 79
2 64
2 77
2 60
2 28
1 71
2 55
2 36
1 44
1 62
2 39
1 21
2 49
2 53
1 48
1 79
1 46
2 66
1 44
1 39
1 9
1 41
1 71
2 24
1 39
1 48
1 37
2 23
1 48
1 75
1 35
1 28
1 72
1 53
1 19
1 25
2 55
1 55
1 9
2 27
2 69
1 6
2 59
1 79
2 9
2 49
2 55
1 46
2 31
1 5
2 25
1 29
1 24
1 39
1 38
1 32
2 26
1 2
2 10
1 56
1 53
1 35
1 53
2 78
2 27
2 80
1 65
2 63
1 41
2 51
1 38
2 76
2 68
1 25
2 27
1 12
1 20
1 35
1 25
1 71
2 61
1 70
2 28
2 43
1 71
2 24
1 72
1 24
1 15
1 47
1 9
2 36
2 55
1 35
1 69
1 60
2 55
2 73
1 2
1 45
1 8
2 18
2 45
1 7
1 73
2 8
1 72
2 15
2 26
1 13
2 79
1 19
1 21
1 18
2 37
1 42
2 72
2 58
1 76
1 26
1 72
1 13
1 56
1 9
1 38
1 6
1 39
2 78
1 31
1 27
2 15
2 13
1 1
1 47
2 79
2 79
2 34
2 61
2 73
2 31
1 38
1 12
1 78
1 3
2 43
1 19
1 20
2 3
2 28
1 53
1 5
1 67
2 2
1 15
1 33
1 60
1 59
2 68
1 50
2 78
2 15
2 14
2 73
1 39
1 26
1 58
1 38
2 80
2 71
2 79
2 52
2 2
1 13
1 44
1 39
1 25
1 35
1 65
2 61
2 41
2 25
1 58
1 47
1 3
2 39
1 54
2 61
2 77
1 36
2 46
2 78
2 21
1 10
2 35
2 13
1 12
1 56
1 29
1 19
1 66
1 39
2 75
1 32
1 4
2 68
2 14
1 22
1 6
2 4
1 31
1 69
2 23
1 45
1 25
1 64
2 36
1 67
1 6
1 8
1 45
1 58
1 51
1 12
1 17
2 15
1 56
1 29
2 15
1 24
2 58
1 66
2 25
2 24
2 11
1 21
1 29
2 33
1 57
1 57
1 47
1 65
2 56
2 60
2 27
2 73
1 16
1 45
1 19
1 78
2 42
1 43
2 17
2 62
1 3
2 23
1 52
2 56
2 50
2 58
1 37
1 62
2 53
2 19
1 46
1 35
2 27
2 28
1 67
1 28
2 13
2 13
2 5
1 45
1 24
1 44
1 35
1 4
1 49
1 70
2 30
1 10
1 40
1 72
2 76
1 64
1 29
1 77
2 65
1 55
2 33
2 32
2 30
1 46
1 8
1 47
2 8
1 66
1 14
1 78
1 59
1 65
1 65
1 6
1 79
2 49
1 74
2 51
1 53
1 23
1 70
1 1
1 80
2 62
2 11
1 49
2 64
2 65
2 21
2 53
2 48
2 79
1 2
2 7
1 36
1 28
2 55
2 54
1 4
1 34
1 41
2 36
1 69
1 13
2 3
1 70
1 43
1 7
1 63
1 63
2 74
1 21
1 62
2 73
2 66
2 55
1 20
1 15
1 4
1 2
2 53
2 41
1 64
2 32
2 58
1 62
2 43
1 44
2 20
1 67
1 15
1 44
1 25
1 40
2 68
2 79
2 46
2 56
2 17
2 27
1 66
1 34
2 28
1 8
1 30
2 3
1 2
2 6
1 29
2 56
2 51
1 2
1 16
2 5
1 23
1 36
1 9
2 1
1 8
1 18
1 79
1 71
2 31
1 39
1 27
1 39
1 5
2 70
2 25
2 38
1 8
1 74
1 8
1 6
1 50
2 17
1 50
2 69
2 5
2 67
2 3
2 15
2 39
1 69
1 11
1 25
2 5
2 73
1 6
1 49
2 17
2 54
2 60
1 22
2 15
2 38
2 9
2 58
1 59
1 70
1 13
1 30
2 4
1 47
1 2
1 44
2 25
2 38
2 34
1 18
2 27
2 56
1 49
1 72
1 1
1 52
1 59
2 67
2 5
1 73
2 58
1 76
1 49
1 31
2 50
2 20
2 39
1 71
2 71
2 6
1 21
2 45
1 30
1 54
2 29
2 26
1 24
1 9
1 8
1 15
2 16
1 57
1 61
1 72
2 36
1 38
1 64
1 32
2 64
1 14
1 25
1 46
1 50
2 66
1 39
2 40
2 52
1 52
1 14
1 44
1 58
1 23
1 80
1 5
2 54
2 75
1 70
1 71
1 69
1 31
1 47
1 7
1 21
2 32
1 25
2 77
1 43
1 71
1 31
2 10
1 8
2 53
2 68
2 75
1 54
1 70
1 2
1 11
2 26
2 69
2 46
2 61
1 2
1 27
1 8
2 39
2 54
1 41
1 61
1 59
2 66
1 21
2 24
1 58
1 63
2 30
1 2
1 50
2 74
2 42
1 42
2 54
2 19
2 25
1 18
1 31
1 10
2 13
1 15
2 27
2 18
2 37
1 2
2 47
2 41
1 40
1 60
1 55
2 10
1 66
1 79
1 7
2 78
1 56
1 37
2 59
1 7
1 60
1 69
1 17
1 38
1 20
1 55
2 56
2 53
2 60
1 50
1 77
1 43
1 58
1 24
1 76
2 12
2 21
2 37
1 10
1 24
1 77
1 6
1 71
2 59
1 70
2 71
1 26
1 5
1 5
2 20
1 49
2 54
2 53
2 36
1 71
2 9
2 42
1 69
2 28
1 18
896 494 445 441 989 550 177 86 685 749 1 881 335 766 442 323 939 593 466 582 487 4 945 613 834 973 931 456 803 617 258 27 542 964 175 673 19 461 813 766 430 177 254 507 722 330 197 38 550 70 579 292 126 753 428 460 459 445 156 23 336 399 597 791 951 701 387 988 309 716 603 619 406 416 26 572 58 105 334 454
494 238 973 778 683 941 739 215 462 730 33 6 362 410 842 446 616 274 958 108 337 674 349 388 650 435 613 755 66 808 439 262 903 454 928 318 962 583 481 861 700 951 321 298 328 55 832 920 819 514 594 42 543 747 525 732 472 156 185 492 985 418 198 268 774 186 772 184 1 513 713 72 306 54 869 351 492 645 788 727
445 973 8 777 483 654 780 909 990 119 396 792 304 829 277 859 629 80 248 951 11 218 729 694 887 155 952 644 780 848 785 599 345 181 405 341 121 919 134 193 380 16 649 628 577 104 408 933 172 931 273 316 62 575 56 604 502 615 267 99 905 879 264 362 836 855 709 630 554 375 473 473 141 442 706 244 4 275 232 260
441 778 777 17 228 73 626 75 570 999 62 405 724 312 744 39 184 491 485 455 507 960 77 895 674 319 18 672 946 722 384 949 352 18 191 288 770 504 580 803 382 143 832 371 559 381 786 935 527 130 576 173 146 199 554 887 9 204 241 240 922 543 5 897 928 144 899 209 281 934 447 792 999 395 559 740 664 392 696 802
989 683 483 228 399 279 641 881 448 204 485 859 578 29 101 488 606 183 731 181 961 165 136 566 133 65 954 102 128 607 66 914 641 161 787 23 281 664 105 840 179 259 645 128 839 280 127 944 51 279 555 498 30 579 750 967 23 594 67 985 911 340 218 157 319 600 325 286 652 481 352 990 94 433 92 261 3 210 80 549
550 941 654 73 279 60 266 42 622 842 585 907 310 810 567 165 174 185 655 423 631 892 966 998 841 936 592 2 798 715 799 475 824 13 682 346 219 934 511 799 691 943 132 602 881 983 25 752 642 106 378 952 65 291 311 394 395 484 545 293 87 477 626 561 583 546 188 616 315 562 248 624 702 17 816 47 708 606 149 710
177 739 780 626 641 266 340 363 876 543 654 991 61 151 743 438 190 668 434 585 719 666 432 442 965 189 875 614 754 834 652 21 525 397 468 466 134 529 786 167 336 568 147 822 346 467 562 965 165 311 516 32 316 372 818 572 376 257 823 271 299 199 196 400 61 535 296 656 833 312 899 218 649 89 11 104 709 370 440 296
86 215 909 75 881 42 363 487 15 824 504 592 713 389 497 468 10 992 718 186 261 155 200 519 122 184 982 120 155 145 929 322 903 784 809 898 326 837 666 925 144 816 999 900 995 757 971 892 98 183 819 64 416 275 479 141 756 974 299 969 966 611 125 687 167 568 674 427 60 743 745 981 795 797 125 590 755 456 9 999
685 462 990 570 448 622 876 15 142 523 353 127 651 253 654 142 999 661 829 653 502 252 522 197 824 464 990 618 251 28 146 141 57 312 52 529 284 997 242 876 940 474 245 957 551 714 121 474 700 242 229 558 828 477 248 395 623 807 619 459 795 464 673 114 952 836 259 273 291 208 677 353 730 899 886 790 184 375 451 379
749 730 119 999 204 842 543 824 523 396 297 100 853 270 626 444 288 544 752 303 293 728 381 895 22 962 58 363 836 27 110 317 611 100 736 830 332 335 475 906 663 512 17 61 438 86 655 426 983 369 189 900 702 529 365 986 776 40 776 277 562 213 500 327 455 212 361 330 691 12 558 189 738 23 619 114 197 796 275 607
1 33 396 62 485 585 654 504 353 297 908 129 267 416 526 284 279 813 911 866 271 299 250 3 452 203 738 659 972 555 726 616 133 345 554 245 358 403 923 585 149 400 907 730 473 328 511 328 620 964 374 640 324 184 905 356 825 967 506 356 563 929 417 924 765 374 724 935 528 112 737 628 247 651 474 629 932 953 852 145
881 6 792 405 859 907 991 592 127 100 129 266 113 761 53 741 869 370 285 384 617 411 303 261 225 544 460 655 648 196 108 386 648 538 356 737 274 482 32 96 729 798 604 681 446 555 304 366 737 169 224 108 870 433 573 356 793 206 237 38 681 82 299 52 436 60 117 412 507 661 885 630 797 33 42 806 37 689 943 589
335 362 304 724 578 310 61 713 651 853 267 113 455 895 349 95 509 744 932 179 312 553 917 7 259 676 515 16 791 344 877 407 926 464 498 895 52 15 464 290 546 915 865 148 599 249 15 918 553 606 915 428 119 894 940 701 392 203 813 479 934 681 276 660 129 667 683 364 965 964 212 397 74 925 102 770 76 330 212 689
766 410 829 312 29 810 151 389 253 270 416 761 895 779 866 41 238 574 290 610 650 47 733 512 378 966 99 777 108 14 37 710 828 380 495 991 508 590 932 41 817 249 684 606 624 837 604 849 636 704 816 445 38 449 870 433 661 223 60 596 768 666 516 866 811 945 362 89 216 374 832 936 239 829 600 384 999 495 984 594
442 842 277 744 101 567 743 497 654 626 526 53 349 866 960 960 152 916 591 560 208 480 192 21 721 797 169 123 911 732 74 170 839 618 724 17 19 175 351 717 473 281 493 353 634 549 343 116 560 367 607 247 433 396 124 255 317 779 320 77 683 704 458 859 925 531 54 976 207 260 749 268 611 167 776 106 661 622 413 648
323 446 859 39 488 165 438 468 142 444 284 741 95 41 960 87 956 353 750 704 485 807 921 311 991 953 569 376 273 771 56 265 405 687 597 60 652 352 466 279 94 173 347 395 57 396 204 199 390 659 476 267 1 702 754 148 510 763 312 731 970 15 619 34 267 970 691 255 850 195 464 171 197 770 595 365 669 967 607 216
939 616 629 184 606 174 190 10 999 288 279 869 509 238 152 956 485 122 546 329 235 210 355 60 843 35 28 452 292 474 783 329 943 116 422 601 238 988 974 531 858 560 626 565 884 256 534 233 644 338 967 109 381 215 860 129 256 570 738 239 464 318 576 560 234 671 940 694 323 963 225 241 801 303 820 237 691 106 949 736
593 274 80 491 183 185 668 992 661 544 813 370 744 574 916 353 122 672 387 108 13 730 312 161 188 543 634 281 218 833 594 295 281 286 699 621 753 877 823 990 983 972 240 950 265 372 727 565 915 273 200 297 80 672 491 786 954 384 535 57 474 237 190 248 605 296 257 17 206 292 462 287 734 330 239 345 275 326 378 826
466 958 248 485 731 655 434 718 829 752 911 285 932 290 591 750 546 387 933 456 228 949 538 498 161 719 237 374 725 701 193 379 4 292 771 175 201 141 309 971 840 49 8 175 763 420 876 978 581 944 778 671 371 256 895 674 163 713 266 656 56 766 267 233 111 817 428 522 425 839 9 488 484 656 868 664 898 839 943 567
582 108 951 455 181 423 585 186 653 303 866 384 179 610 560 704 329 108 456 495 260 372 98 691 346 688 520 892 645 836 198 967 567 277 914 951 83 224 320 397 628 339 206 326 668 142 142 130 183 898 504 425 768 897 11 191 888 646 92 931 491 122 339 746 244 148 931 265 393 515 512 175 128 146 939 496 39 278 803 748
487 337 11 507 961 631 719 261 502 293 271 617 312 650 208 485 235 13 228 260 721 140 725 753 183 888 791 50 364 723 906 190 774 191 181 245 38 587 363 772 355 744 122 828 154 289 723 356 774 936 870 48 876 240 24 184 427 743 576 275 193 142 907 525 453 279 690 241 986 522 799 809 581 912 594 468 170 970 122 981
4 674 218 960 165 892 666 155 252 728 299 411 553 47 480 807 210 730 949 372 140 693 167 195 525 728 464 697 538 119 221 797 751 15 953 301 955 616 921 702 473 834 653 279 517 948 187 72 740 570 74 855 797 47 76 614 0 213 580 739 677 697 297 182 816 200 216 873 855 33 444 163 980 251 215 565 944 345 253 25
945 349 729 77 136 966 432 200 522 381 250 303 917 733 192 921 355 312 538 98 725 167 223 983 408 648 39 238 92 204 900 252 549 479 931 141 976 564 588 591 388 126 324 182 876 133 561 42 379 616 16 230 77 470 935 666 280 25 424 250 115 982 862 566 202 954 979 49 702 172 753 865 811 467 961 205 595 962 504 809
613 388 694 895 566 998 442 519 197 895 3 261 7 512 21 311 60 161 498 691 753 195 983 819 937 855 404 849 337 18 560 278 875 555 535 124 544 110 264 149 130 812 384 707 814 46 959 871 360 617 21 610 268 259 871 75 536 748 131 413 627 895 149 473 526 928 200 589 624 463 310 305 414 624 176 535 494 882 526 372
834 650 887 674 133 841 965 122 824 22 452 225 259 378 721 991 843 188 161 346 183 525 408 937 925 877 450 558 159 170 267 310 429 663 960 420 227 881 297 543 896 31 742 123 531 47 427 722 460 607 276 764 661 517 761 199 646 324 16 455 745 910 256 671 37 122 361 55 378 573 225 930 746 875 954 33 764 805 667 76
973 435 155 319 65 936 189 184 464 962 203 544 676 966 797 953 35 543 719 688 888 728 648 855 877 870 469 892 652 999 411 785 870 658 618 894 123 117 317 824 934 312 577 530 468 895 886 853 499 977 781 350 247 650 483 227 433 417 314 159 52 343 194 760 789 394 991 805 797 535 382 467 686 157 337 191 127 488 355 216
931 613 952 18 954 592 875 982 990 58 738 460 515 99 169 569 28 634 237 520 791 464 39 404 450 469 340 804 24 673 696 545 577 363 785 221 473 669 536 667 842 773 940 526 350 171 981 493 336 382 924 363 708 702 748 499 235 543 199 933 571 951 440 754 468 712 740 546 176 644 876 564 937 414 850 260 886 433 307 56
456 755 644 672 102 2 614 120 618 363 659 655 16 777 123 376 452 281 374 892 50 697 238 849 558 892 804 65 438 529 514 877 425 232 346 220 399 845 215 821 976 406 101 10 124 632 139 960 232 110 796 450 385 311 822 479 565 673 503 150 47 992 130 972 557 343 129 544 207 809 727 303 236 218 39 97 62 140 551 911
803 66 780 946 128 798 754 155 251 836 972 648 791 108 911 273 292 218 725 645 364 538 92 337 159 652 24 438 20 823 725 248 74 815 979 747 349 23 280 818 452 199 445 885 988 535 943 492 478 959 589 340 522 878 183 114 510 998 278 614 232 203 165 764 951 85 953 900 761 895 516 420 947 539 592 639 603 932 313 57
617 808 848 722 607 715 834 145 28 27 555 196 344 14 732 771 474 833 701 836 723 119 204 18 170 999 673 529 823 647 432 451 460 770 463 34 167 48 460 914 577 391 880 485 527 47 498 716 7 7 121 235 351 504 340 1 134 663 725 659 975 106 259 327 807 176 339 877 539 308 440 213 60 309 651 830 131 691 441 593
258 439 785 384 66 799 652 929 146 110 726 108 877 37 74 56 783 594 193 198 906 221 900 560 267 411 696 514 725 432 361 86 449 688 444 812 83 839 238 758 372 549 360 993 415 505 728 159 483 307 882 919 327 826 908 22 904 682 453 429 741 680 248 605 151 86 419 655 445 88 366 605 347 830 236 361 299 438 534 57
27 262 599 949 914 475 21 322 141 317 616 386 407 710 170 265 329 295 379 967 190 797 252 278 310 785 545 877 248 451 86 72 177 253 43 548 846 813 938 233 380 515 323 220 281 63 861 319 334 161 575 933 100 671 214 482 376 695 187 132 134 606 519 355 900 796 768 863 377 963 513 524 945 63 530 665 458 860 11 910
542 903 345 352 641 824 525 903 57 611 133 648 926 828 839 405 943 281 4 567 774 751 549 875 429 870 577 425 74 460 449 177 93 655 372 589 410 436 344 994 492 28 747 516 126 3 23 565 866 283 154 783 977 890 2 840 909 509 231 123 454 523 615 357 28 670 446 538 293 972 971 81 580 982 825 940 345 604 985 94
964 454 181 18 161 13 397 784 312 100 345 538 464 380 618 687 116 286 292 277 191 15 479 555 663 658 363 232 815 770 688 253 655 529 729 418 926 433 301 905 46 937 879 37 772 756 347 341 543 266 185 471 874 283 722 629 610 688 641 280 292 623 95 345 163 5 669 177 415 776 546 505 417 263 875 268 488 968 347 434
175 928 405 191 787 682 468 809 52 736 554 356 498 495 724 597 422 699 771 914 181 953 931 535 960 618 785 346 979 463 444 43 372 729 391 191 901 727 257 674 74 992 408 210 479 431 185 745 351 757 728 186 104 596 922 458 23 796 246 387 918 131 826 640 915 18 794 864 732 278 834 632 262 794 23 122 502 174 302 609
673 318 341 288 23 346 466 898 529 830 245 737 895 991 17 60 601 621 175 951 245 301 141 124 420 894 221 220 747 34 812 548 589 418 191 725 208 709 260 405 926 756 302 381 353 380 420 404 607 676 370 110 168 934 282 958 997 677 648 828 170 229 424 959 178 357 794 308 644 467 703 459 251 305 561 211 854 995 192 637
19 962 121 770 281 219 134 326 284 332 358 274 52 508 19 652 238 753 201 83 38 955 976 544 227 123 473 399 349 167 83 846 410 926 901 208 984 806 896 270 151 845 580 505 131 121 375 752 837 399 161 911 431 176 684 961 847 619 242 450 569 423 244 158 879 127 504 257 361 774 269 168 427 623 736 940 188 246 676 383
461 583 919 504 664 934 529 837 997 335 403 482 15 590 175 352 988 877 141 224 587 616 564 110 881 117 669 845 23 48 839 813 436 433 727 709 806 925 664 845 106 430 584 757 781 360 578 716 366 724 14 344 922 225 105 275 220 496 535 879 338 634 519 575 966 870 151 32 739 923 606 572 20 227 164 726 225 276 591 142
813 481 134 580 105 511 786 666 242 475 923 32 464 932 351 466 974 823 309 320 363 921 588 264 297 317 536 215 280 460 238 938 344 301 257 260 896 664 364 597 61 614 743 292 424 689 321 324 296 586 964 761 386 784 423 371 858 847 125 546 585 461 464 669 136 862 482 662 891 668 504 286 974 106 473 916 650 515 460 181
766 861 193 803 840 799 167 925 876 906 585 96 290 41 717 279 531 990 971 397 772 702 591 149 543 824 667 821 818 914 758 233 994 905 674 405 270 845 597 178 217 96 902 852 375 697 261 17 498 842 931 17 136 416 924 207 792 431 828 308 682 570 131 715 778 336 365 608 320 842 144 280 974 180 264 717 717 891 630 310
430 700 380 382 179 691 336 144 940 663 149 729 546 817 473 94 858 983 840 628 355 473 388 130 896 934 842 976 452 577 372 380 492 46 74 926 151 106 61 217 716 510 175 377 107 28 982 219 999 646 184 708 639 997 269 45 161 891 145 864 34 81 401 455 636 856 269 245 163 135 388 784 661 468 428 680 649 424 337 228
177 951 16 143 259 943 568 816 474 512 400 798 915 249 281 173 560 972 49 339 744 834 126 812 31 312 773 406 199 391 549 515 28 937 992 756 845 430 614 96 510 297 592 777 758 472 897 781 788 670 192 406 2 730 897 868 449 722 677 570 474 245 694 962 287 948 434 746 129 233 171 590 475 646 143 7 677 876 178 146
254 321 649 832 645 132 147 999 245 17 907 604 865 684 493 347 626 240 8 206 122 653 324 384 742 577 940 101 445 880 360 323 747 879 408 302 580 584 743 902 175 592 839 562 557 527 25 640 474 478 320 353 767 667 77 668 221 705 986 473 291 584 582 826 300 245 879 471 617 587 146 708 457 322 660 604 914 261 555 186
507 298 628 371 128 602 822 900 957 61 730 681 148 606 353 395 565 950 175 326 828 279 182 707 123 530 526 10 885 485 993 220 516 37 210 381 505 757 292 852 377 777 562 962 346 937 381 8 758 413 52 751 460 219 471 293 768 877 881 971 426 143 720 811 988 367 471 365 408 410 532 381 733 268 343 361 299 389 388 920
722 328 577 559 839 881 346 995 551 438 473 446 599 624 634 57 884 265 763 668 154 517 876 814 531 468 350 124 988 527 415 281 126 772 479 353 131 781 424 375 107 758 557 346 232 138 239 290 226 408 421 845 817 234 682 349 246 267 704 312 112 904 519 711 611 37 486 247 729 248 36 470 233 68 50 271 523 11 587 933
330 55 104 381 280 983 467 757 714 86 328 555 249 837 549 396 256 372 420 142 289 948 133 46 47 895 171 632 535 47 505 63 3 756 431 380 121 360 689 697 28 472 527 937 138 305 671 654 350 342 355 853 247 349 488 352 596 895 32 862 62 220 960 569 904 134 190 82 866 278 754 904 895 150 776 895 102 934 981 599
197 832 408 786 127 25 562 971 121 655 511 304 15 604 343 204 534 727 876 142 723 187 561 959 427 886 981 139 943 498 728 861 23 347 185 420 375 578 321 261 982 897 25 381 239 671 944 652 368 179 480 461 668 357 121 817 588 191 831 91 417 45 742 25 197 379 845 919 685 50 696 187 736 357 849 388 611 770 348 722
38 920 933 935 944 752 965 892 474 426 328 366 918 849 116 199 233 565 978 130 356 72 42 871 722 853 493 960 492 716 159 319 565 341 745 404 752 716 324 17 219 781 640 8 290 654 652 5 918 642 800 410 640 180 387 501 858 358 954 763 193 326 887 192 824 567 707 981 771 829 21 927 677 818 510 105 90 97 241 214
550 819 172 527 51 642 165 98 700 983 620 737 553 636 560 390 644 915 581 183 774 740 379 360 460 499 336 232 478 7 483 334 866 543 351 607 837 366 296 498 999 788 474 758 226 350 368 918 77 921 472 774 445 469 76 495 70 168 894 161 356 986 168 222 999 273 81 838 119 678 240 872 470 707 557 631 511 895 657 222
70 514 931 130 279 106 311 183 242 369 964 169 606 704 367 659 338 273 944 898 936 570 616 617 607 977 382 110 959 7 307 161 283 266 757 676 399 724 586 842 646 670 478 413 408 342 179 642 921 697 660 835 669 906 332 33 459 329 710 151 35 120 546 665 390 454 300 340 650 365 906 888 746 916 170 236 615 697 297 648
579 594 273 576 555 378 516 819 229 189 374 224 915 816 607 476 967 200 778 504 870 74 16 21 276 781 924 796 589 121 882 575 154 185 728 370 161 14 964 931 184 192 320 52 421 355 480 800 472 660 536 874 391 263 850 518 411 29 889 616 511 465 224 795 989 113 365 244 591 556 123 600 478 333 282 493 287 316 559 480
292 42 316 173 498 952 32 64 558 900 640 108 428 445 247 267 109 297 671 425 48 855 230 610 764 350 363 450 340 235 919 933 783 471 186 110 911 344 761 17 708 406 353 751 845 853 461 410 774 835 874 327 204 26 279 156 97 210 381 141 282 282 135 837 340 361 843 137 257 713 216 613 831 586 139 864 847 835 186 84
126 543 62 146 30 65 316 416 828 702 324 870 119 38 433 1 381 80 371 768 876 797 77 268 661 247 708 385 522 351 327 100 977 874 104 168 431 922 386 136 639 2 767 460 817 247 668 640 445 669 391 204 313 505 303 573 359 322 618 693 97 664 227 722 668 234 778 582 283 512 59 468 285 449 544 343 315 67 164 259
753 747 575 199 579 291 372 275 477 529 184 433 894 449 396 702 215 672 256 897 240 47 470 259 517 650 702 311 878 504 826 671 890 283 596 934 176 225 784 416 997 730 667 219 234 349 357 180 469 906 263 26 505 161 141 69 423 878 503 12 584 317 436 650 973 626 594 403 21 164 371 461 544 870 407 315 338 677 332 94
428 525 56 554 750 311 818 479 248 365 905 573 940 870 124 754 860 491 895 11 24 76 935 871 761 483 748 822 183 340 908 214 2 722 922 282 684 105 423 924 269 897 77 471 682 488 121 387 76 332 850 279 303 141 238 869 223 365 110 501 168 753 400 68 459 245 346 598 460 678 400 137 505 237 285 818 762 27 741 310
460 732 604 887 967 394 572 141 395 986 356 356 701 433 255 148 129 786 674 191 184 614 666 75 199 227 499 479 114 1 22 482 840 629 458 958 961 275 371 207 45 868 668 293 349 352 817 501 495 33 518 156 573 69 869 922 930 569 851 532 130 812 837 172 643 802 890 928 429 884 186 48 978 978 579 414 344 939 686 695
459 472 502 9 23 395 376 756 623 776 825 793 392 661 317 510 256 954 163 888 427 0 280 536 646 433 235 565 510 134 904 376 909 610 23 997 847 220 858 792 161 449 221 768 246 596 588 858 70 459 411 97 359 423 223 930 198 928 191 94 648 157 129 514 663 486 747 230 827 150 888 183 108 52 83 627 310 10 49 802
445 156 615 204 594 484 257 974 807 40 967 206 203 223 779 763 570 384 713 646 743 213 25 748 324 417 543 673 998 663 682 695 509 688 796 677 619 496 847 431 891 722 705 877 267 895 191 358 168 329 29 210 322 878 365 569 928 605 987 486 734 154 681 608 962 3 997 482 21 213 889 305 122 294 76 81 120 1000 315 434
156 185 267 241 67 545 823 299 619 776 506 237 813 60 320 312 738 535 266 92 576 580 424 131 16 314 199 503 278 725 453 187 231 641 246 648 242 535 125 828 145 677 986 881 704 32 831 954 894 710 889 381 618 503 110 851 191 987 725 310 722 897 802 332 847 260 215 319 575 632 167 422 494 173 6 192 538 21 478 520
23 492 99 240 985 293 271 969 459 277 356 38 479 596 77 731 239 57 656 931 275 739 250 413 455 159 933 150 614 659 429 132 123 280 387 828 450 879 546 308 864 570 473 971 312 862 91 763 161 151 616 141 693 12 501 532 94 486 310 755 289 764 991 551 620 793 212 917 47 230 140 489 305 207 155 168 485 564 824 314
336 985 905 922 911 87 299 966 795 562 563 681 934 768 683 970 464 474 56 491 193 677 115 627 745 52 571 47 232 975 741 134 454 292 918 170 569 338 585 682 34 474 291 426 112 62 417 193 356 35 511 282 97 584 168 130 648 734 722 289 520 554 614 501 447 811 322 246 265 884 208 874 771 149 563 859 917 908 488 99
399 418 879 543 340 477 199 611 464 213 929 82 681 666 704 15 318 237 766 122 142 697 982 895 910 343 951 992 203 106 680 606 523 623 131 229 423 634 461 570 81 245 584 143 904 220 45 326 986 120 465 282 664 317 753 812 157 154 897 764 554 692 766 467 347 984 33 71 778 339 460 162 801 232 73 894 774 708 321 584
597 198 264 5 218 626 196 125 673 500 417 299 276 516 458 619 576 190 267 339 907 297 862 149 256 194 440 130 165 259 248 519 615 95 826 424 244 519 464 131 401 694 582 720 519 960 742 887 168 546 224 135 227 436 400 837 129 681 802 991 614 766 136 691 96 860 234 564 763 265 695 309 731 983 985 296 827 726 864 168
791 268 362 897 157 561 400 687 114 327 924 52 660 866 859 34 560 248 233 746 525 182 566 473 671 760 754 972 764 327 605 355 357 345 640 959 158 575 669 715 455 962 826 811 711 569 25 192 222 665 795 837 722 650 68 172 514 608 332 551 501 467 691 324 177 228 636 691 860 876 242 707 3 406 668 244 698 36 793 294
951 774 836 928 319 583 61 167 952 455 765 436 129 811 925 267 234 605 111 244 453 816 202 526 37 789 468 557 951 807 151 900 28 163 915 178 879 966 136 778 636 287 300 988 611 904 197 824 999 390 989 340 668 973 459 643 663 962 847 620 447 347 96 177 89 735 578 468 417 953 450 968 487 463 888 951 236 225 777 303
701 186 855 144 600 546 535 568 836 212 374 60 667 945 531 970 671 296 817 148 279 200 954 928 122 394 712 343 85 176 86 796 670 5 18 357 127 870 862 336 856 948 245 367 37 134 379 567 273 454 113 361 234 626 245 802 486 3 260 793 811 984 860 228 735 362 448 353 684 316 474 229 215 708 937 430 691 404 515 553
387 772 709 899 325 188 296 674 259 361 724 117 683 362 54 691 940 257 428 931 690 216 979 200 361 991 740 129 953 339 419 768 446 669 794 794 504 151 482 365 269 434 879 471 486 190 845 707 81 300 365 843 778 594 346 890 747 997 215 212 322 33 234 636 578 448 643 909 211 248 444 699 926 865 406 933 635 91 126 782
988 184 630 209 286 616 656 427 273 330 935 412 364 89 976 255 694 17 522 265 241 873 49 589 55 805 546 544 900 877 655 863 538 177 864 308 257 32 662 608 245 746 471 365 247 82 919 981 838 340 244 137 582 403 598 928 230 482 319 917 246 71 564 691 468 353 909 365 581 937 878 177 24 863 21 232 831 497 693 527
309 1 554 281 652 315 833 60 291 691 528 507 965 216 207 850 323 206 425 393 986 855 702 624 378 797 176 207 761 539 445 377 293 415 732 644 361 739 891 320 163 129 617 408 729 866 685 771 119 650 591 257 283 21 460 429 827 21 575 47 265 778 763 860 417 684 211 581 757 533 357 490 953 458 720 814 886 930 558 812
716 513 375 934 481 562 312 743 208 12 112 661 964 374 260 195 963 292 839 515 522 33 172 463 573 535 644 809 895 308 88 963 972 776 278 467 774 923 668 842 135 233 587 410 248 278 50 829 678 365 556 713 512 164 678 884 150 213 632 230 884 339 265 876 953 316 248 937 533 333 283 107 915 25 801 784 878 878 439 729
603 713 473 447 352 248 899 745 677 558 737 885 212 832 749 464 225 462 9 512 799 444 753 310 225 382 876 727 516 440 366 513 971 546 834 703 269 606 504 144 388 171 146 532 36 754 696 21 240 906 123 216 59 371 400 186 888 889 167 140 208 460 695 242 450 474 444 878 357 283 20 423 714 677 799 792 98 926 185 876
619 72 473 792 990 624 218 981 353 189 628 630 397 936 268 171 241 287 488 175 809 163 865 305 930 467 564 303 420 213 605 524 81 505 632 459 168 572 286 280 784 590 708 381 470 904 187 927 872 888 600 613 468 461 137 48 183 305 422 489 874 162 309 707 968 229 699 177 490 107 423 202 527 43 589 59 223 288 323 510
406 306 141 999 94 702 649 795 730 738 247 797 74 239 611 197 801 734 484 128 581 980 811 414 746 686 937 236 947 60 347 945 580 417 262 251 427 20 974 974 661 475 457 733 233 895 736 677 470 746 478 831 285 544 505 978 108 122 494 305 771 801 731 3 487 215 926 24 953 915 714 527 364 330 247 741 816 806 534 309
416 54 442 395 433 17 89 797 899 23 651 33 925 829 167 770 303 330 656 146 912 251 467 624 875 157 414 218 539 309 830 63 982 263 794 305 623 227 106 180 468 646 322 268 68 150 357 818 707 916 333 586 449 870 237 978 52 294 173 207 149 232 983 406 463 708 865 863 458 25 677 43 330 772 786 295 734 822 525 188
26 869 706 559 92 816 11 125 886 619 474 42 102 600 776 595 820 239 868 939 594 215 961 176 954 337 850 39 592 651 236 530 825 875 23 561 736 164 473 264 428 143 660 343 50 776 849 510 557 170 282 139 544 407 285 579 83 76 6 155 563 73 985 668 888 937 406 21 720 801 799 589 247 786 864 245 350 333 120 673
572 351 244 740 261 47 104 590 790 114 629 806 770 384 106 365 237 345 664 496 468 565 205 535 33 191 260 97 639 830 361 665 940 268 122 211 940 726 916 717 680 7 604 361 271 895 388 105 631 236 493 864 343 315 818 414 627 81 192 168 859 894 296 244 951 430 933 232 814 784 792 59 741 295 245 196 282 11 159 254
58 492 4 664 3 708 709 755 184 197 932 37 76 999 661 669 691 275 898 39 170 944 595 494 764 127 886 62 603 131 299 458 345 488 502 854 188 225 650 717 649 677 914 299 523 102 611 90 511 615 287 847 315 338 762 344 310 120 538 485 917 774 827 698 236 691 635 831 886 878 98 223 816 734 350 282 514 390 636 856
105 645 275 392 210 606 370 456 375 796 953 689 330 495 622 967 106 326 839 278 970 345 962 882 805 488 433 140 932 691 438 860 604 968 174 995 246 276 515 891 424 876 261 389 11 934 770 97 895 697 316 835 67 677 27 939 10 1000 21 564 908 708 726 36 225 404 91 497 930 878 926 288 806 822 333 11 390 28 858 482
334 788 232 696 80 149 440 9 451 275 852 943 212 984 413 607 949 378 943 803 122 253 504 526 667 355 307 551 313 441 534 11 985 347 302 192 676 591 460 630 337 178 555 388 587 981 348 241 657 297 559 186 164 332 741 686 49 315 478 824 488 321 864 793 777 515 126 693 558 439 185 323 534 525 120 159 636 858 392 977
454 727 260 802 549 710 296 999 379 607 145 589 689 594 648 216 736 826 567 748 981 25 809 372 76 216 56 911 57 593 57 910 94 434 609 637 383 142 181 310 228 146 186 920 933 599 722 214 222 648 480 84 259 94 310 695 802 434 520 314 99 584 168 294 303 553 782 527 812 729 876 510 309 188 673 254 856 482 977 473
