7 24 3 168
1 2
1 2
1 2
1 1
1 3
1 1
1 3
1 3
1 2
1 2
1 1
1 1
1 2
1 2
1 1
1 3
1 3
1 3
1 3
1 2
1 3
1 3
1 3
1 1
1 3
1 1
1 1
1 1
1 2
1 2
1 2
1 2
1 1
1 2
1 3
1 3
1 3
1 2
1 3
1 1
1 2
1 2
1 1
1 2
1 3
1 2
1 2
1 3
1 2
1 3
1 2
1 3
1 1
1 2
1 3
1 3
1 3
1 2
1 1
1 2
1 3
1 1
1 2
1 3
1 2
1 2
1 1
1 1
1 2
1 1
1 3
1 2
1 2
1 1
1 1
1 3
1 1
1 3
1 1
1 1
1 1
1 1
1 1
1 2
1 1
1 3
1 2
1 2
1 2
1 1
1 2
1 3
1 3
1 2
1 3
1 1
1 1
1 2
1 3
1 3
1 1
1 1
1 2
1 2
1 2
1 2
1 3
1 2
1 3
1 1
1 3
1 3
1 3
1 1
1 1
1 3
1 2
1 2
1 3
1 2
1 2
1 2
1 2
1 3
1 1
1 2
1 2
1 1
1 1
1 2
1 2
1 3
1 2
1 2
1 1
1 2
1 2
1 2
1 3
1 1
1 1
1 1
1 2
1 3
1 1
1 1
1 1
1 3
1 2
1 2
1 1
1 1
1 3
1 1
1 2
1 1
1 1
1 2
1 1
1 3
1 1
1 2
1 3
1 3
1 1
1 2
1 1
1 3
94 438 458
438 205 380
458 380 285
