100 100 100 5200
2 33
2 19
2 92
2 88
2 8
1 59
2 90
2 47
2 46
2 100
2 80
2 50
2 11
2 55
2 83
2 18
2 59
2 62
1 7
2 35
2 96
2 4
2 1
1 95
2 86
2 100
2 62
2 61
2 51
2 82
2 68
2 91
2 37
2 14
1 95
2 93
2 97
2 41
2 37
2 46
2 69
2 90
2 95
1 28
2 84
2 92
2 27
2 82
2 27
2 15
2 9
2 58
2 15
2 38
2 68
2 32
2 18
1 35
2 12
2 1
2 87
2 42
2 83
2 80
2 17
2 17
1 15
2 83
2 24
2 74
2 24
2 58
1 68
2 17
2 58
1 47
2 59
2 48
2 8
2 92
2 75
2 94
2 72
2 10
2 75
2 52
2 31
1 45
2 45
2 53
2 79
2 59
2 54
2 53
2 76
2 36
2 87
2 36
2 59
2 22
2 80
2 84
2 90
2 17
2 32
2 33
1 62
2 39
2 3
2 42
2 13
2 18
2 61
2 26
2 95
2 42
2 5
2 74
1 58
2 18
2 83
2 57
2 17
2 14
2 38
2 87
2 77
1 4
2 74
2 26
2 19
2 69
2 92
2 98
2 68
2 82
2 26
2 18
2 92
2 68
2 88
2 3
2 73
2 26
2 76
1 97
2 13
2 1
2 78
2 66
2 13
2 34
2 74
2 78
2 60
2 80
2 16
2 15
2 81
2 15
2 45
2 84
2 80
2 97
2 100
2 77
2 1
2 15
2 96
2 86
2 2
2 28
2 29
2 98
2 30
2 26
2 40
2 29
1 7
2 94
2 64
2 39
2 13
2 79
2 40
2 33
2 48
2 50
2 27
2 86
2 31
1 18
2 30
2 53
2 89
2 93
2 32
2 62
2 42
2 21
2 95
2 60
2 14
2 47
2 40
2 100
2 49
2 31
2 61
2 52
2 3
2 50
2 17
2 32
2 35
2 35
2 69
2 59
2 8
2 40
2 67
2 31
2 6
2 55
2 52
2 51
2 42
2 17
2 22
2 91
2 85
2 41
2 15
2 43
2 46
2 22
2 53
2 27
2 82
2 7
2 69
2 60
2 97
2 44
2 55
2 64
2 44
2 65
2 44
2 71
2 31
2 99
2 53
2 52
2 80
2 24
2 64
1 31
2 15
2 88
2 48
2 57
2 52
2 88
2 66
1 66
2 46
1 57
2 95
2 98
1 9
2 87
2 19
2 89
2 43
2 93
2 33
2 72
2 40
2 100
2 82
2 26
2 20
2 29
1 69
2 4
2 59
1 63
2 87
2 47
2 84
2 68
2 31
2 84
2 55
2 21
2 6
2 51
2 4
2 4
2 34
2 22
2 81
2 7
2 52
2 90
1 22
2 28
2 76
2 3
2 86
2 87
2 90
2 40
2 72
2 74
2 4
2 50
2 58
2 37
2 80
2 14
2 90
2 37
2 61
2 65
2 58
2 12
2 21
2 84
2 20
2 17
2 4
2 86
2 11
2 39
1 48
2 55
2 47
2 67
2 52
2 27
2 1
2 88
2 47
2 18
2 58
2 82
2 52
2 44
2 25
2 29
2 36
2 84
2 8
2 61
2 34
1 23
2 79
2 73
2 59
2 80
2 13
2 10
2 99
2 74
2 76
2 45
2 21
2 62
2 3
2 75
2 55
2 33
2 22
2 67
2 34
2 94
2 85
2 37
2 5
2 99
2 21
2 91
2 47
2 57
2 46
2 98
2 33
2 5
2 62
2 61
2 29
2 12
2 5
2 88
2 63
2 23
2 5
2 9
2 75
2 66
2 63
2 31
2 47
2 29
2 99
1 23
2 44
2 71
2 21
2 23
2 35
2 53
2 82
2 49
2 95
2 4
2 29
2 60
2 28
2 76
2 100
2 33
2 95
2 95
2 13
2 2
2 48
2 31
2 90
2 67
2 17
2 96
2 100
2 32
2 96
1 84
2 94
2 17
2 97
1 90
2 57
2 67
2 27
2 3
2 76
2 75
2 94
1 69
1 8
2 8
2 4
2 1
2 35
2 28
2 23
2 81
2 82
2 43
2 24
2 97
2 90
2 72
2 49
2 83
2 74
2 42
2 3
2 90
2 25
2 42
1 42
2 5
2 68
2 72
2 93
2 64
2 17
2 99
2 12
2 47
2 43
2 77
2 2
2 66
2 64
2 61
2 24
2 94
1 15
2 2
2 81
1 29
2 78
1 41
2 71
2 66
2 78
2 99
2 20
2 21
2 91
2 85
2 43
2 4
2 45
2 64
2 3
2 84
2 93
2 32
2 73
1 70
2 29
2 72
2 86
2 64
2 97
2 5
2 1
2 74
2 95
2 30
2 83
2 97
2 61
2 58
2 25
1 44
1 92
2 55
2 87
2 99
2 29
2 43
2 70
2 56
2 21
2 98
2 32
2 73
2 2
2 31
2 11
2 6
2 98
2 54
2 23
2 58
2 56
2 27
2 85
2 75
2 36
2 1
1 20
2 49
2 46
2 84
2 37
2 30
2 96
1 82
2 57
2 19
2 30
2 82
2 32
2 21
2 94
2 39
2 66
2 9
2 74
2 51
2 90
1 23
2 18
2 40
2 3
2 55
2 78
2 80
2 88
2 100
2 48
2 96
2 75
2 78
2 40
2 23
2 10
2 72
2 46
2 62
2 85
2 96
2 54
2 6
2 36
2 94
2 44
2 11
2 20
2 72
1 93
2 44
2 94
2 51
2 19
2 17
2 45
2 40
2 69
2 51
1 100
2 9
2 77
2 90
2 77
2 73
2 75
2 30
2 11
2 11
2 5
2 92
2 60
2 64
2 78
2 38
2 88
2 97
2 1
2 46
2 48
2 14
2 94
2 40
2 80
2 25
2 81
2 36
2 12
2 42
2 48
2 73
2 70
2 11
2 18
2 96
2 28
2 28
2 90
2 71
2 98
2 97
1 42
2 40
2 48
2 32
2 18
2 94
2 5
2 35
2 71
2 42
2 40
2 49
2 100
2 84
2 47
2 57
2 83
2 53
2 21
2 61
2 11
2 32
2 17
2 12
2 30
2 35
2 85
2 69
2 41
1 6
2 100
2 37
2 94
2 7
2 86
2 54
2 15
2 72
2 88
2 57
1 56
1 51
2 36
2 70
2 13
1 95
2 47
2 20
2 21
2 37
2 28
2 96
2 37
2 92
2 25
1 61
2 74
2 75
2 9
2 78
2 97
2 78
2 16
2 14
2 56
2 65
2 72
2 49
2 97
1 41
2 96
2 67
2 84
2 56
2 24
2 64
2 39
2 15
2 51
2 23
2 46
1 34
2 40
2 90
2 41
2 64
2 25
2 80
2 62
2 1
2 88
2 47
2 12
2 16
2 80
2 77
2 91
1 98
2 88
2 31
2 54
1 63
2 16
2 8
2 38
2 64
2 2
2 62
1 91
2 81
2 16
2 72
2 54
2 81
1 31
1 32
2 59
1 88
2 16
2 99
2 82
2 33
2 58
1 50
1 54
2 25
2 67
1 72
2 86
2 72
2 50
2 44
2 16
2 63
2 63
2 59
2 70
2 55
2 60
2 61
2 45
2 84
2 9
2 11
2 73
2 13
2 86
2 25
2 98
2 100
2 41
2 76
2 62
2 7
2 16
2 19
2 25
2 49
2 9
2 16
2 24
2 17
2 76
2 83
2 29
2 21
2 58
2 52
2 13
2 61
2 41
2 48
2 78
2 97
1 26
2 33
2 18
2 23
2 97
2 44
2 77
1 29
2 47
2 49
2 71
1 25
2 35
2 73
2 49
2 54
2 97
2 28
2 53
2 13
2 64
2 42
2 16
2 77
2 3
2 11
2 95
2 7
2 53
2 60
2 12
2 76
2 85
2 63
2 42
2 8
2 43
2 5
2 34
2 54
2 51
2 46
2 95
2 64
2 50
2 83
2 4
2 94
2 88
2 89
1 6
2 54
2 50
2 65
2 27
2 98
2 14
2 80
2 82
1 46
2 40
2 90
2 79
2 38
2 14
1 2
2 25
2 91
2 100
2 28
2 97
2 52
2 88
2 67
2 59
2 79
2 33
1 86
2 56
2 47
2 91
2 80
2 91
2 40
2 49
2 45
2 58
1 65
2 22
2 97
2 37
2 34
2 86
2 67
2 3
2 99
2 71
2 25
1 2
2 2
2 39
2 100
2 91
2 35
2 11
2 62
2 81
2 44
2 79
2 88
2 33
2 60
2 34
2 58
2 78
2 40
2 46
2 55
2 58
2 15
2 71
2 86
2 67
2 18
2 29
2 58
2 80
2 43
2 60
2 98
2 49
2 22
2 54
2 91
2 32
2 51
2 86
2 90
2 89
2 10
2 78
2 83
2 66
1 63
2 99
2 32
2 51
2 38
2 54
1 83
2 55
2 4
2 66
2 57
2 98
2 83
2 81
2 70
2 67
2 19
2 12
2 15
2 48
2 64
2 87
2 98
2 96
2 82
2 10
2 59
2 79
2 39
2 19
2 69
2 83
2 7
2 29
2 47
2 84
2 58
2 59
2 74
1 69
2 63
2 20
2 3
2 74
2 75
2 39
2 29
2 52
2 67
2 71
2 76
2 42
2 21
2 8
2 96
2 58
2 15
2 13
2 8
2 55
2 26
2 81
2 38
1 41
2 67
2 38
2 73
2 11
2 38
2 15
2 68
2 82
2 2
2 37
2 95
2 24
2 3
2 85
2 43
2 33
2 34
2 77
2 82
2 94
2 36
2 42
2 13
2 28
2 24
2 94
2 48
2 20
2 72
2 70
2 14
2 69
2 31
2 28
2 6
2 58
2 48
2 40
2 85
2 96
2 49
2 88
2 82
2 12
1 8
2 81
2 89
2 39
2 56
2 21
2 96
2 97
2 41
2 72
1 75
2 54
2 65
2 36
2 71
2 33
2 34
2 67
2 61
2 33
2 100
2 7
2 83
2 19
2 34
2 44
2 83
2 62
2 92
2 97
2 77
2 40
2 75
2 64
2 52
2 46
2 36
2 42
2 60
2 10
2 19
2 34
2 39
2 14
2 73
2 9
2 5
2 90
2 32
2 44
2 100
2 88
2 18
2 52
2 18
2 86
2 28
2 58
2 19
2 17
2 75
2 94
2 4
2 17
1 11
2 25
2 78
2 66
2 3
2 16
2 98
2 33
2 67
2 49
2 14
2 4
2 30
2 94
2 7
2 28
2 97
2 53
2 56
2 87
2 21
2 91
2 73
2 7
2 3
2 90
2 1
2 12
2 45
2 57
2 16
2 2
2 86
1 51
2 88
2 24
2 89
2 10
2 95
2 72
2 61
2 20
2 64
2 48
2 23
2 29
2 64
2 91
1 89
2 96
2 89
2 47
2 91
2 29
2 17
2 92
2 4
2 55
2 69
2 57
2 15
2 18
2 74
2 54
1 83
2 8
2 100
2 39
2 66
2 29
2 47
2 67
2 78
2 9
1 77
2 56
2 4
2 58
2 12
2 58
2 29
2 9
2 92
2 4
2 3
2 26
2 1
2 36
2 88
2 39
1 81
1 8
2 61
2 66
2 74
2 62
2 92
2 65
1 57
2 75
2 30
2 56
2 91
2 26
2 25
2 69
2 10
2 4
2 28
2 12
2 21
2 60
2 73
2 69
2 99
2 82
2 94
1 31
2 53
2 59
2 18
2 69
2 79
2 35
1 65
2 77
2 39
2 19
2 72
2 43
2 5
2 43
2 48
2 18
2 46
2 13
2 60
2 27
2 4
2 95
2 38
1 43
2 67
2 55
2 82
2 71
2 66
2 48
2 84
2 7
2 1
2 22
2 25
2 93
2 37
2 1
2 72
2 25
2 15
2 40
2 7
2 80
1 51
2 67
2 81
2 75
2 61
2 79
2 52
2 58
2 57
2 81
2 94
2 87
2 75
1 39
2 19
1 41
2 74
2 68
2 57
1 29
2 16
2 55
2 69
2 75
2 57
2 91
2 83
2 89
2 55
2 61
2 46
1 64
2 57
2 30
2 27
2 75
2 19
2 44
1 31
2 2
2 30
2 59
2 59
2 75
2 83
1 98
2 39
1 58
1 13
2 45
2 46
2 63
2 63
2 55
2 9
2 75
2 90
2 43
2 70
2 82
2 64
2 92
2 93
2 75
2 58
2 70
2 46
2 42
2 38
2 24
2 21
2 27
2 31
2 72
2 47
1 82
2 72
2 57
2 36
2 34
2 62
2 6
2 21
2 35
2 3
2 96
2 99
1 17
2 58
2 63
2 90
2 71
2 31
2 3
2 6
2 9
2 95
2 31
2 77
2 70
2 64
2 73
2 82
2 82
2 11
2 58
2 4
2 58
2 72
2 73
2 90
2 64
2 23
2 3
2 73
2 41
2 16
2 38
2 92
1 17
2 60
2 87
2 23
2 83
2 73
2 63
2 92
2 86
2 49
2 47
2 26
2 63
2 2
2 23
2 5
2 56
2 11
2 62
2 89
2 23
2 32
2 87
2 74
2 84
1 89
2 93
2 61
2 46
2 41
2 70
2 38
2 51
2 90
2 27
2 88
1 14
2 100
2 5
2 41
2 66
2 46
2 10
2 16
2 40
2 16
2 24
2 29
2 88
2 84
2 61
2 41
2 97
2 16
2 12
2 41
2 29
2 32
2 23
2 35
2 56
2 53
2 15
1 98
2 84
2 14
2 63
2 92
2 44
2 86
2 54
2 82
2 78
2 65
2 9
2 45
2 76
2 24
2 81
2 50
2 62
2 71
2 73
2 83
2 31
1 94
1 33
2 99
2 47
2 51
2 14
2 11
2 67
2 56
2 4
2 33
2 16
2 28
2 7
2 6
2 19
2 14
2 30
2 38
1 55
2 94
2 12
2 35
2 83
2 1
2 36
2 63
2 4
2 23
2 90
2 56
2 98
2 42
1 62
2 54
2 19
2 54
2 65
2 3
2 67
2 100
2 18
2 38
2 10
2 5
2 38
2 24
2 73
2 82
1 50
2 70
2 99
2 62
2 37
1 1
2 100
2 12
2 22
2 85
2 33
2 24
2 57
2 58
2 5
2 28
2 66
1 58
2 49
2 99
2 37
2 64
2 12
2 6
2 54
2 25
1 8
2 56
2 66
2 13
2 67
2 33
2 29
2 44
2 98
2 10
2 60
1 3
2 42
2 60
2 3
2 42
1 72
2 48
2 72
2 23
2 16
2 61
2 97
2 26
2 93
2 97
2 61
2 73
2 89
2 76
2 25
2 86
2 7
2 99
2 29
2 66
2 34
2 52
2 16
2 73
2 100
2 55
2 2
2 80
2 77
2 3
2 28
2 44
2 54
2 89
1 34
2 78
2 28
2 70
2 70
2 86
2 60
2 84
2 80
1 3
2 31
2 17
2 40
2 12
2 90
2 42
2 18
2 65
2 5
2 47
2 89
2 64
2 8
2 43
2 90
2 77
2 5
2 86
2 21
2 6
2 11
2 60
2 83
2 23
2 79
2 66
2 73
2 23
2 65
2 12
2 22
2 66
2 26
2 11
2 81
2 9
2 24
2 77
2 89
2 19
2 96
2 49
2 96
2 85
2 56
2 64
2 64
2 45
2 65
2 7
2 2
1 53
2 62
2 21
1 50
2 14
2 90
2 5
2 77
2 24
1 63
2 66
2 42
2 53
2 54
2 75
2 98
2 59
2 45
1 37
2 26
2 63
2 34
2 7
2 87
2 4
2 74
2 54
2 64
2 54
2 27
2 20
2 100
2 3
2 3
1 88
2 50
2 18
2 18
2 38
2 28
1 52
2 63
2 3
2 7
2 39
2 25
2 78
2 21
2 36
2 55
2 16
2 16
2 46
2 37
2 39
2 41
2 82
2 36
2 73
2 6
1 83
2 23
2 50
2 18
2 96
2 99
2 33
1 58
2 80
2 91
1 38
2 80
2 62
2 53
2 98
2 30
2 50
2 10
2 82
2 42
2 36
2 20
2 7
2 20
2 73
2 27
2 89
2 63
2 80
2 94
2 43
1 25
2 71
2 44
2 77
2 70
2 82
1 11
2 92
2 11
2 33
2 29
2 1
2 63
2 72
2 58
2 84
2 73
2 43
2 19
2 93
2 56
2 34
2 76
2 90
2 96
1 76
2 32
2 54
2 13
2 97
2 55
2 10
2 2
2 23
1 59
2 70
2 97
2 35
2 10
2 12
2 69
2 88
2 99
2 90
1 37
1 84
2 16
2 66
2 72
2 40
2 36
2 40
2 34
2 53
2 49
2 71
2 68
2 56
2 59
2 51
2 69
2 55
1 99
2 83
2 41
2 30
2 88
2 99
2 60
2 73
2 43
2 38
2 71
2 88
2 34
2 93
2 41
2 25
2 51
2 21
2 33
2 26
2 76
2 13
1 87
2 14
2 17
2 28
2 57
2 51
2 37
2 6
2 47
2 24
2 32
2 93
2 79
2 81
2 30
2 70
2 74
2 1
2 15
2 92
2 70
1 6
2 35
2 63
2 43
2 83
2 40
2 15
2 23
1 63
2 28
2 10
2 4
2 95
2 91
2 32
2 63
2 78
2 25
2 52
2 63
2 63
2 10
2 55
2 43
2 72
2 59
2 65
2 79
2 73
2 79
2 30
2 94
2 58
2 9
2 73
2 1
2 72
2 59
2 54
2 95
2 36
2 22
2 54
2 87
2 27
2 5
2 80
2 92
1 80
2 43
2 15
2 30
2 35
2 70
2 39
2 16
2 15
1 40
2 92
2 57
2 17
2 73
2 38
2 88
2 62
2 45
2 73
2 20
2 75
2 53
2 98
2 97
2 93
2 46
2 56
2 81
2 86
2 2
2 47
2 62
2 20
2 96
2 87
1 55
2 3
2 58
2 40
2 76
2 84
2 69
2 91
2 58
2 89
2 23
2 31
2 37
2 26
2 95
2 96
2 43
1 81
2 42
1 51
2 81
2 5
2 30
2 67
2 46
1 68
2 44
2 97
2 61
2 84
2 15
2 49
2 97
2 47
2 82
2 22
2 21
2 11
2 43
2 61
2 28
2 25
1 8
2 70
2 79
2 82
2 7
2 75
2 76
2 40
2 77
2 72
2 4
2 44
2 95
2 21
2 9
2 14
2 8
2 8
2 58
2 74
2 2
1 61
2 61
1 77
2 53
2 7
2 56
2 21
2 100
2 96
2 41
2 93
2 81
2 51
1 66
2 44
2 66
2 71
2 60
2 85
2 46
2 72
2 81
1 17
1 10
2 70
2 65
2 46
2 33
2 45
2 66
2 54
2 61
2 28
2 20
2 25
2 66
2 58
2 55
2 15
2 72
2 17
2 68
2 87
2 76
2 15
2 55
2 86
2 18
2 17
1 21
2 8
2 98
2 49
2 75
2 74
2 61
1 81
2 92
2 68
1 83
2 92
2 98
2 35
2 71
2 7
2 84
2 53
2 62
2 71
2 30
2 78
2 5
2 70
2 25
2 45
2 47
1 100
2 85
2 14
2 19
2 79
2 93
2 18
2 97
2 70
2 67
2 35
2 37
2 33
1 46
2 82
1 76
2 7
2 3
2 43
2 85
2 43
2 20
2 98
2 20
2 73
2 36
2 7
2 100
2 67
2 23
2 93
2 65
2 23
2 18
2 100
2 18
2 16
2 11
2 45
2 32
2 30
2 26
2 83
2 76
2 55
2 22
2 41
2 60
2 43
2 64
2 22
2 8
1 92
2 16
2 52
2 14
2 58
2 77
2 26
2 33
2 27
2 96
2 57
2 84
2 78
2 65
2 15
2 77
2 65
2 62
2 88
2 20
2 36
2 13
2 33
2 13
2 48
2 38
2 76
2 39
2 76
2 11
2 53
1 20
2 4
1 16
2 76
2 66
2 8
2 11
2 1
2 32
2 67
2 83
2 65
2 3
2 39
2 71
2 75
2 83
1 30
2 46
2 42
2 2
2 4
2 75
2 76
2 18
2 41
2 83
2 99
2 43
2 8
2 87
2 6
2 98
2 8
2 25
2 99
2 20
2 70
2 95
2 23
2 80
2 65
2 80
2 31
2 90
2 2
2 23
2 86
2 2
2 63
2 29
2 18
2 92
2 86
2 39
2 66
2 23
2 28
2 91
2 70
2 58
2 81
2 56
2 38
2 42
2 47
2 80
2 84
2 68
2 92
2 24
2 18
2 12
2 80
2 50
2 83
2 40
2 31
2 91
1 79
2 41
2 39
2 5
2 6
1 100
2 9
2 96
1 72
2 24
2 4
2 11
2 50
2 20
2 44
2 76
2 4
2 45
2 28
2 37
2 13
2 18
2 79
2 53
2 10
2 58
2 22
2 40
2 22
2 67
2 79
2 53
2 41
2 94
2 9
2 35
2 69
2 27
1 43
2 60
2 92
1 96
2 25
2 88
2 89
2 29
2 21
2 8
2 34
2 35
2 28
2 76
2 34
2 63
2 6
2 88
2 7
2 10
2 39
2 38
2 27
2 66
2 43
2 58
2 46
2 4
2 33
2 55
2 48
1 30
2 66
2 34
2 10
2 14
1 19
2 32
2 7
2 78
2 84
2 26
2 65
2 11
2 5
2 77
2 93
2 98
2 20
2 16
2 68
2 84
2 61
2 15
2 25
2 56
2 23
2 84
2 67
2 32
2 24
2 97
2 22
2 2
2 53
2 40
2 48
2 62
2 37
2 43
1 18
2 9
2 92
2 1
2 94
2 27
2 20
1 40
2 14
2 33
1 4
2 9
2 91
1 45
2 81
2 40
2 17
2 24
2 40
2 72
2 88
2 29
2 11
2 69
2 11
2 67
2 77
2 25
2 3
2 59
2 67
2 62
2 61
2 25
2 77
2 2
2 72
2 85
2 54
2 70
2 42
1 29
2 6
2 28
2 38
1 69
1 28
2 2
2 16
2 27
2 50
2 52
2 78
2 71
2 24
2 34
2 24
2 10
2 13
2 5
2 20
2 35
2 73
2 5
2 97
1 98
2 51
2 81
2 13
2 8
2 89
2 14
2 5
2 45
1 94
2 15
2 99
1 41
1 16
2 88
2 1
2 55
2 22
1 85
2 28
2 58
2 91
2 64
2 76
2 33
2 53
2 43
2 20
2 52
2 85
2 94
2 15
2 30
2 50
2 71
2 71
2 49
2 74
2 40
2 51
2 37
2 2
2 2
2 95
2 97
2 56
2 75
1 55
2 21
2 75
2 15
2 10
2 59
2 55
2 22
2 17
2 65
2 93
2 48
2 45
2 78
2 96
2 13
1 80
2 70
2 17
2 14
2 47
2 84
2 43
1 62
2 43
2 93
2 17
2 18
2 4
1 54
2 18
2 15
2 60
2 76
2 32
2 47
2 74
2 34
2 16
2 99
2 98
2 87
2 96
2 30
2 57
2 73
1 38
2 64
2 92
2 38
2 72
1 67
2 37
2 62
2 36
1 51
2 32
2 32
2 43
2 47
2 53
2 16
2 4
2 89
2 76
2 75
2 75
2 67
2 62
2 88
2 18
2 76
2 53
1 51
2 15
2 25
2 14
2 93
2 100
2 19
2 50
2 66
2 17
2 66
2 75
2 4
2 27
2 10
2 32
2 58
2 46
2 15
2 36
1 97
2 39
1 60
2 2
2 29
2 3
2 21
2 35
2 88
2 55
2 25
2 71
2 35
1 80
2 16
2 48
2 58
2 66
2 76
2 41
2 49
2 13
2 71
2 29
2 60
2 83
2 48
2 93
1 13
2 95
2 8
2 19
2 45
1 79
2 32
2 99
2 50
2 97
2 43
2 54
2 3
2 90
2 72
2 34
2 45
2 87
2 67
1 2
2 47
2 21
2 95
2 60
1 81
2 83
2 14
2 22
2 64
2 36
2 50
2 38
2 98
2 82
2 38
1 64
2 68
2 24
2 80
2 97
2 14
2 96
2 39
2 72
1 65
2 73
2 50
2 72
2 59
1 44
2 86
2 87
1 50
2 71
2 37
2 25
2 58
2 46
2 67
2 14
2 34
2 26
2 23
2 14
2 74
2 54
2 17
2 41
2 57
2 1
2 37
1 33
2 46
2 16
2 59
2 44
2 17
2 24
2 6
2 64
2 28
2 12
2 6
2 71
2 27
2 63
2 71
2 25
2 93
2 93
2 74
2 77
2 43
2 37
2 72
2 80
2 40
2 97
2 95
2 70
2 35
1 71
2 13
2 17
2 45
2 74
1 40
2 100
2 48
2 20
2 91
1 92
2 64
2 21
2 61
2 50
2 12
2 11
2 14
1 91
2 92
1 80
2 58
2 6
2 63
2 93
2 90
2 59
2 5
2 9
2 96
2 77
2 60
2 49
2 92
2 73
2 57
2 41
2 55
2 35
2 21
2 5
2 29
2 55
2 28
1 79
2 17
2 59
2 24
2 85
2 48
2 38
2 64
2 78
1 76
2 41
2 14
2 67
2 61
2 70
2 46
2 58
2 44
1 21
2 66
2 50
2 34
2 20
1 3
2 40
2 13
2 7
1 56
2 46
2 75
2 51
1 60
2 23
2 19
2 52
2 64
2 43
2 66
2 20
2 76
2 30
2 64
2 38
2 81
2 73
2 43
2 9
2 32
2 15
2 38
2 6
2 86
2 10
2 23
2 47
2 76
2 40
2 66
2 3
2 83
2 40
2 22
1 34
2 1
2 33
2 90
2 87
2 14
2 44
2 53
2 2
2 55
2 78
1 55
2 58
2 26
2 33
2 62
2 71
2 81
2 48
2 25
2 23
2 30
2 30
2 92
2 62
2 27
2 36
2 53
2 95
2 60
2 23
2 20
2 97
2 2
2 16
2 11
2 97
2 14
1 23
2 56
2 44
2 48
2 95
2 31
2 18
2 54
2 58
2 97
2 95
2 52
2 50
2 7
2 78
2 29
2 20
2 92
2 58
2 61
2 20
1 14
2 94
2 79
2 14
2 33
2 26
2 57
2 45
2 93
2 63
2 21
2 95
2 38
2 26
2 18
2 83
2 31
2 96
2 59
2 49
2 19
1 91
2 67
2 15
2 100
2 37
2 54
2 96
2 8
2 66
2 23
2 10
2 47
2 13
2 7
2 98
2 51
2 65
2 82
2 93
2 27
2 15
2 82
2 68
2 97
2 37
2 71
2 15
2 75
2 100
2 49
2 41
2 6
2 74
2 69
2 39
2 64
2 23
2 19
2 52
2 11
2 9
1 41
2 98
2 41
2 75
2 79
2 43
2 14
2 59
2 53
2 27
2 100
2 58
1 75
2 83
2 80
2 88
2 7
2 90
2 73
2 83
2 71
2 50
2 9
2 34
2 6
2 97
2 67
2 52
2 51
2 18
2 54
2 62
2 89
2 28
2 91
2 19
2 86
2 61
2 41
2 54
2 23
2 62
2 30
2 84
2 65
2 12
2 39
2 42
2 28
2 40
2 48
1 75
2 45
2 82
2 98
2 7
2 42
2 98
2 43
1 94
2 24
2 69
2 100
2 24
2 10
2 28
2 92
2 74
2 70
2 7
2 47
2 62
2 86
2 24
2 62
2 42
2 19
2 75
2 72
2 88
2 17
2 33
2 52
2 27
1 98
2 5
2 65
2 26
2 64
2 87
2 34
2 99
2 61
2 12
2 42
2 53
1 77
2 90
2 46
2 83
2 48
2 63
2 24
2 44
2 96
2 56
2 67
2 60
2 8
2 93
2 41
2 51
2 76
2 93
2 9
2 28
2 63
2 73
2 48
1 76
2 32
1 74
2 12
1 68
2 34
2 64
2 36
1 65
2 23
2 16
2 82
2 58
2 79
2 79
2 67
2 40
2 30
2 47
2 46
2 67
2 75
2 43
2 25
2 15
2 9
2 76
1 7
2 20
2 15
2 51
2 93
2 21
2 56
1 34
2 75
2 89
2 31
2 29
2 88
2 85
2 15
2 61
2 58
2 54
2 19
2 95
2 32
2 95
2 19
2 75
1 8
2 55
2 30
2 25
2 82
2 2
2 87
2 100
2 54
2 44
2 50
2 35
2 95
1 37
2 64
1 83
2 9
2 28
2 19
2 40
2 21
2 26
2 2
2 3
2 20
2 70
2 80
1 27
2 35
2 31
2 65
2 32
2 71
2 45
2 42
2 45
2 36
1 52
2 54
2 90
2 36
2 93
2 69
2 50
2 76
2 22
2 64
2 39
2 22
2 80
2 81
2 95
2 14
2 21
2 2
2 58
1 83
2 57
2 19
2 40
2 5
2 45
2 99
2 3
2 85
2 7
2 33
2 63
2 55
2 36
2 5
2 76
2 97
2 44
2 81
2 55
2 5
2 85
2 28
2 100
2 28
2 22
2 51
1 51
2 12
2 27
2 34
2 46
2 58
2 57
2 50
2 69
2 23
2 68
2 78
2 91
2 89
2 70
2 50
2 41
2 69
1 56
2 25
2 30
2 87
2 12
1 91
2 45
2 1
2 23
2 59
2 76
2 39
2 12
2 56
2 23
2 35
2 48
2 23
2 14
2 38
2 27
1 9
2 15
2 1
2 78
2 61
2 79
2 100
2 96
2 80
2 10
2 50
2 84
1 28
1 50
2 37
2 95
2 46
2 88
2 92
2 81
2 26
2 57
2 88
2 27
1 57
2 9
2 59
2 12
2 42
2 82
2 53
2 11
1 99
2 47
2 91
2 60
2 23
1 32
2 26
2 95
2 52
2 35
2 62
2 84
2 35
2 46
2 50
2 68
2 3
2 85
2 16
2 20
2 92
2 72
2 49
2 42
2 80
2 28
2 43
2 69
2 35
2 38
2 38
2 61
2 70
2 92
2 24
2 2
2 95
2 8
2 62
2 9
2 65
2 67
2 64
2 1
2 11
2 59
2 81
2 78
2 43
2 68
2 60
2 31
2 100
2 25
2 78
2 57
2 98
2 78
1 80
2 79
2 58
2 29
2 69
2 18
2 100
2 7
1 70
2 5
2 68
2 34
1 38
2 8
2 37
2 24
2 95
2 23
2 22
2 50
1 99
2 5
2 40
2 3
2 8
2 77
2 72
2 38
2 50
2 97
2 55
2 91
2 73
2 32
2 56
2 74
2 97
2 63
2 65
2 67
2 74
2 88
2 27
2 17
2 65
2 49
2 82
2 3
2 4
2 34
2 92
2 43
2 98
2 68
1 97
2 51
1 86
2 100
1 33
2 90
2 5
2 44
2 67
2 35
2 37
1 62
2 24
2 51
2 63
1 46
2 59
2 2
2 2
2 31
2 36
2 23
2 52
2 94
2 72
2 46
1 20
2 27
2 86
1 48
2 44
2 24
1 30
2 80
2 26
2 52
2 71
2 27
2 93
2 57
2 100
2 25
2 17
2 36
2 9
2 15
2 89
2 1
2 4
2 38
2 50
2 1
2 58
2 82
2 95
2 30
2 8
2 44
2 65
2 61
2 46
2 37
2 23
2 36
2 67
2 74
2 42
2 61
2 4
2 39
2 24
1 27
1 72
2 21
2 28
2 79
2 21
1 35
2 56
2 10
1 79
2 54
2 9
2 56
2 7
2 94
2 24
2 61
2 73
2 53
2 37
2 79
2 95
2 72
2 23
2 7
1 92
2 53
2 28
2 13
2 22
2 9
2 46
2 28
2 39
2 92
2 47
2 6
2 14
2 36
2 29
2 94
2 40
2 96
2 75
2 60
2 8
2 87
2 63
2 33
2 23
1 55
2 90
2 14
2 61
1 38
2 91
2 52
2 3
2 37
1 1
2 98
2 26
2 69
2 40
2 2
2 5
2 63
2 28
2 52
2 5
2 47
2 81
2 81
2 65
2 36
2 91
2 57
2 96
2 81
2 94
2 32
2 87
2 93
2 65
1 37
2 90
2 79
2 22
1 71
2 21
2 66
2 37
2 14
2 17
2 36
2 74
2 85
2 79
2 29
2 25
2 62
2 22
2 78
2 65
2 87
2 56
2 15
2 4
1 32
2 87
1 34
2 69
2 64
2 24
2 22
2 92
1 67
2 44
2 36
2 47
2 60
2 57
2 40
2 63
2 12
2 33
2 88
2 42
1 67
2 59
2 78
2 23
2 32
2 3
2 2
2 18
2 11
2 83
2 44
2 69
2 46
2 80
2 92
2 15
2 9
2 17
2 23
2 90
2 2
2 31
2 100
2 71
2 25
2 53
2 34
2 62
2 2
2 3
2 9
2 52
2 10
2 62
2 20
2 39
2 50
2 54
2 51
2 1
2 2
2 90
2 82
2 53
2 9
2 92
2 69
1 33
2 41
1 69
1 23
2 23
2 60
2 48
2 64
2 59
2 3
2 53
2 83
2 11
2 46
2 18
2 69
2 86
2 49
2 90
2 94
2 75
2 50
2 43
1 37
2 33
2 50
2 84
2 82
2 47
2 18
1 90
2 100
2 36
2 32
2 4
2 36
2 87
2 50
2 33
2 9
2 23
2 70
2 21
2 98
2 46
2 31
2 93
2 18
2 14
2 45
2 41
2 32
2 78
2 6
2 72
2 85
2 56
2 3
2 21
2 14
2 2
2 4
2 70
2 20
2 23
2 90
2 90
1 93
2 64
2 59
2 3
2 78
2 53
2 57
2 54
2 1
2 60
2 21
2 84
2 97
1 29
2 92
2 71
2 6
2 33
2 23
1 60
2 61
2 82
2 26
2 93
2 58
2 87
2 49
2 26
2 37
2 61
2 33
1 29
2 61
1 89
2 28
2 27
2 68
2 89
1 75
2 52
2 25
2 89
1 82
2 47
2 75
2 29
2 1
2 10
2 44
2 74
2 92
2 74
2 58
2 90
2 49
2 84
2 10
2 16
1 18
2 36
2 27
2 98
2 67
2 36
2 93
1 11
2 29
2 69
2 75
2 38
2 96
2 36
2 20
1 83
1 13
2 19
2 83
2 38
2 33
2 70
2 73
2 27
2 34
2 48
2 7
2 68
2 17
2 95
1 48
2 89
2 96
2 21
2 69
2 65
2 83
2 79
2 60
2 60
2 69
2 60
1 8
2 44
2 61
2 57
2 25
2 11
2 24
2 1
1 78
2 90
2 36
2 69
2 87
2 12
2 81
2 81
2 72
2 74
2 27
2 12
2 33
2 32
1 78
2 60
2 20
2 16
2 60
2 50
2 86
2 78
2 59
2 61
2 20
2 11
2 20
2 34
2 1
2 97
2 33
2 10
2 69
2 82
2 31
2 68
2 62
2 26
2 52
2 58
2 82
2 80
2 21
2 95
2 35
2 49
2 83
2 40
2 58
2 21
2 35
2 44
2 78
2 7
2 87
2 54
1 10
2 1
2 44
2 46
2 92
2 1
2 76
2 50
2 61
2 12
2 59
1 88
2 59
2 81
2 82
2 31
2 82
2 46
2 85
2 50
1 47
2 67
2 34
2 23
2 88
2 72
2 80
2 62
2 99
2 22
2 8
1 92
2 15
2 44
2 91
2 13
2 28
2 53
2 15
2 46
2 98
2 43
2 99
2 29
2 55
2 52
2 95
2 71
2 96
2 10
2 31
2 34
2 69
2 33
2 72
2 81
1 13
2 27
1 93
2 38
2 10
2 59
2 37
2 12
2 52
2 36
2 90
2 2
2 93
2 93
2 78
2 17
2 53
2 62
2 79
2 94
2 21
2 27
2 24
2 2
2 50
2 30
2 66
2 91
2 3
2 30
2 43
2 17
2 74
2 87
2 89
2 52
2 66
2 43
2 24
2 64
2 83
2 65
2 29
2 65
2 90
2 11
2 69
1 75
2 100
2 44
2 64
2 97
2 36
2 66
1 41
2 92
2 68
2 57
2 11
1 73
2 33
2 3
2 96
2 54
2 45
2 53
2 88
1 45
2 27
1 62
2 66
2 12
2 90
1 43
2 38
2 20
2 7
2 59
2 25
2 94
2 22
2 100
2 69
1 45
2 63
2 77
2 90
2 68
2 3
2 46
2 27
1 9
2 54
2 70
2 61
2 19
2 74
1 57
2 7
2 8
2 20
2 77
2 33
2 69
2 34
2 21
2 56
2 15
2 21
2 87
1 14
2 78
2 47
2 15
2 49
2 9
2 56
2 47
2 96
2 71
1 41
2 94
2 34
2 72
2 51
2 42
2 44
2 41
2 24
2 96
2 82
2 42
2 55
2 89
2 14
2 89
2 45
2 11
2 82
2 59
2 32
2 7
2 8
2 77
2 3
2 40
2 66
2 37
1 13
2 57
2 94
2 16
2 71
2 100
2 9
2 8
2 53
2 27
2 60
2 75
2 70
1 72
2 13
2 60
2 68
2 96
2 2
2 24
2 55
2 56
2 91
2 19
2 12
2 62
2 70
2 48
2 77
2 30
2 3
2 24
2 32
2 11
2 98
2 100
2 4
2 17
2 29
2 55
1 17
1 64
2 36
2 89
2 16
2 82
2 3
2 83
2 30
2 24
2 64
2 40
1 92
2 33
2 72
2 41
2 2
2 79
1 26
2 6
2 3
2 43
2 92
2 3
2 8
2 24
2 14
2 18
2 53
2 13
2 9
2 59
2 82
2 89
2 4
2 55
2 37
2 12
2 80
2 37
2 62
2 63
2 9
2 66
2 57
2 82
2 57
2 97
2 18
1 9
1 7
2 37
2 48
2 13
2 14
2 38
2 96
2 4
2 20
2 4
2 85
2 79
2 62
2 49
1 33
2 26
2 43
2 78
2 97
2 54
2 16
2 30
2 93
2 6
2 67
2 1
2 99
2 4
2 97
2 11
2 19
2 64
2 23
2 43
2 44
2 74
2 99
2 89
2 55
2 18
2 82
2 6
2 19
2 53
2 71
2 37
2 15
2 96
1 56
2 70
2 25
2 3
2 50
2 70
2 33
2 71
2 70
2 45
2 74
2 52
2 95
2 83
2 89
2 30
1 75
1 58
2 73
2 60
2 93
2 14
1 32
2 15
2 32
2 60
2 87
2 14
2 14
2 35
2 5
2 4
2 4
2 50
2 15
2 69
2 40
2 15
1 81
2 17
2 10
2 28
2 3
2 53
2 81
2 26
1 100
2 54
2 66
2 33
2 98
2 18
2 95
2 42
2 25
1 36
2 53
2 30
2 51
2 60
2 66
2 34
1 45
2 87
2 59
2 3
1 2
2 22
2 48
2 25
2 16
2 12
2 63
2 94
1 79
2 5
2 97
2 52
2 30
2 6
2 47
2 37
2 42
2 98
2 8
2 27
2 32
2 49
2 70
2 58
2 5
2 4
2 14
2 20
1 8
2 61
2 12
2 33
2 80
2 99
2 64
2 96
2 98
2 69
2 30
2 10
2 69
2 36
2 28
2 93
2 100
2 17
2 84
2 48
2 17
1 43
1 7
2 3
2 38
2 90
2 69
2 8
2 69
2 71
2 92
2 1
2 48
2 76
2 99
1 75
2 11
2 73
2 34
2 11
2 85
2 71
2 32
2 87
2 12
2 53
1 68
2 70
2 32
2 73
2 46
2 48
2 95
2 13
2 32
2 10
2 77
1 50
1 34
2 96
2 51
2 1
2 24
2 89
2 80
1 71
2 73
2 32
2 77
2 47
2 24
2 39
2 61
2 75
1 3
2 13
2 42
2 39
2 33
2 71
2 91
2 31
2 39
2 54
2 55
2 50
2 92
2 100
2 53
2 1
2 3
2 23
2 95
2 20
2 84
2 75
2 77
1 51
2 17
2 43
1 80
2 84
2 39
2 30
2 56
2 85
2 10
2 68
2 69
2 13
2 61
2 48
2 62
1 31
2 21
2 3
2 69
2 28
2 72
2 78
2 10
2 24
2 69
2 58
1 68
2 39
2 78
1 27
2 23
2 77
2 85
2 82
2 38
2 89
1 13
2 33
2 56
2 12
2 94
2 5
2 95
2 7
2 26
2 8
2 90
2 75
2 25
2 53
2 33
2 77
2 58
2 68
2 10
2 42
1 95
2 88
2 12
2 40
2 98
2 27
2 63
2 21
2 42
2 49
2 55
2 63
2 77
2 58
2 32
2 36
2 57
2 46
2 81
2 78
2 57
1 87
2 10
2 94
2 89
2 17
2 99
2 32
2 40
2 88
2 11
2 47
2 70
1 70
2 41
1 86
2 29
2 100
2 57
2 68
2 22
2 50
2 15
2 26
2 4
1 56
2 89
2 7
1 79
2 25
2 61
2 14
2 9
2 15
2 33
2 26
2 94
2 61
2 76
2 35
2 32
2 52
2 36
2 3
2 61
2 70
1 15
2 50
2 30
1 93
2 64
2 96
2 60
2 37
2 38
2 78
2 47
2 35
2 10
2 39
2 68
2 84
2 83
2 5
2 97
2 22
2 82
2 29
2 15
2 73
2 15
2 37
2 5
2 17
2 22
2 65
2 96
2 57
2 21
2 17
2 67
2 27
2 33
2 66
2 11
2 10
2 4
2 69
1 87
1 17
1 24
2 64
2 23
2 10
2 39
2 49
2 57
2 9
2 94
2 39
2 48
2 74
2 82
2 56
2 58
2 53
1 24
2 40
1 89
2 26
2 3
2 42
2 14
2 52
2 58
2 39
2 94
2 50
1 55
2 22
2 82
2 63
2 13
2 44
2 58
2 91
2 81
2 16
1 33
2 87
2 81
2 29
2 58
2 43
2 37
2 82
2 26
2 22
2 82
2 57
2 5
2 38
2 57
2 7
2 15
2 33
2 42
2 2
2 18
2 36
2 88
1 5
2 38
1 99
2 75
2 92
2 57
2 60
2 83
2 11
2 66
2 21
2 66
2 8
2 33
2 71
2 4
2 45
2 60
2 62
2 93
2 45
2 95
2 15
2 49
1 99
2 63
1 47
2 77
2 10
2 86
2 44
2 39
2 35
2 25
1 1
2 16
2 35
2 15
2 15
2 79
2 15
2 1
2 98
2 38
1 46
2 66
2 73
1 60
2 55
2 25
2 42
2 24
2 68
2 17
2 88
2 10
2 49
2 3
2 22
2 59
2 37
2 2
2 80
2 63
2 37
2 11
2 62
2 13
2 41
2 99
2 53
2 23
2 24
2 97
2 1
1 53
2 8
2 78
1 48
2 33
2 28
2 47
2 71
2 55
2 78
2 44
1 57
2 51
2 68
2 57
2 62
1 77
2 67
2 9
2 8
2 24
2 17
2 11
2 87
2 42
2 49
2 99
2 62
2 57
2 25
2 17
2 33
2 30
2 22
2 30
2 80
2 84
2 54
2 60
1 89
2 74
2 78
1 99
2 79
2 75
2 99
1 60
2 4
2 21
2 35
1 86
2 84
2 11
2 24
2 31
2 37
2 55
2 83
2 4
2 57
2 39
2 95
1 21
1 63
2 74
2 12
2 97
2 52
2 7
2 87
2 73
2 22
2 28
2 16
1 81
2 63
2 90
2 80
2 58
2 38
2 7
2 26
2 59
2 64
2 17
2 54
2 78
2 13
2 10
2 19
2 91
2 5
2 69
1 63
2 35
2 86
2 18
2 72
1 40
2 68
2 55
2 47
2 14
2 1
2 32
2 88
2 23
1 41
2 87
2 77
2 58
2 4
2 22
2 47
2 57
2 45
2 37
2 42
2 80
2 60
2 41
2 66
2 92
1 65
2 12
2 8
2 65
2 39
2 24
2 63
1 84
2 89
2 54
2 67
2 54
2 1
2 46
2 46
2 65
2 25
2 3
1 56
2 26
2 28
2 12
2 92
2 18
2 78
2 32
2 16
1 53
2 69
2 40
2 60
2 54
2 43
2 11
2 15
2 96
2 95
1 32
2 8
2 11
2 2
2 50
2 31
2 73
2 81
1 8
2 1
2 18
2 73
2 83
2 82
2 2
2 7
2 38
2 42
2 31
2 11
2 46
2 48
2 17
2 7
2 63
2 82
2 44
2 25
2 54
2 15
2 46
1 23
2 90
2 89
2 57
2 3
2 75
1 27
2 49
2 100
2 82
2 25
1 72
2 88
2 37
2 99
2 35
2 76
1 96
2 98
2 17
2 1
2 48
2 42
2 31
2 90
2 33
2 6
2 45
2 58
2 65
2 10
2 66
2 22
2 52
2 3
2 12
2 91
2 75
2 74
2 92
2 97
2 17
2 91
2 45
2 15
2 36
2 97
2 2
2 8
2 95
2 54
2 30
2 18
2 24
2 72
2 22
2 98
2 17
2 41
2 92
2 55
2 27
2 89
2 24
2 67
2 77
2 25
2 42
2 24
1 12
1 84
2 48
2 16
1 4
1 65
2 44
2 27
2 46
2 89
2 18
2 41
2 71
2 32
2 32
2 4
2 48
1 51
2 83
2 63
2 19
2 23
2 4
2 10
2 7
2 57
2 53
2 15
2 49
1 3
2 75
2 29
2 10
2 76
2 50
2 31
1 55
2 97
1 46
2 67
2 62
2 79
2 56
2 76
2 22
1 59
2 42
2 30
2 79
2 63
2 11
2 92
2 24
2 99
2 8
2 91
2 38
2 11
2 36
2 99
2 46
2 2
2 13
2 9
2 9
2 45
2 25
2 28
2 59
2 78
2 56
2 96
2 48
2 66
2 49
2 41
2 15
2 57
2 85
2 61
2 56
2 5
2 16
2 86
1 42
2 75
2 71
2 49
1 87
2 37
2 44
2 4
1 61
2 83
2 96
2 17
2 81
2 93
2 14
2 97
2 94
2 30
2 3
2 4
2 85
2 37
2 61
1 54
2 67
2 6
2 2
2 2
2 95
2 41
1 88
2 69
2 45
2 25
2 63
2 44
2 6
2 60
2 66
2 37
2 35
2 18
2 17
2 98
2 82
2 65
2 71
2 23
2 64
2 17
2 67
2 36
2 83
2 56
2 89
2 63
2 76
1 57
2 73
2 48
2 39
2 65
2 91
2 95
2 5
2 62
2 88
2 56
2 82
2 14
2 77
1 69
2 21
2 58
2 24
2 40
2 46
2 29
2 58
2 5
2 39
2 86
1 47
2 32
2 10
2 30
2 2
2 42
2 14
2 74
2 46
2 68
2 2
2 89
2 60
2 66
2 63
2 26
2 1
2 20
2 15
2 73
2 10
2 10
2 9
2 20
2 94
2 79
2 59
2 6
2 8
2 76
2 63
2 23
2 61
2 72
2 18
2 65
1 66
1 73
2 69
2 32
2 31
2 3
2 84
2 99
2 3
2 78
2 24
2 92
2 22
2 17
2 51
2 38
2 57
1 40
1 75
2 60
2 95
2 21
2 5
2 63
2 8
2 63
2 61
2 76
2 65
1 6
2 15
2 25
2 32
2 58
2 83
2 91
2 35
2 49
2 86
2 1
2 77
219 871 58 155 701 574 852 558 352 981 573 276 980 877 77 260 6 684 486 618 97 417 854 325 598 820 437 535 772 694 749 682 493 463 102 252 543 332 916 547 119 406 485 2 268 297 761 247 5 440 965 226 18 552 302 284 675 949 69 452 537 669 722 414 182 302 550 633 168 226 838 772 537 435 933 921 380 993 337 269 234 31 273 130 92 840 505 478 350 355 651 41 388 790 292 833 767 755 690 908
871 147 802 630 736 116 47 256 99 135 598 945 705 844 180 504 837 214 424 883 322 430 937 491 447 715 338 83 749 968 518 604 978 521 149 251 395 90 566 870 218 525 966 46 972 95 490 428 658 644 338 179 268 543 705 70 652 334 690 870 495 703 930 179 562 406 991 261 982 37 457 34 194 172 658 858 989 557 783 833 360 601 363 662 781 282 602 48 215 746 32 736 1 368 527 616 58 150 874 93
58 802 772 311 369 560 577 720 673 88 479 779 828 145 11 709 743 547 471 161 775 34 600 687 896 189 343 47 197 645 305 74 904 88 169 930 373 934 67 624 727 84 495 996 200 771 314 198 375 311 13 228 901 582 89 579 367 684 207 533 192 193 906 99 97 926 185 784 978 906 100 273 478 861 291 891 891 375 778 662 792 964 512 751 710 408 869 264 14 57 60 809 212 527 421 406 488 141 216 114
155 630 311 334 212 808 852 625 42 207 749 185 494 899 293 48 921 997 393 933 157 808 518 285 276 869 733 158 277 601 463 471 767 24 514 14 412 692 977 795 379 365 751 719 894 721 812 658 938 210 276 91 340 551 951 180 699 381 583 752 838 433 20 867 126 382 422 164 142 527 206 623 245 765 470 996 535 830 579 442 515 479 867 189 466 838 422 135 194 185 71 775 528 57 116 685 530 982 175 986
701 736 369 212 667 937 482 916 273 799 383 667 11 115 645 934 786 776 885 575 125 391 440 871 331 620 122 960 746 406 937 953 256 842 567 412 914 442 330 386 941 684 913 356 520 92 175 472 586 688 250 765 697 82 218 941 591 123 714 374 608 67 603 732 823 878 156 546 480 140 370 851 313 350 429 554 919 977 272 295 296 410 331 789 505 838 786 394 181 63 290 866 285 609 297 388 733 556 0 371
574 116 560 808 937 769 207 721 789 894 783 860 542 108 643 933 94 730 533 286 76 981 543 626 261 657 854 262 130 184 374 499 351 82 834 718 349 674 47 18 270 238 259 433 384 799 788 205 596 945 333 654 413 832 922 233 36 265 513 99 681 756 199 730 817 168 298 702 153 573 136 443 91 868 979 170 113 934 822 724 600 804 238 362 857 865 957 202 149 175 610 91 911 150 118 595 281 295 102 131
852 47 577 852 482 207 823 890 973 324 885 432 952 351 646 782 713 90 458 83 990 532 626 678 327 969 334 301 38 713 352 101 243 546 834 815 4 500 202 349 524 354 390 51 545 342 73 196 863 720 516 837 795 733 569 144 6 731 428 111 819 951 724 428 64 126 504 522 84 149 887 156 767 195 59 819 120 410 648 547 957 22 533 387 393 661 856 250 529 267 117 652 915 514 339 716 319 719 217 430
558 256 720 625 916 721 890 823 579 999 911 921 536 150 356 479 858 435 127 107 267 87 249 759 797 413 800 304 504 476 515 462 48 549 7 894 507 515 144 883 730 834 931 133 594 27 730 58 963 426 530 359 909 14 391 297 937 365 606 969 775 535 411 174 847 629 753 624 395 218 579 346 45 290 379 408 930 27 688 299 98 636 128 339 346 53 725 867 203 596 797 355 862 880 183 136 108 143 900 650
352 99 673 42 273 789 973 579 51 693 550 695 316 745 710 699 296 202 701 868 855 184 117 490 227 595 300 768 979 277 882 718 141 609 17 474 405 796 639 955 111 304 17 414 156 849 153 683 54 724 250 29 995 54 990 473 298 941 640 226 964 836 119 752 823 732 824 28 245 808 664 653 257 238 802 704 97 717 584 370 695 612 234 135 558 697 978 81 951 674 996 57 947 652 189 928 852 845 657 115
981 135 88 207 799 894 324 999 693 798 880 912 842 177 877 415 416 283 181 188 463 832 497 227 848 861 20 278 544 957 367 337 388 525 650 200 204 619 861 102 209 467 3 787 466 36 8 684 928 895 935 570 118 974 236 756 416 26 946 635 235 289 905 527 883 913 28 388 361 133 571 173 956 650 42 853 795 455 153 84 538 592 614 134 343 33 695 190 628 761 941 721 483 407 340 891 504 30 598 778
573 598 479 749 383 783 885 911 550 880 584 205 582 551 959 977 140 264 455 960 691 164 559 392 734 155 725 887 930 3 373 489 840 425 902 674 620 706 513 455 758 958 688 693 990 446 440 416 796 39 784 522 653 292 518 13 498 302 784 381 589 588 522 496 304 827 378 198 336 2 469 543 945 21 804 624 578 296 785 903 0 537 139 40 263 696 422 194 468 451 357 878 604 238 700 25 35 388 648 650
276 945 779 185 667 860 432 921 695 912 205 954 3 436 390 651 837 357 972 620 301 628 878 729 424 679 709 322 41 515 494 672 223 807 844 517 557 963 777 468 251 866 659 142 719 790 518 172 543 668 747 269 821 14 72 275 631 857 595 572 23 806 570 425 62 282 523 392 878 420 400 67 394 163 290 802 113 422 715 443 259 769 359 125 159 255 427 946 485 649 730 236 770 819 316 115 535 214 766 498
980 705 828 494 11 542 952 536 316 842 582 3 90 694 301 442 12 925 520 286 283 477 183 574 250 754 556 145 563 180 794 664 904 976 198 799 696 782 816 697 457 302 222 317 988 629 733 358 208 340 864 728 964 926 547 486 310 478 256 402 120 699 903 714 897 206 5 294 534 319 189 392 443 426 422 929 222 851 900 543 398 233 339 736 327 613 767 984 763 57 782 554 162 396 425 553 90 732 331 289
877 844 145 899 115 108 351 150 745 177 551 436 694 736 351 844 444 425 31 795 152 570 514 931 371 923 45 877 515 645 968 356 952 443 19 608 769 82 263 521 933 1 421 160 826 142 859 241 708 430 522 811 449 312 651 681 41 199 72 105 972 197 867 187 301 697 945 284 866 692 487 385 769 360 144 652 274 296 632 926 523 531 406 675 0 237 141 573 284 927 569 365 316 675 457 373 710 668 577 120
77 180 11 293 645 643 646 356 710 877 959 390 301 351 839 942 153 511 93 344 432 883 788 812 235 570 622 980 26 587 918 845 630 563 298 846 96 430 530 636 994 523 966 464 606 83 550 490 246 956 612 989 117 351 745 480 239 841 72 122 386 818 671 370 914 665 102 970 795 50 69 915 890 737 779 279 116 571 683 615 476 45 724 360 144 653 248 251 788 739 184 840 595 579 11 680 229 223 39 238
260 504 709 48 934 933 782 479 699 415 977 651 442 844 942 827 881 942 504 68 780 323 397 294 947 618 650 890 256 594 370 573 246 356 501 428 593 10 254 988 967 493 199 215 774 116 753 144 520 148 436 42 937 379 306 892 587 660 130 746 132 234 128 849 738 384 524 887 649 277 885 113 989 92 698 344 424 837 858 670 225 254 443 477 564 454 705 46 991 324 810 941 817 524 534 492 747 498 844 174
6 837 743 921 786 94 713 858 296 416 140 837 12 444 153 881 899 100 947 418 741 180 808 688 147 497 984 162 452 510 634 531 581 460 505 733 14 882 899 253 611 669 398 288 670 781 521 330 781 480 756 774 216 586 249 828 301 629 981 731 1000 627 716 450 901 179 688 147 231 505 712 838 55 341 87 156 812 953 866 65 99 154 65 638 704 588 302 154 36 759 399 426 915 519 988 474 404 84 4 562
684 214 547 997 776 730 90 435 202 283 264 357 925 425 511 942 100 555 836 851 562 958 439 732 764 299 946 603 894 962 501 995 582 22 831 938 141 893 130 516 40 547 314 996 204 522 393 117 94 590 668 740 345 112 351 39 156 918 367 612 673 249 51 977 984 425 108 683 828 443 646 261 551 282 417 155 171 27 265 354 21 723 203 872 18 717 742 40 499 108 389 523 397 796 974 49 197 39 479 561
486 424 471 393 885 533 458 127 701 181 455 972 520 31 93 504 947 836 574 417 414 905 278 792 984 783 829 110 392 390 396 745 731 1 975 131 866 522 892 675 619 805 607 899 738 473 872 740 362 935 544 363 475 535 563 782 277 892 263 668 487 340 928 458 628 578 14 249 411 123 189 880 712 901 618 933 975 982 875 750 946 26 402 957 321 948 982 798 436 900 318 728 46 497 842 833 248 42 38 959
618 883 161 933 575 286 83 107 868 188 960 620 286 795 344 68 418 851 417 923 329 500 761 286 552 739 947 913 662 777 63 955 733 486 601 736 241 164 273 843 300 1 684 725 946 912 566 980 281 470 477 506 285 202 233 702 14 490 560 222 276 23 764 833 669 241 433 531 616 949 148 631 718 269 499 301 178 267 804 917 47 706 83 946 860 321 589 215 915 521 775 768 672 52 227 843 152 260 103 161
97 322 775 157 125 76 990 267 855 463 691 301 283 152 432 780 741 562 414 329 769 231 735 514 122 800 43 229 746 388 944 707 6 133 811 95 657 509 987 34 146 342 471 597 648 658 139 875 220 606 631 390 540 302 68 15 523 432 223 132 598 738 39 915 356 835 834 522 103 572 291 643 866 530 681 304 523 899 384 388 323 768 894 957 600 855 88 140 481 341 921 66 57 884 255 0 182 783 235 255
417 430 34 808 391 981 532 87 184 832 164 628 477 570 883 323 180 958 905 500 231 990 361 953 470 539 620 836 301 514 687 249 626 967 706 406 689 826 343 928 444 389 735 339 664 156 155 522 828 202 516 640 695 338 719 797 566 234 660 962 301 935 931 970 324 669 29 796 847 339 679 926 898 933 179 833 501 307 630 941 65 14 574 778 493 57 656 924 729 302 510 869 560 922 587 986 614 533 484 382
854 937 600 518 440 543 626 249 117 497 559 878 183 514 788 397 808 439 278 761 735 361 959 609 105 334 249 711 68 174 840 95 377 51 366 957 624 630 210 213 820 455 687 784 473 776 230 575 967 842 680 777 134 659 845 333 388 514 53 360 797 44 338 621 760 540 989 662 995 321 458 900 867 343 906 622 882 589 556 136 547 735 846 85 583 241 670 780 600 441 222 766 291 654 40 449 246 442 368 860
325 491 687 285 871 626 678 759 490 227 392 729 574 931 812 294 688 732 792 286 514 953 609 186 312 555 40 243 627 193 575 305 944 626 269 905 655 869 685 259 244 991 484 112 1 874 338 111 337 138 841 183 637 908 756 785 778 962 972 872 896 577 655 987 790 886 581 109 87 61 803 509 163 530 51 741 38 859 697 772 979 776 620 971 928 160 749 39 161 206 910 282 994 100 915 887 26 206 652 365
598 447 896 276 331 261 327 797 227 848 734 424 250 371 235 947 147 764 984 552 122 470 105 312 173 55 186 891 898 755 499 131 145 942 728 790 683 501 375 624 648 471 324 774 719 3 485 131 112 310 141 160 303 905 981 704 765 153 245 596 304 74 811 528 342 235 771 883 815 501 297 419 607 749 874 950 283 597 921 773 179 661 726 132 582 78 937 784 393 677 149 901 964 804 147 232 288 71 57 140
820 715 189 869 620 657 969 413 595 861 155 679 754 923 570 618 497 299 783 739 800 539 334 555 55 569 79 731 795 182 133 204 497 745 773 603 863 166 161 749 724 738 185 499 763 963 489 98 738 631 678 276 942 35 733 145 946 208 118 789 476 110 888 780 79 652 742 587 998 347 619 812 919 302 57 754 838 802 409 737 826 315 80 838 877 442 167 701 779 923 814 706 63 121 385 373 941 887 471 984
437 338 343 733 122 854 334 800 300 20 725 709 556 45 622 650 984 946 829 947 43 620 249 40 186 79 994 17 387 836 607 806 131 255 538 303 63 882 64 68 902 466 568 552 717 93 717 416 389 684 487 701 22 14 268 992 482 497 119 16 51 793 411 88 198 39 171 65 598 310 258 697 561 539 85 8 840 132 360 27 551 827 438 744 257 311 965 820 221 478 475 991 380 861 574 286 276 343 396 278
535 83 47 158 960 262 301 304 768 278 887 322 145 877 980 890 162 603 110 913 229 836 711 243 891 731 17 446 597 662 585 530 863 216 813 861 510 915 839 589 174 393 41 639 681 511 698 46 601 274 269 837 751 852 686 998 169 739 854 648 307 269 526 164 259 38 53 209 129 123 581 404 20 575 812 345 997 483 354 977 119 482 423 948 327 429 417 322 678 702 444 379 636 824 324 931 560 25 291 18
772 749 197 277 746 130 38 504 979 544 930 41 563 515 26 256 452 894 392 662 746 301 68 627 898 795 387 597 446 477 609 229 474 959 326 733 520 941 25 501 311 604 383 200 100 193 23 961 769 876 501 531 523 36 619 61 519 623 578 104 294 863 362 414 49 519 312 677 873 831 677 930 447 998 932 340 405 380 188 699 76 609 560 399 339 397 948 106 762 732 349 691 320 494 957 86 117 459 605 295
694 968 645 601 406 184 713 476 277 957 3 515 180 645 587 594 510 962 390 777 388 514 174 193 755 182 836 662 477 457 883 634 561 599 241 812 306 166 434 305 612 781 58 522 153 351 790 823 5 444 609 292 282 257 56 727 205 569 851 433 552 189 713 879 809 957 537 183 384 884 884 924 466 9 581 361 136 83 320 571 490 477 215 152 450 177 738 137 460 582 575 168 623 15 679 11 375 532 169 641
749 518 305 463 937 374 352 515 882 367 373 494 794 968 918 370 634 501 396 63 944 687 840 575 499 133 607 585 609 883 135 976 405 662 917 11 920 945 618 941 499 461 163 857 824 672 852 211 959 535 889 889 210 339 897 234 732 837 174 392 841 102 218 741 626 489 337 223 148 435 782 754 772 782 674 630 306 903 20 231 57 553 409 827 998 946 424 92 365 838 187 888 496 802 188 243 745 247 435 290
682 604 74 471 953 499 101 462 718 337 489 672 664 356 845 573 531 995 745 955 707 249 95 305 131 204 806 530 229 634 976 812 937 117 972 196 662 868 877 897 397 773 786 575 513 913 895 558 24 981 294 939 55 310 495 983 804 845 837 34 556 762 757 541 486 967 160 300 765 711 608 923 381 193 494 492 837 620 588 56 655 757 787 554 866 254 199 480 33 257 219 119 297 682 657 38 561 480 655 474
493 978 904 767 256 351 243 48 141 388 840 223 904 952 630 246 581 582 731 733 6 626 377 944 145 497 131 863 474 561 405 937 125 315 832 472 978 961 830 297 852 946 96 116 943 701 313 933 983 494 47 683 597 44 837 485 371 122 900 324 771 439 176 620 719 456 379 508 495 723 168 102 6 139 786 772 572 218 615 784 550 113 171 700 448 938 750 235 344 207 101 790 486 957 258 564 634 714 963 93
463 521 88 24 842 82 546 549 609 525 425 807 976 443 563 356 460 22 1 486 133 967 51 626 942 745 255 216 959 599 662 117 315 398 502 727 120 745 909 32 95 801 840 626 721 463 28 435 440 19 662 650 145 241 833 886 329 374 711 34 324 616 330 458 337 79 396 815 480 935 486 120 412 385 232 719 100 408 234 130 36 883 844 613 441 54 678 428 880 475 11 6 394 171 779 293 455 64 269 983
102 149 169 514 567 834 834 7 17 650 902 844 198 19 298 501 505 831 975 601 811 706 366 269 728 773 538 813 326 241 917 972 832 502 404 724 277 103 247 78 18 821 85 126 573 604 856 822 528 550 938 413 109 970 493 636 606 168 539 758 109 977 221 616 465 566 261 570 846 103 167 4 764 865 135 779 860 549 987 422 45 921 294 924 162 453 321 598 30 711 268 78 598 137 624 111 818 168 857 630
252 251 930 14 412 718 815 894 474 200 674 517 799 608 846 428 733 938 131 736 95 406 957 905 790 603 303 861 733 812 11 196 472 727 724 871 897 272 765 178 566 672 100 729 944 941 926 720 794 97 849 543 5 537 355 749 988 563 920 612 676 889 618 936 967 107 60 851 620 59 444 539 390 733 649 194 721 566 672 288 648 757 149 483 985 586 912 823 559 876 153 413 211 349 218 664 519 323 0 822
543 395 373 412 914 349 4 507 405 204 620 557 696 769 96 593 14 141 866 241 657 689 624 655 683 863 63 510 520 306 920 662 978 120 277 897 669 808 499 785 436 558 788 399 236 167 316 142 189 960 313 153 125 728 6 203 560 202 60 214 534 396 413 240 495 980 37 128 973 146 774 680 919 935 208 45 23 260 435 981 532 218 428 499 988 546 125 366 417 8 555 652 778 379 189 389 221 287 279 716
332 90 934 692 442 674 500 515 796 619 706 963 782 82 430 10 882 893 522 164 509 826 630 869 501 166 882 915 941 166 945 868 961 745 103 272 808 942 554 988 758 498 122 201 64 58 175 24 277 30 18 818 877 510 406 420 977 933 559 59 595 919 744 400 240 85 279 933 875 135 916 750 635 346 691 529 937 565 927 802 16 233 237 346 577 585 906 38 925 770 685 698 905 118 517 685 694 113 885 140
916 566 67 977 330 47 202 144 639 861 513 777 816 263 530 254 899 130 892 273 987 343 210 685 375 161 64 839 25 434 618 877 830 909 247 765 499 554 480 946 740 499 651 745 129 813 236 34 657 53 62 602 744 198 404 49 113 571 594 785 109 992 513 628 633 161 151 557 900 605 603 581 682 486 37 135 61 146 423 964 180 431 208 977 742 867 396 511 139 261 757 564 946 983 470 368 203 384 71 136
547 870 624 795 386 18 349 883 955 102 455 468 697 521 636 988 253 516 675 843 34 928 213 259 624 749 68 589 501 305 941 897 297 32 78 178 785 988 946 470 763 439 357 738 767 316 236 785 526 566 219 690 573 323 591 175 859 103 213 998 350 788 603 714 910 852 408 455 800 529 713 657 870 922 840 796 383 948 682 953 457 277 219 78 971 114 207 232 417 268 395 825 126 368 751 784 458 891 273 66
119 218 727 379 941 270 524 730 111 209 758 251 457 933 994 967 611 40 619 300 146 444 820 244 648 724 902 174 311 612 499 397 852 95 18 566 436 758 740 763 930 551 286 558 832 687 920 351 175 675 621 391 690 379 97 381 676 210 779 346 180 777 19 915 143 568 293 926 120 347 912 452 126 310 872 419 451 629 562 711 10 724 735 420 372 356 529 588 719 805 36 176 169 758 62 637 129 964 40 357
406 525 84 365 684 238 354 834 304 467 958 866 302 1 523 493 669 547 805 1 342 389 455 991 471 738 466 393 604 781 461 773 946 801 821 672 558 498 499 439 551 14 602 699 824 733 795 808 437 892 804 956 880 475 174 700 727 230 121 144 861 669 132 416 644 826 402 21 884 242 677 107 639 896 217 553 778 885 157 67 75 240 392 106 906 256 843 745 235 823 344 965 914 476 881 796 578 720 571 374
485 966 495 751 913 259 390 931 17 3 688 659 222 421 966 199 398 314 607 684 471 735 687 484 324 185 568 41 383 58 163 786 96 840 85 100 788 122 651 357 286 602 747 611 681 216 967 174 800 376 848 753 457 856 821 818 662 370 26 741 310 431 174 490 72 545 986 988 858 738 271 446 4 986 829 43 341 380 84 581 999 209 782 905 121 401 450 680 101 524 864 362 970 96 253 477 522 914 791 558
2 46 996 719 356 433 51 133 414 787 693 142 317 160 464 215 288 996 899 725 597 339 784 112 774 499 552 639 200 522 857 575 116 626 126 729 399 201 745 738 558 699 611 501 986 354 945 840 218 649 674 861 164 984 538 363 167 625 607 377 151 443 128 35 705 320 435 233 216 869 265 350 130 889 151 966 388 359 364 181 194 149 509 243 158 456 227 88 576 447 809 947 723 679 941 918 821 661 243 731
268 972 200 894 520 384 545 594 156 466 990 719 988 826 606 774 670 204 738 946 648 664 473 1 719 763 717 681 100 153 824 513 943 721 573 944 236 64 129 767 832 824 681 986 275 973 428 455 207 514 877 292 600 773 254 285 611 541 19 73 995 895 43 216 819 321 426 308 434 743 835 607 316 431 496 405 543 467 857 677 393 608 442 295 140 574 71 670 570 310 450 582 326 514 800 587 805 155 471 573
297 95 771 721 92 799 342 27 849 36 446 790 629 142 83 116 781 522 473 912 658 156 776 874 3 963 93 511 193 351 672 913 701 463 604 941 167 58 813 316 687 733 216 354 973 358 825 422 632 405 421 801 756 651 116 160 706 757 48 573 815 339 86 512 481 280 80 526 921 508 572 692 877 402 549 720 122 381 466 87 942 117 732 15 553 208 367 813 55 374 266 644 535 35 238 429 128 278 677 400
761 490 314 812 175 788 73 730 153 8 440 518 733 859 550 753 521 393 872 566 139 155 230 338 485 489 717 698 23 790 852 895 313 28 856 926 316 175 236 236 920 795 967 945 428 825 715 217 642 972 2 433 591 423 995 251 442 294 197 707 992 717 595 885 502 594 946 866 468 523 855 993 658 811 199 215 620 260 24 500 438 375 809 531 219 352 737 612 336 59 307 321 828 164 614 986 102 181 334 19
247 428 198 658 472 205 196 58 683 684 416 172 358 241 490 144 330 117 740 980 875 522 575 111 131 98 416 46 961 823 211 558 933 435 822 720 142 24 34 785 351 808 174 840 455 422 217 266 318 271 394 741 932 213 642 684 44 600 829 142 269 725 508 832 905 485 911 643 857 681 979 730 782 655 246 406 77 291 120 919 16 514 152 933 31 244 231 435 767 198 182 950 141 131 376 672 381 198 627 191
5 658 375 938 586 596 863 963 54 928 796 543 208 708 246 520 781 94 362 281 220 828 967 337 112 738 389 601 769 5 959 24 983 440 528 794 189 277 657 526 175 437 800 218 207 632 642 318 702 596 638 999 380 772 820 692 314 267 573 121 423 341 134 803 875 985 914 909 178 31 537 1000 413 702 461 635 132 345 274 460 213 111 827 176 249 614 205 928 684 87 532 797 150 394 702 578 290 758 302 19
440 644 311 210 688 945 720 426 724 895 39 668 340 430 956 148 480 590 935 470 606 202 842 138 310 631 684 274 876 444 535 981 494 19 550 97 960 30 53 566 675 892 376 649 514 405 972 271 596 352 983 171 358 279 572 515 644 874 15 543 427 862 981 947 615 942 295 66 636 934 360 69 928 737 114 136 133 141 434 418 376 743 411 660 996 902 421 196 877 497 510 523 484 179 288 625 6 238 531 287
965 338 13 276 250 333 516 530 250 935 784 747 864 522 612 436 756 668 544 477 631 516 680 841 141 678 487 269 501 609 889 294 47 662 938 849 313 18 62 219 621 804 848 674 877 421 2 394 638 983 315 829 418 259 924 759 317 630 298 530 534 733 370 860 408 27 270 649 616 30 971 939 52 494 602 250 435 903 782 231 973 65 181 146 488 16 11 782 736 683 293 915 851 423 357 796 457 689 503 292
226 179 228 91 765 654 837 359 29 570 522 269 728 811 989 42 774 740 363 506 390 640 777 183 160 276 701 837 531 292 889 939 683 650 413 543 153 818 602 690 391 956 753 861 292 801 433 741 999 171 829 181 493 815 917 757 857 372 496 444 239 1000 435 987 768 707 983 543 266 143 76 27 802 799 980 4 622 951 101 720 749 0 861 299 687 268 48 428 274 518 720 322 375 86 205 13 404 935 279 930
18 268 901 340 697 413 795 909 995 118 653 821 964 449 117 937 216 345 475 285 540 695 134 637 303 942 22 751 523 282 210 55 597 145 109 5 125 877 744 573 690 880 457 164 600 756 591 932 380 358 418 493 885 41 753 637 984 519 67 807 921 124 345 276 318 675 514 421 629 488 190 763 843 559 297 188 918 600 21 326 674 398 913 171 191 905 284 493 23 78 760 214 192 565 5 70 410 1000 678 303
552 543 582 551 82 832 733 14 54 974 292 14 926 312 351 379 586 112 535 202 302 338 659 908 905 35 14 852 36 257 339 310 44 241 970 537 728 510 198 323 379 475 856 984 773 651 423 213 772 279 259 815 41 78 643 65 29 898 140 413 883 650 974 789 714 460 160 918 334 464 364 827 602 995 844 397 367 515 598 527 915 977 684 798 874 610 756 713 906 999 865 57 665 955 778 96 581 118 18 522
302 705 89 951 218 922 569 391 990 236 518 72 547 651 745 306 249 351 563 233 68 719 845 756 981 733 268 686 619 56 897 495 837 833 493 355 6 406 404 591 97 174 821 538 254 116 995 642 820 572 924 917 753 643 595 742 260 576 150 452 322 5 489 387 557 758 703 944 259 2 943 916 470 804 95 441 643 733 219 207 563 34 342 568 700 43 370 529 170 654 750 924 164 720 547 364 924 772 738 716
284 70 579 180 941 233 144 297 473 756 13 275 486 681 480 892 828 39 782 702 15 797 333 785 704 145 992 998 61 727 234 983 485 886 636 749 203 420 49 175 381 700 818 363 285 160 251 684 692 515 759 757 637 65 742 710 509 109 608 78 400 226 612 753 287 941 839 690 276 3 940 804 410 259 977 447 703 39 10 453 209 506 821 659 494 373 90 841 318 115 503 795 181 675 160 967 108 442 920 790
675 652 367 699 591 36 6 937 298 416 498 631 310 41 239 587 301 156 277 14 523 566 388 778 765 946 482 169 519 205 732 804 371 329 606 988 560 977 113 859 676 727 662 167 611 706 442 44 314 644 317 857 984 29 260 509 914 356 993 664 539 531 227 841 39 438 976 236 243 886 610 0 811 629 76 234 847 654 945 211 173 128 828 392 154 258 519 900 68 392 409 10 949 454 688 475 582 675 267 696
949 334 684 381 123 265 731 365 941 26 302 857 478 199 841 660 629 918 892 490 432 234 514 962 153 208 497 739 623 569 837 845 122 374 168 563 202 933 571 103 210 230 370 625 541 757 294 600 267 874 630 372 519 898 576 109 356 316 802 465 804 563 742 425 601 912 272 98 595 614 247 549 911 990 610 822 900 773 859 761 758 832 414 3 37 768 950 680 395 654 754 428 314 983 902 380 969 374 766 387
69 690 207 583 714 513 428 606 640 946 784 595 256 72 72 130 981 367 263 560 223 660 53 972 245 118 119 854 578 851 174 837 900 711 539 920 60 559 594 213 779 121 26 607 19 48 197 829 573 15 298 496 67 140 150 608 993 802 399 748 985 595 432 368 543 341 211 974 631 647 29 141 856 651 849 659 661 488 410 568 227 92 149 598 346 697 423 538 218 944 152 957 867 45 967 841 316 539 512 767
452 870 533 752 374 99 111 969 226 635 381 572 402 105 122 746 731 612 668 222 132 962 360 872 596 789 16 648 104 433 392 34 324 34 758 612 214 59 785 998 346 144 741 377 73 573 707 142 121 543 530 444 807 413 452 78 664 465 748 892 653 393 350 99 750 919 578 84 863 618 900 817 497 471 230 91 436 871 120 288 764 594 555 637 874 410 726 97 450 855 321 635 650 77 595 666 615 123 98 976
537 495 192 838 608 681 819 775 964 235 589 23 120 972 386 132 1000 673 487 276 598 301 797 896 304 476 51 307 294 552 841 556 771 324 109 676 534 595 109 350 180 861 310 151 995 815 992 269 423 427 534 239 921 883 322 400 539 804 985 653 658 556 927 678 465 872 270 424 494 21 258 298 260 677 395 540 941 739 886 420 505 300 241 455 757 824 162 845 908 669 834 735 415 646 845 70 612 943 435 523
669 703 193 433 67 756 951 535 836 289 588 806 699 197 818 234 627 249 340 23 738 935 44 577 74 110 793 269 863 189 102 762 439 616 977 889 396 919 992 788 777 669 431 443 895 339 717 725 341 862 733 1000 124 650 5 226 531 563 595 393 556 615 214 560 812 950 583 189 818 128 963 827 316 399 947 711 79 766 610 491 595 457 582 20 898 958 158 178 848 747 495 943 792 959 507 763 552 499 848 107
722 930 906 20 603 199 724 411 119 905 522 570 903 867 671 128 716 51 928 764 39 931 338 655 811 888 411 526 362 713 218 757 176 330 221 618 413 744 513 603 19 132 174 128 43 86 595 508 134 981 370 435 345 974 489 612 227 742 432 350 927 214 83 831 903 118 540 7 13 64 126 212 213 869 154 623 935 347 13 915 176 129 864 640 373 976 561 557 821 105 243 955 438 134 460 836 175 641 452 543
414 179 99 867 732 730 428 174 752 527 496 425 714 187 370 849 450 977 458 833 915 970 621 987 528 780 88 164 414 879 741 541 620 458 616 936 240 400 628 714 915 416 490 35 216 512 885 832 803 947 860 987 276 789 387 753 841 425 368 99 678 560 831 186 16 627 206 102 974 920 314 870 716 702 521 584 898 635 671 52 839 847 733 702 30 394 521 964 803 700 652 166 110 306 881 96 674 830 893 182
182 562 97 126 823 817 64 847 823 883 304 62 897 301 914 738 901 984 628 669 356 324 760 790 342 79 198 259 49 809 626 486 719 337 465 967 495 240 633 910 143 644 72 705 819 481 502 905 875 615 408 768 318 714 557 287 39 601 543 750 465 812 903 16 873 13 622 887 585 700 322 460 695 678 756 141 280 713 997 969 334 180 79 247 98 462 211 952 443 508 76 111 205 715 365 823 325 331 892 835
302 406 926 382 878 168 126 629 732 913 827 282 206 697 665 384 179 425 578 241 835 669 540 886 235 652 39 38 519 957 489 967 456 79 566 107 980 85 161 852 568 826 545 320 321 280 594 485 985 942 27 707 675 460 758 941 438 912 341 919 872 950 118 627 13 112 1 365 493 679 792 6 365 126 96 396 563 111 561 966 122 559 365 18 658 914 178 319 878 92 372 940 512 872 317 911 297 149 658 475
550 991 185 422 156 298 504 753 824 28 378 523 5 945 102 524 688 108 14 433 834 29 989 581 771 742 171 53 312 537 337 160 379 396 261 60 37 279 151 408 293 402 986 435 426 80 946 911 914 295 270 983 514 160 703 839 976 272 211 578 270 583 540 206 622 1 884 752 163 993 564 367 393 73 786 785 821 869 717 678 520 517 701 571 667 857 596 408 275 845 154 998 870 593 79 750 263 893 204 178
633 261 784 164 546 702 522 624 28 388 198 392 294 284 970 887 147 683 249 531 522 796 662 109 883 587 65 209 677 183 223 300 508 815 570 851 128 933 557 455 926 21 988 233 308 526 866 643 909 66 649 543 421 918 944 690 236 98 974 84 424 189 7 102 887 365 752 397 182 573 170 121 764 207 611 221 428 963 419 327 96 197 500 801 380 7 946 897 592 754 250 531 264 204 585 88 267 404 697 427
168 982 978 142 480 153 84 395 245 361 336 878 534 866 795 649 231 828 411 616 103 847 995 87 815 998 598 129 873 384 148 765 495 480 846 620 973 875 900 800 120 884 858 216 434 921 468 857 178 636 616 266 629 334 259 276 243 595 631 863 494 818 13 974 585 493 163 182 304 814 432 896 822 168 621 555 382 296 84 743 359 146 574 500 31 744 721 928 100 549 271 284 582 349 667 908 203 188 691 976
226 37 906 527 140 573 149 218 808 133 2 420 319 692 50 277 505 443 123 949 572 339 321 61 501 347 310 123 831 884 435 711 723 935 103 59 146 135 605 529 347 242 738 869 743 508 523 681 31 934 30 143 488 464 2 3 886 614 647 618 21 128 64 920 700 679 993 573 814 255 391 852 744 136 303 25 490 434 103 396 356 848 18 52 975 86 867 28 869 235 985 911 970 908 659 634 703 852 292 2
838 457 100 206 370 136 887 579 664 571 469 400 189 487 69 885 712 646 189 148 291 679 458 803 297 619 258 581 677 884 782 608 168 486 167 444 774 916 603 713 912 677 271 265 835 572 855 979 537 360 971 76 190 364 943 940 610 247 29 900 258 963 126 314 322 792 564 170 432 391 298 493 853 117 585 441 967 284 88 15 215 61 207 236 693 836 146 705 874 367 379 878 291 875 835 227 935 659 450 870
772 34 273 623 851 443 156 346 653 173 543 67 392 385 915 113 838 261 880 631 643 926 900 509 419 812 697 404 930 924 754 923 102 120 4 539 680 750 581 657 452 107 446 350 607 692 993 730 1000 69 939 27 763 827 916 804 0 549 141 817 298 827 212 870 460 6 367 121 896 852 493 315 184 265 548 849 577 726 834 496 230 581 462 495 154 332 759 357 349 119 681 158 498 194 620 775 481 290 21 880
537 194 478 245 313 91 767 45 257 956 945 394 443 769 890 989 55 551 712 718 866 898 867 163 607 919 561 20 447 466 772 381 6 412 764 390 919 635 682 870 126 639 4 130 316 877 658 782 413 928 52 802 843 602 470 410 811 911 856 497 260 316 213 716 695 365 393 764 822 744 853 184 27 95 717 444 689 624 98 979 677 306 877 413 536 973 841 734 356 420 991 483 792 591 668 861 151 778 672 384
435 172 861 765 350 868 195 290 238 650 21 163 426 360 737 92 341 282 901 269 530 933 343 530 749 302 539 575 998 9 782 193 139 385 865 733 935 346 486 922 310 896 986 889 431 402 811 655 702 737 494 799 559 995 804 259 629 990 651 471 677 399 869 702 678 126 73 207 168 136 117 265 95 602 408 746 409 492 83 318 61 629 865 600 859 526 168 110 644 711 860 77 71 660 909 430 611 208 649 627
933 658 291 470 429 979 59 379 802 42 804 290 422 144 779 698 87 417 618 499 681 179 906 51 874 57 85 812 932 581 674 494 786 232 135 649 208 691 37 840 872 217 829 151 496 549 199 246 461 114 602 980 297 844 95 977 76 610 849 230 395 947 154 521 756 96 786 611 621 303 585 548 717 408 122 439 390 605 799 863 567 900 354 478 706 581 379 760 46 224 211 50 942 754 559 493 339 410 138 13
921 858 891 996 554 170 819 408 704 853 624 802 929 652 279 344 156 155 933 301 304 833 622 741 950 754 8 345 340 361 630 492 772 719 779 194 45 529 135 796 419 553 43 966 405 720 215 406 635 136 250 4 188 397 441 447 234 822 659 91 540 711 623 584 141 396 785 221 555 25 441 849 444 746 439 20 297 838 145 352 271 97 588 583 867 2 315 149 339 214 536 934 731 899 481 546 105 985 961 573
380 989 891 535 919 113 120 930 97 795 578 113 222 274 116 424 812 171 975 178 523 501 882 38 283 838 840 997 405 136 306 837 572 100 860 721 23 937 61 383 451 778 341 388 543 122 620 77 132 133 435 622 918 367 643 703 847 900 661 436 941 79 935 898 280 563 821 428 382 490 967 577 689 409 390 297 520 566 663 62 155 574 477 488 332 677 143 281 169 83 706 185 874 729 633 718 316 838 753 309
993 557 375 830 977 934 410 27 717 455 296 422 851 296 571 837 953 27 982 267 899 307 589 859 597 802 132 483 380 83 903 620 218 408 549 566 260 565 146 948 629 885 380 359 467 381 260 291 345 141 903 951 600 515 733 39 654 773 488 871 739 766 347 635 713 111 869 963 296 434 284 726 624 492 605 838 566 325 722 126 173 335 427 34 379 849 103 217 954 351 210 789 897 651 995 704 960 583 369 947
337 783 778 579 272 822 648 688 584 153 785 715 900 632 683 858 866 265 875 804 384 630 556 697 921 409 360 354 188 320 20 588 615 234 987 672 435 927 423 682 562 157 84 364 857 466 24 120 274 434 782 101 21 598 219 10 945 859 410 120 886 610 13 671 997 561 717 419 84 103 88 834 98 83 799 145 663 722 37 562 914 316 784 426 257 155 529 529 817 754 296 532 30 237 766 558 222 56 952 184
269 833 662 442 295 724 547 299 370 84 903 443 543 926 615 670 65 354 750 917 388 941 136 772 773 737 27 977 699 571 231 56 784 130 422 288 981 802 964 953 711 67 581 181 677 87 500 919 460 418 231 720 326 527 207 453 211 761 568 288 420 491 915 52 969 966 678 327 743 396 15 496 979 318 863 352 62 126 562 219 465 514 711 625 658 31 586 653 166 619 564 420 391 897 595 161 686 820 552 27
234 360 792 515 296 600 957 98 695 538 0 259 398 523 476 225 99 21 946 47 323 65 547 979 179 826 551 119 76 490 57 655 550 36 45 648 532 16 180 457 10 75 999 194 393 942 438 16 213 376 973 749 674 915 563 209 173 758 227 764 505 595 176 839 334 122 520 96 359 356 215 230 677 61 567 271 155 173 914 465 841 758 719 248 378 129 84 754 310 113 732 646 749 223 612 699 498 860 656 949
31 601 964 479 410 804 22 636 612 592 537 769 233 531 45 254 154 723 26 706 768 14 735 776 661 315 827 482 609 477 553 757 113 883 921 757 218 233 431 277 724 240 209 149 608 117 375 514 111 743 65 0 398 977 34 506 128 832 92 594 300 457 129 847 180 559 517 197 146 848 61 581 306 629 900 97 574 335 316 514 758 968 713 927 363 552 785 413 179 300 578 526 189 557 586 76 10 884 522 812
273 363 512 867 331 238 533 128 234 614 139 359 339 406 724 443 65 203 402 83 894 574 846 620 726 80 438 423 560 215 409 787 171 844 294 149 428 237 208 219 735 392 782 509 442 732 809 152 827 411 181 861 913 684 342 821 828 414 149 555 241 582 864 733 79 365 701 500 574 18 207 462 877 865 354 588 477 427 784 711 719 713 403 434 478 471 912 65 694 309 29 697 538 932 386 882 726 132 11 414
130 662 751 189 789 362 387 339 135 134 40 125 736 675 360 477 638 872 957 946 957 778 85 971 132 838 744 948 399 152 827 554 700 613 924 483 499 346 977 78 420 106 905 243 295 15 531 933 176 660 146 299 171 798 568 659 392 3 598 637 455 20 640 702 247 18 571 801 500 52 236 495 413 600 478 583 488 34 426 625 248 927 434 435 510 731 727 542 843 337 703 695 533 14 226 612 652 724 179 84
92 781 710 466 505 857 393 346 558 343 263 159 327 0 144 564 704 18 321 860 600 493 583 928 582 877 257 327 339 450 998 866 448 441 162 985 988 577 742 971 372 906 121 158 140 553 219 31 249 996 488 687 191 874 700 494 154 37 346 874 757 898 373 30 98 658 667 380 31 975 693 154 536 859 706 867 332 379 257 658 378 363 478 510 726 748 130 676 508 337 613 710 159 632 737 621 374 631 975 991
840 282 408 838 838 865 661 53 697 33 696 255 613 237 653 454 588 717 948 321 855 57 241 160 78 442 311 429 397 177 946 254 938 54 453 586 546 585 867 114 356 256 401 456 574 208 352 244 614 902 16 268 905 610 43 373 258 768 697 410 824 958 976 394 462 914 857 7 744 86 836 332 973 526 581 2 677 849 155 31 129 552 471 731 748 360 409 301 943 601 212 273 867 373 439 730 961 808 437 287
505 602 869 422 786 957 856 725 978 695 422 427 767 141 248 705 302 742 982 589 88 656 670 749 937 167 965 417 948 738 424 199 750 678 321 912 125 906 396 207 529 843 450 227 71 367 737 231 205 421 11 48 284 756 370 90 519 950 423 726 162 158 561 521 211 178 596 946 721 867 146 759 841 168 379 315 143 103 529 586 84 785 912 727 130 409 369 436 754 327 737 108 560 797 679 906 768 904 45 14
478 48 264 135 394 202 250 867 81 190 194 946 984 573 251 46 154 40 798 215 140 924 780 39 784 701 820 322 106 137 92 480 235 428 598 823 366 38 511 232 588 745 680 88 670 813 612 435 928 196 782 428 493 713 529 841 900 680 538 97 845 178 557 964 952 319 408 897 928 28 705 357 734 110 760 149 281 217 529 653 754 413 65 542 676 301 436 644 969 228 791 748 791 853 401 461 437 357 224 207
350 215 14 194 181 149 529 203 951 628 468 485 763 284 788 991 36 499 436 915 481 729 600 161 393 779 221 678 762 460 365 33 344 880 30 559 417 925 139 417 719 235 101 576 570 55 336 767 684 877 736 274 23 906 170 318 68 395 218 450 908 848 821 803 443 878 275 592 100 869 874 349 356 644 46 339 169 954 817 166 310 179 694 843 508 943 754 969 779 403 417 507 296 487 82 120 380 225 365 977
355 746 57 185 63 175 267 596 674 761 451 649 57 927 739 324 759 108 900 521 341 302 441 206 677 923 478 702 732 582 838 257 207 475 711 876 8 770 261 268 805 823 524 447 310 374 59 198 87 497 683 518 78 999 654 115 392 654 944 855 669 747 105 700 508 92 845 754 549 235 367 119 420 711 224 214 83 351 754 619 113 300 309 337 337 601 327 228 403 614 460 130 954 843 253 110 261 582 245 923
651 32 60 71 290 610 117 797 996 941 357 730 782 569 184 810 399 389 318 775 921 510 222 910 149 814 475 444 349 575 187 219 101 11 268 153 555 685 757 395 36 344 864 809 450 266 307 182 532 510 293 720 760 865 750 503 409 754 152 321 834 495 243 652 76 372 154 250 271 985 379 681 991 860 211 536 706 210 296 564 732 578 29 703 613 212 737 791 417 460 950 512 261 680 562 34 774 95 572 52
41 736 809 775 866 91 652 355 57 721 878 236 554 365 840 941 426 523 728 768 66 869 766 282 901 706 991 379 691 168 888 119 790 6 78 413 652 698 564 825 176 965 362 947 582 644 321 950 797 523 915 322 214 57 924 795 10 428 957 635 735 943 955 166 111 940 998 531 284 911 878 158 483 77 50 934 185 789 532 420 646 526 697 695 710 273 108 748 507 130 512 535 974 759 747 350 14 916 214 606
388 1 212 528 285 911 915 862 947 483 604 770 162 316 595 817 915 397 46 672 57 560 291 994 964 63 380 636 320 623 496 297 486 394 598 211 778 905 946 126 169 914 970 723 326 535 828 141 150 484 851 375 192 665 164 181 949 314 867 650 415 792 438 110 205 512 870 264 582 970 291 498 792 71 942 731 874 897 30 391 749 189 538 533 159 867 560 791 296 954 261 974 956 262 873 766 620 880 952 424
790 368 527 57 609 150 514 880 652 407 238 819 396 675 579 524 519 796 497 52 884 922 654 100 804 121 861 824 494 15 802 682 957 171 137 349 379 118 983 368 758 476 96 679 514 35 164 131 394 179 423 86 565 955 720 675 454 983 45 77 646 959 134 306 715 872 593 204 349 908 875 194 591 660 754 899 729 651 237 897 223 557 932 14 632 373 797 853 487 843 680 759 262 412 636 571 333 399 853 750
292 527 421 116 297 118 339 183 189 340 700 316 425 457 11 534 988 974 842 227 255 587 40 915 147 385 574 324 957 679 188 657 258 779 624 218 189 517 470 751 62 881 253 941 800 238 614 376 702 288 357 205 5 778 547 160 688 902 967 595 845 507 460 881 365 317 79 585 667 659 835 620 668 909 559 481 633 995 766 595 612 586 386 226 737 439 679 401 82 253 562 747 873 636 896 763 639 642 262 961
833 616 406 685 388 595 716 136 928 891 25 115 553 373 680 492 474 49 833 843 0 986 449 887 232 373 286 931 86 11 243 38 564 293 111 664 389 685 368 784 637 796 477 918 587 429 986 672 578 625 796 13 70 96 364 967 475 380 841 666 70 763 836 96 823 911 750 88 908 634 227 775 861 430 493 546 718 704 558 161 699 76 882 612 621 730 906 461 120 110 34 350 766 571 763 82 396 821 476 407
767 58 488 530 733 281 319 108 852 504 35 535 90 710 229 747 404 197 248 152 182 614 246 26 288 941 276 560 117 375 745 561 634 455 818 519 221 694 203 458 129 578 522 821 805 128 102 381 290 6 457 404 410 581 924 108 582 969 316 615 612 552 175 674 325 297 263 267 203 703 935 481 151 611 339 105 316 960 222 686 498 10 726 652 374 961 768 437 380 261 774 14 620 333 639 396 272 421 680 67
755 150 141 982 556 295 719 143 845 30 388 214 732 668 223 498 84 39 42 260 783 533 442 206 71 887 343 25 459 532 247 480 714 64 168 323 287 113 384 891 964 720 914 661 155 278 181 198 758 238 689 935 1000 118 772 442 675 374 539 123 943 499 641 830 331 149 893 404 188 852 659 290 778 208 410 985 838 583 56 820 860 884 132 724 631 808 904 357 225 582 95 916 880 399 642 821 421 679 891 20
690 874 216 175 0 102 217 900 657 598 648 766 331 577 39 844 4 479 38 103 235 484 368 652 57 471 396 291 605 169 435 655 963 269 857 0 279 885 71 273 40 571 791 243 471 677 334 627 302 531 503 279 678 18 738 920 267 766 512 98 435 848 452 893 892 658 204 697 691 292 450 21 672 649 138 961 753 369 952 552 656 522 11 179 975 437 45 224 365 245 572 214 952 853 262 476 680 891 219 952
908 93 114 986 371 131 430 650 115 778 650 498 289 120 238 174 562 561 959 161 255 382 860 365 140 984 278 18 295 641 290 474 93 983 630 822 716 140 136 66 357 374 558 731 573 400 19 191 19 287 292 930 303 522 716 790 696 387 767 976 523 107 543 182 835 475 178 427 976 2 870 880 384 627 13 573 309 947 184 27 949 812 414 84 991 287 14 207 977 923 52 606 424 750 961 407 67 20 952 264
