100 100 100 7200
2 64
1 45
1 50
1 20
1 74
1 75
2 36
1 64
2 78
1 2
2 98
2 6
2 26
2 78
1 56
1 93
1 52
1 25
1 91
1 91
2 38
2 24
1 20
2 14
2 86
1 75
2 86
2 84
1 36
2 87
2 84
1 14
1 71
1 71
2 84
1 65
1 26
1 27
2 9
1 85
1 56
1 66
1 60
2 96
1 63
1 11
1 57
1 14
1 84
1 32
2 79
2 34
2 15
1 87
2 10
2 18
1 90
2 89
1 24
2 34
2 25
1 13
1 31
1 65
1 51
2 26
1 10
1 36
1 8
2 37
1 11
2 63
1 57
1 37
1 20
2 78
2 29
1 36
1 98
1 25
2 58
2 54
1 78
1 12
2 13
1 48
2 25
1 85
1 11
2 91
2 68
2 84
1 83
2 21
1 97
1 4
1 60
1 3
2 12
2 54
2 91
1 2
1 23
2 36
1 14
2 63
1 34
2 85
1 81
1 31
1 6
2 19
2 1
1 35
2 18
2 67
2 10
1 89
2 75
1 7
1 84
1 2
1 10
1 91
1 31
1 89
1 22
2 77
1 27
2 21
1 3
1 79
2 12
1 27
2 15
1 39
2 6
2 61
1 80
1 47
2 96
1 40
2 64
1 35
1 92
1 25
2 8
1 91
2 28
2 2
1 96
2 94
1 96
2 8
1 31
1 5
2 21
1 7
1 42
2 90
1 58
1 37
1 62
2 86
2 94
2 46
2 36
1 53
1 32
1 50
1 68
2 15
2 92
1 76
1 10
1 97
2 62
1 69
1 82
2 17
1 59
2 37
2 73
1 32
1 82
1 2
2 36
1 35
1 66
1 42
2 90
1 71
1 80
2 26
1 79
1 88
1 61
2 82
1 93
1 40
2 93
1 95
2 75
1 6
1 11
2 41
2 24
1 76
2 52
1 6
1 25
2 35
1 86
1 6
1 64
2 58
2 84
2 54
1 46
1 21
1 45
2 6
1 85
1 30
1 30
1 17
2 65
2 55
1 76
1 50
1 80
2 17
1 80
1 15
2 55
2 58
2 88
2 64
1 56
1 74
2 92
1 23
1 67
1 5
2 5
1 1
2 20
1 79
1 72
1 22
2 64
2 24
1 31
1 25
2 81
2 54
2 84
1 73
1 1
2 25
2 43
1 35
2 93
2 70
2 32
1 36
2 75
1 91
2 52
2 53
1 69
1 86
1 68
2 8
2 32
1 12
1 73
2 55
1 46
1 24
1 24
2 79
1 92
1 89
1 34
1 45
1 34
1 92
1 27
1 44
1 61
1 50
1 18
1 73
1 33
1 79
2 17
2 70
2 72
2 15
1 22
1 44
2 11
1 62
1 17
1 78
1 47
2 89
2 73
1 95
2 97
2 26
1 22
2 65
1 72
1 3
1 76
1 52
1 18
2 32
1 4
2 28
1 70
1 91
1 77
1 12
2 30
1 62
2 91
2 41
1 85
1 44
2 5
2 65
1 43
2 93
1 39
2 73
2 96
2 16
1 100
1 73
1 79
1 94
1 66
2 51
1 79
1 65
1 63
1 10
2 48
1 47
2 60
2 70
2 100
2 75
1 33
2 24
1 17
1 27
1 58
1 84
2 44
1 73
2 72
2 95
2 45
1 28
1 23
2 33
1 1
1 68
2 88
1 80
1 73
2 59
1 74
1 69
2 99
2 73
1 24
2 31
2 75
1 14
2 20
1 64
2 87
2 51
1 24
2 81
1 21
1 20
1 35
1 44
2 85
2 57
1 40
1 55
1 60
1 62
1 77
1 49
1 24
2 10
2 11
1 76
1 22
1 12
2 39
2 34
2 14
1 76
2 5
2 11
2 3
2 59
1 55
2 35
2 27
2 55
1 74
1 16
1 38
1 3
2 44
1 91
2 41
1 39
2 53
1 71
1 98
1 10
2 44
1 52
2 48
1 62
2 31
1 100
2 52
1 40
2 66
1 6
1 93
1 77
1 61
1 47
1 63
2 21
2 93
2 20
1 37
1 12
1 87
1 70
1 59
2 56
2 16
1 59
1 47
1 49
1 95
2 94
1 83
1 43
1 46
1 33
2 40
1 3
2 69
1 93
2 49
1 51
1 30
2 96
2 83
1 99
2 92
1 25
2 75
1 1
1 77
1 68
1 22
1 60
1 16
1 25
1 76
1 9
2 40
2 54
1 48
2 20
1 16
1 44
1 5
1 36
1 11
2 42
1 64
1 31
2 9
1 9
1 68
2 37
2 63
1 76
1 72
1 72
2 1
1 39
2 46
1 99
2 30
1 60
1 1
1 81
2 6
1 11
2 48
2 10
2 48
1 62
1 85
2 66
1 45
1 20
1 33
1 16
2 24
1 59
1 13
1 90
2 83
1 24
2 33
1 17
1 85
2 75
2 44
2 94
1 41
2 96
1 33
1 65
1 73
1 94
1 35
2 40
1 16
1 91
1 44
1 34
1 55
1 39
2 3
2 77
2 35
1 50
1 18
2 53
1 96
1 90
1 90
1 69
2 92
2 100
2 25
1 35
1 77
1 32
1 41
1 7
2 57
1 46
2 8
1 38
1 52
1 87
2 36
1 34
1 70
2 38
2 20
1 67
1 74
2 18
1 76
2 64
1 14
1 67
1 70
1 25
2 19
1 56
1 7
1 41
1 15
2 62
2 32
2 13
1 8
2 99
1 24
1 50
2 48
1 60
1 79
1 14
1 50
1 99
2 3
1 93
1 42
1 54
2 79
1 67
2 18
1 82
1 82
2 63
2 76
1 91
1 94
1 84
1 25
2 19
1 20
2 85
1 33
1 3
2 89
1 90
2 87
2 2
2 2
1 13
1 68
2 30
2 61
2 43
1 61
1 7
2 86
1 3
2 3
2 24
1 100
1 82
1 60
2 19
2 67
1 61
2 28
1 77
1 88
1 9
1 31
2 16
1 14
1 7
1 70
1 38
1 54
2 53
1 12
1 91
1 91
1 94
1 13
1 92
1 68
2 64
1 22
1 11
1 5
1 79
2 96
1 20
1 68
1 97
1 23
2 99
1 16
1 62
1 97
1 7
1 96
1 5
1 32
1 62
2 53
1 73
1 12
1 85
1 11
1 31
1 43
2 81
2 100
1 82
1 75
2 27
1 73
1 70
2 44
1 5
1 29
2 17
1 79
2 11
2 57
1 53
1 90
1 50
2 49
1 68
1 88
1 82
2 38
1 78
1 8
2 17
1 92
2 14
1 35
1 73
2 12
1 90
1 60
2 100
1 83
1 62
2 15
2 24
1 46
1 45
1 27
1 98
2 45
1 58
1 71
2 100
1 76
2 95
1 24
1 91
1 94
1 12
1 33
2 99
2 62
2 32
2 13
1 56
2 49
2 3
2 77
2 92
1 77
2 50
2 60
1 26
1 2
2 41
1 11
1 20
2 74
1 31
2 84
1 70
1 55
2 27
1 6
2 97
2 61
1 42
1 93
1 76
2 35
2 27
2 100
1 97
1 63
2 15
1 14
1 52
1 51
2 7
1 72
1 3
1 30
2 98
1 9
1 15
2 88
2 63
1 5
2 35
2 6
1 72
1 49
1 26
1 58
2 83
1 83
1 33
1 50
2 36
1 51
1 63
1 53
2 59
2 4
2 13
1 70
2 71
2 46
1 96
1 4
2 31
2 53
2 81
2 55
1 56
1 42
2 38
2 73
2 26
1 47
1 55
1 59
2 1
1 45
2 58
1 76
1 24
1 72
1 32
1 50
1 49
1 4
1 1
1 48
2 30
2 32
1 21
2 47
2 43
2 83
2 11
2 55
1 25
1 51
1 58
1 33
1 84
1 21
2 81
1 19
2 44
1 71
1 56
1 11
1 5
2 72
1 5
1 90
2 90
1 43
2 63
2 75
2 6
1 76
2 47
1 12
1 66
2 32
2 74
1 40
1 53
1 80
2 14
2 25
1 52
2 12
1 29
1 35
1 98
1 84
1 73
1 98
1 24
1 86
1 91
1 78
1 92
2 19
1 100
1 64
1 9
1 10
1 46
1 81
1 60
1 94
2 39
1 4
1 42
1 57
1 86
2 76
1 61
1 66
1 9
2 51
1 24
1 37
2 38
1 50
1 40
2 46
1 62
2 7
1 6
1 2
1 12
1 9
1 50
2 61
1 18
1 31
2 34
1 17
2 86
2 73
2 39
1 87
1 62
1 16
1 65
1 70
1 99
2 98
1 31
2 59
1 38
1 81
1 8
2 26
1 34
1 80
1 87
1 61
1 20
1 66
1 38
1 60
1 76
1 61
1 18
1 1
2 100
1 27
1 80
1 10
1 20
1 4
2 78
2 100
2 13
2 34
1 88
1 36
1 23
1 80
1 51
1 66
2 16
1 35
1 42
2 6
1 85
1 7
2 89
2 40
1 59
1 18
2 9
2 7
2 65
2 86
1 20
1 46
2 13
2 73
1 62
1 20
2 19
1 12
1 29
2 60
1 93
1 81
1 9
2 67
1 31
1 71
2 99
1 20
1 65
2 20
1 2
1 1
1 15
2 58
2 11
1 56
1 93
2 4
1 41
1 53
1 71
2 4
1 93
2 92
1 73
1 50
2 92
1 93
2 83
1 11
2 90
1 3
2 32
1 58
2 38
2 47
2 7
1 32
2 15
1 5
1 62
2 99
1 34
1 35
1 17
1 42
2 59
2 46
1 68
1 81
1 14
2 47
1 43
2 54
2 78
1 41
2 91
2 55
1 11
2 99
1 90
2 48
1 54
1 76
1 96
1 85
1 50
1 36
2 6
1 58
1 82
1 48
2 72
2 21
1 26
1 60
2 53
1 58
2 58
2 74
1 90
2 60
1 10
1 42
1 38
1 42
1 31
2 62
2 91
2 89
1 27
2 87
1 8
2 72
1 7
2 26
1 52
1 11
2 1
1 31
1 78
1 53
2 38
2 46
1 5
1 96
2 84
1 91
1 78
1 82
1 25
1 28
2 3
1 12
2 53
1 3
1 49
2 11
2 36
2 59
1 52
2 40
1 67
1 42
1 63
2 22
2 66
1 35
2 26
1 98
1 14
2 40
1 36
2 2
1 41
2 34
1 78
1 54
2 43
1 76
2 78
1 61
1 3
1 24
2 12
1 60
1 26
2 45
2 34
1 67
1 97
1 52
2 56
1 54
2 95
1 91
1 86
1 83
1 66
2 50
2 84
1 11
2 37
1 95
2 69
2 28
1 36
2 69
1 5
2 51
1 53
1 8
2 9
1 28
2 57
1 5
1 84
1 33
1 93
2 81
1 75
1 65
1 20
1 51
2 40
1 93
1 2
2 9
1 85
1 59
1 82
1 60
1 16
2 21
2 4
2 81
1 76
2 46
1 72
1 44
1 47
2 67
2 29
1 78
1 60
2 41
1 18
2 58
1 35
1 2
1 99
1 9
2 3
1 79
1 6
2 98
2 90
1 43
2 17
1 70
2 38
1 80
1 71
2 37
2 80
1 1
1 3
1 100
2 34
2 53
2 82
1 12
1 24
1 48
2 99
1 87
1 55
1 100
1 20
1 31
1 42
2 1
2 69
2 90
1 95
2 92
2 87
1 24
1 38
2 17
2 59
1 92
2 5
2 71
1 93
1 45
1 40
2 34
1 70
1 6
2 22
2 63
1 5
1 98
2 36
2 46
2 91
1 3
1 5
2 97
1 5
1 56
1 31
2 81
1 47
2 83
2 68
2 71
2 22
1 51
1 35
1 73
1 16
1 68
2 100
1 77
1 34
2 12
1 92
1 88
2 77
1 11
2 73
1 29
2 75
1 95
2 78
1 4
2 40
2 24
1 57
1 50
1 79
1 13
2 30
1 10
1 99
2 22
2 11
1 96
1 5
1 28
2 84
2 1
1 99
1 65
1 93
2 71
1 72
2 87
2 8
1 98
1 37
1 18
1 46
2 100
2 5
2 2
1 59
1 36
2 21
2 99
1 96
1 99
2 56
1 89
1 75
1 8
1 2
2 25
1 25
2 61
1 50
1 34
1 29
1 61
1 27
1 69
1 54
2 45
2 21
1 24
2 4
1 21
1 93
1 21
2 87
1 41
1 27
1 91
1 82
1 69
1 44
2 48
2 62
2 18
2 55
2 18
2 15
1 78
2 60
2 88
1 23
2 97
1 30
2 40
2 77
1 36
1 89
2 83
2 10
1 32
2 45
1 64
1 82
1 66
1 61
1 1
1 33
1 36
1 38
1 16
1 86
2 17
2 32
1 52
1 40
2 12
2 66
1 46
1 12
2 35
1 15
2 43
1 16
1 43
1 28
1 70
1 52
1 76
2 75
2 4
1 16
1 80
2 56
1 59
1 55
1 57
1 64
1 70
2 54
2 37
1 2
2 93
2 33
2 89
1 51
2 1
1 29
2 46
1 53
1 16
1 13
2 80
1 81
2 41
1 81
2 65
1 74
1 100
1 76
1 97
2 33
1 91
1 33
2 82
2 10
1 38
1 63
2 56
1 25
1 72
2 27
2 32
1 56
1 71
1 55
1 49
2 24
1 85
2 82
1 72
1 60
1 65
1 93
2 67
1 96
1 33
2 6
1 50
1 81
2 45
1 21
1 64
2 100
1 40
2 49
2 80
1 77
1 88
1 96
1 85
1 8
1 71
1 92
1 6
1 38
1 46
1 17
1 85
2 25
1 76
2 35
1 1
2 50
1 76
1 80
2 52
2 98
2 1
2 27
2 16
1 59
1 45
1 74
1 98
1 100
2 48
1 23
2 85
2 81
1 77
1 18
1 14
2 68
1 78
2 70
2 10
1 53
2 39
1 91
2 3
2 54
1 48
1 9
1 17
1 16
2 44
1 29
1 20
1 12
1 14
2 61
1 5
2 92
1 25
2 24
1 61
2 48
1 50
1 87
1 85
2 46
2 11
1 22
2 3
2 22
1 49
1 60
2 6
1 97
2 89
2 65
1 48
1 48
2 19
2 94
2 15
1 96
1 81
1 92
2 19
1 8
1 10
2 28
1 40
1 32
1 1
1 85
1 21
1 17
2 68
2 91
1 66
2 23
1 86
1 8
2 13
1 38
1 99
2 59
2 36
1 100
1 97
2 70
1 41
2 32
2 16
1 23
1 55
1 85
1 79
1 42
1 43
1 21
1 5
2 28
1 61
2 52
2 75
1 51
1 36
1 100
1 3
1 72
1 16
1 68
1 83
2 2
1 24
1 30
1 13
1 23
2 34
1 24
1 32
1 90
2 99
2 11
1 82
2 5
1 63
2 29
1 61
1 21
1 51
2 17
1 72
1 78
2 69
2 25
1 79
1 25
1 55
2 39
1 36
2 94
1 50
2 93
2 74
1 97
1 77
1 77
1 84
1 72
2 85
2 87
1 57
2 31
2 25
1 32
2 43
2 51
2 50
1 99
2 59
1 34
1 7
2 64
1 16
2 20
1 17
2 37
2 59
1 7
2 95
1 44
2 15
2 38
2 45
1 69
1 64
1 6
2 46
1 10
1 25
1 61
2 73
1 26
1 73
1 27
2 93
2 84
1 55
1 21
2 17
1 52
1 84
1 95
2 80
2 68
1 82
2 8
1 47
2 12
1 44
1 24
1 23
1 97
2 44
2 9
2 80
1 15
1 85
1 14
1 70
2 59
2 4
1 89
1 33
1 51
2 30
1 78
2 84
2 91
1 96
2 33
1 89
1 35
2 4
2 90
2 55
2 21
2 7
2 16
2 38
2 62
2 98
1 50
2 26
2 9
1 71
2 48
1 44
1 97
2 66
1 92
1 19
2 16
1 100
1 87
1 95
2 34
2 27
2 96
2 51
2 59
2 80
1 53
1 94
2 65
1 63
1 2
1 96
1 68
2 39
1 70
1 22
1 52
1 47
1 47
2 73
1 9
2 93
1 30
1 34
1 24
1 95
2 61
1 29
2 26
1 81
1 94
2 47
1 91
1 57
1 78
1 9
1 22
1 90
2 77
2 79
1 74
1 15
2 18
2 12
2 43
1 40
2 52
1 93
1 10
2 69
2 94
1 26
1 48
2 83
1 51
1 93
2 53
2 34
1 94
1 85
2 22
2 43
1 32
2 80
1 47
2 23
1 96
2 19
1 9
1 97
1 31
1 26
1 23
2 65
2 35
2 23
1 64
1 85
2 95
2 35
2 1
1 37
1 46
1 69
2 75
1 23
1 33
1 57
2 34
1 71
1 34
2 26
1 89
1 88
2 41
1 60
2 65
2 24
2 35
2 8
1 54
1 20
1 17
1 25
1 66
1 5
1 13
1 64
1 58
1 61
1 40
1 27
1 53
1 42
2 31
1 88
1 28
2 30
1 32
1 48
1 35
1 50
2 56
2 59
1 52
2 33
1 21
1 77
2 53
1 85
2 14
1 86
1 87
1 49
2 46
1 46
1 73
1 19
1 83
1 83
1 58
1 42
1 3
2 82
2 89
1 53
1 72
1 6
2 24
2 31
1 51
1 41
1 100
2 47
1 44
2 25
1 91
2 86
1 69
1 77
1 22
2 26
2 65
2 19
2 81
2 35
1 20
2 84
1 93
1 88
2 18
2 18
2 49
1 28
1 89
1 71
1 80
2 13
2 28
2 99
2 23
1 1
2 15
2 25
1 27
1 50
2 19
2 75
1 47
1 77
2 48
2 66
1 34
1 48
1 4
2 90
1 32
1 45
2 90
1 17
1 42
1 99
2 35
1 34
2 17
2 44
1 49
2 71
2 48
1 50
1 53
1 96
1 59
1 50
1 82
2 21
1 70
1 35
2 37
2 88
2 96
2 86
1 85
1 70
1 15
1 41
1 45
1 84
1 97
1 37
1 7
2 59
2 70
1 20
1 66
2 54
1 72
1 5
2 54
2 12
1 37
1 96
1 77
1 63
1 2
2 97
1 97
1 23
2 75
1 99
1 19
2 65
2 43
1 4
1 97
1 5
1 100
1 9
1 89
1 15
1 11
1 73
2 65
1 88
2 81
2 82
1 30
2 95
2 4
1 78
1 25
1 34
1 44
1 78
1 44
1 29
2 24
1 75
2 29
2 81
1 33
2 26
2 85
2 11
1 91
2 21
1 80
1 46
2 37
1 19
1 74
1 59
1 15
2 17
2 55
2 39
1 75
2 76
2 72
2 75
2 56
1 61
2 63
1 95
2 98
1 82
2 37
1 59
2 53
1 41
2 72
2 80
1 45
1 53
1 91
1 80
1 47
2 23
2 94
2 27
1 25
1 36
1 77
2 73
2 4
2 51
1 28
1 71
1 99
1 24
2 15
1 67
1 90
1 46
1 53
1 16
2 63
2 10
2 22
1 10
2 50
1 3
2 25
1 34
1 60
1 5
1 90
2 55
2 62
1 31
1 49
2 29
1 83
1 15
2 18
2 18
1 84
2 85
1 81
2 80
2 13
2 86
1 53
1 59
2 68
1 55
2 48
1 79
2 38
1 93
2 46
1 48
1 7
1 82
2 57
1 81
2 19
1 87
2 63
2 74
1 44
1 70
1 10
1 83
1 62
1 67
2 14
2 92
1 95
2 13
1 24
1 58
1 50
2 62
1 4
1 61
1 13
2 43
1 46
1 90
2 34
2 11
2 79
2 56
2 37
1 97
2 94
1 53
1 50
1 62
2 39
1 66
1 2
1 29
1 74
1 79
2 89
2 94
2 53
2 90
2 3
1 85
1 54
2 80
2 69
1 54
2 20
2 1
1 43
1 95
2 32
2 19
2 99
1 92
1 41
1 54
2 3
2 36
1 41
1 82
2 30
1 25
1 66
1 96
1 59
2 23
2 88
2 55
1 27
1 75
1 49
2 87
1 77
1 22
2 90
2 43
1 95
1 28
1 96
2 39
2 8
1 62
1 32
1 54
1 13
2 49
2 62
1 36
2 42
1 48
1 65
1 23
2 19
1 29
2 95
1 49
1 49
1 20
2 96
1 68
2 87
1 37
2 57
2 10
2 27
1 33
1 10
1 98
2 33
1 88
2 11
2 53
2 42
1 66
2 63
1 19
1 39
1 1
2 44
1 85
1 55
1 11
1 12
1 85
2 89
1 48
1 56
2 45
1 35
1 56
1 88
2 93
2 2
1 72
2 36
1 18
2 4
2 44
1 91
2 62
2 83
1 30
1 98
2 64
1 56
1 22
1 45
2 92
2 12
1 19
1 84
1 80
1 31
1 37
2 37
2 44
2 57
1 43
2 49
1 19
2 44
1 11
1 11
2 11
1 12
2 47
2 5
2 5
2 55
1 51
1 32
2 52
1 64
1 45
1 96
1 45
2 37
1 32
1 69
1 24
1 57
2 79
1 56
1 4
1 80
1 12
2 11
1 86
2 84
2 72
2 97
2 19
1 57
1 77
2 73
1 5
1 49
1 36
2 71
1 82
1 13
1 49
1 22
2 91
1 82
1 61
1 6
1 92
1 5
2 20
2 91
2 22
1 58
1 43
2 60
2 24
2 59
2 70
2 93
1 30
1 57
1 39
1 17
1 37
1 49
2 6
2 3
1 71
1 39
2 38
1 64
2 18
2 41
1 10
1 85
1 55
2 16
2 13
1 35
1 6
2 21
2 44
1 70
2 88
1 64
2 92
2 29
1 97
2 26
1 2
1 81
2 31
1 12
1 8
1 59
1 34
1 58
2 53
1 17
1 26
1 26
1 10
2 80
1 30
1 62
2 14
2 27
2 8
2 63
1 90
1 69
2 49
1 42
2 27
1 16
1 86
2 89
1 63
1 44
2 27
2 90
1 56
2 82
2 22
1 95
2 85
2 6
1 93
1 23
1 19
2 76
1 63
1 99
1 74
2 8
1 6
1 97
1 64
1 62
1 77
1 87
2 31
2 38
1 8
1 64
2 12
1 44
1 98
1 50
2 45
1 99
1 40
1 14
1 52
1 79
2 47
1 40
2 16
1 38
1 1
2 38
1 13
2 96
1 54
1 46
1 92
1 75
2 39
1 95
1 53
2 2
1 19
1 19
1 50
2 86
1 63
1 14
1 61
2 48
1 63
1 33
2 31
2 60
1 92
1 96
1 67
2 84
1 88
1 63
2 30
2 79
2 86
1 2
2 83
2 98
2 74
1 40
2 86
1 89
2 83
1 25
1 61
2 31
2 66
2 44
1 92
2 36
2 24
1 16
2 79
2 55
1 10
1 91
2 34
1 94
2 44
1 3
1 91
2 53
1 18
1 30
1 69
1 69
2 26
1 50
2 31
2 53
1 64
1 42
1 4
1 39
1 10
1 98
1 15
1 71
1 71
1 71
1 48
1 48
1 13
2 36
1 19
1 5
2 87
2 94
2 32
1 89
1 40
1 17
1 85
2 6
2 25
2 8
1 43
2 26
1 54
2 61
1 74
1 36
1 16
1 42
1 62
1 81
2 60
2 8
2 92
1 49
2 77
2 27
1 17
1 55
2 97
2 12
1 66
2 66
2 37
1 72
2 6
2 6
1 50
2 9
1 35
2 96
2 15
1 94
1 50
2 93
2 11
1 41
2 88
1 95
1 29
1 47
1 50
1 100
2 43
1 100
1 42
1 55
1 13
1 79
1 18
1 37
2 32
1 14
2 100
1 54
1 17
2 34
2 1
1 97
1 39
1 83
1 72
2 2
2 100
1 33
1 17
2 19
1 16
1 86
1 52
2 44
1 92
2 21
2 81
1 39
1 5
1 13
1 30
2 77
2 24
2 52
1 67
2 13
1 63
1 70
1 70
2 15
2 75
2 8
1 84
2 94
1 83
2 72
2 57
2 52
2 73
1 99
1 100
1 51
1 63
2 77
1 57
2 14
1 68
1 95
2 2
2 42
2 38
2 5
2 87
2 19
2 12
2 70
1 10
2 67
1 67
1 38
1 92
1 29
2 65
1 97
2 68
1 17
1 12
1 70
1 1
2 11
2 49
2 80
2 19
1 68
1 15
2 82
2 91
2 32
1 45
2 3
2 42
2 31
2 89
1 37
1 66
1 83
1 79
2 33
1 98
1 99
1 90
2 24
1 8
1 7
1 97
1 35
1 6
1 89
2 83
1 28
1 45
1 5
1 59
1 39
2 89
1 8
2 85
1 49
1 83
1 42
2 15
1 31
1 40
1 59
1 44
2 34
1 83
1 81
1 62
1 14
1 21
2 59
2 53
2 81
2 47
2 3
2 51
2 3
1 92
1 5
1 4
2 15
2 53
1 4
2 73
1 28
1 63
2 95
1 77
1 91
2 82
1 73
2 97
1 37
1 14
1 94
1 25
1 70
1 46
2 44
2 49
1 15
1 11
2 69
2 76
1 47
2 83
2 39
2 11
1 18
1 98
1 27
1 67
1 4
1 9
1 20
2 96
2 86
1 19
1 16
1 53
1 30
1 47
1 85
1 46
2 14
1 20
1 80
1 97
1 15
2 3
1 76
1 13
1 73
1 39
2 38
1 37
1 24
2 43
1 23
2 18
1 42
2 75
2 22
1 34
1 7
2 36
1 56
2 65
1 44
1 40
1 93
1 36
1 7
1 22
1 27
1 23
2 83
2 76
1 35
2 43
1 23
1 5
1 88
1 41
1 10
1 33
2 98
1 87
1 49
1 54
1 67
1 27
1 20
2 99
2 79
2 73
1 48
1 45
1 55
2 97
1 88
1 31
2 65
2 100
1 53
1 90
1 9
1 33
1 21
1 86
1 51
2 86
1 89
1 45
1 73
1 33
2 17
2 24
2 73
1 82
1 45
1 45
2 60
2 49
2 61
2 48
1 12
2 32
1 50
1 64
1 58
2 40
1 16
1 53
1 24
2 82
2 19
1 74
2 26
1 7
1 32
1 95
1 53
1 12
2 73
1 74
1 16
2 23
1 27
2 46
2 28
2 22
2 7
2 88
1 3
1 83
1 45
1 21
1 95
2 91
2 6
1 47
1 59
1 81
2 10
1 17
1 73
1 33
1 16
1 22
1 64
2 8
2 23
2 38
1 3
1 90
1 31
1 85
2 7
1 84
2 10
1 95
1 31
1 3
2 82
1 71
1 89
1 79
2 55
2 28
2 5
1 12
2 96
1 44
2 83
2 40
1 48
1 89
1 49
1 75
1 96
2 98
1 99
2 70
1 32
1 53
1 11
2 24
2 77
1 51
1 66
2 82
1 76
1 66
1 89
1 60
2 79
1 5
1 62
1 45
1 60
2 19
2 26
2 19
1 24
2 70
1 15
1 50
1 100
1 80
1 11
2 8
2 3
2 92
1 23
1 64
1 70
2 89
1 94
1 4
2 30
2 42
1 38
1 4
1 77
1 63
2 75
1 44
1 88
1 63
1 35
2 77
2 3
1 58
1 1
1 10
2 92
1 76
1 73
2 45
1 99
1 56
2 56
1 20
2 89
1 17
2 91
1 47
1 46
1 68
2 95
2 22
1 37
1 47
2 5
1 99
2 53
2 46
2 50
1 92
1 74
1 49
1 20
1 65
1 27
1 68
1 82
1 95
1 57
2 58
2 7
1 80
1 53
1 74
1 33
2 30
1 89
1 72
2 57
1 20
1 40
2 68
1 53
2 65
1 92
2 54
2 36
2 16
1 75
2 63
1 95
1 53
1 83
2 57
1 77
1 90
1 70
2 97
2 12
1 8
1 79
1 90
2 15
1 75
1 43
1 86
1 65
1 7
2 3
1 42
1 46
2 57
2 30
2 43
2 23
2 38
1 56
1 35
2 54
2 80
1 30
2 94
2 11
2 55
1 30
1 4
1 47
2 85
2 47
1 5
1 20
1 23
1 13
1 5
2 59
2 12
2 67
2 27
1 65
1 45
2 34
1 25
1 9
2 14
1 1
1 46
1 17
1 18
2 43
1 49
2 3
2 62
2 1
2 13
1 2
1 4
1 7
1 20
1 56
2 91
1 38
1 62
1 11
1 39
1 38
1 23
2 91
2 78
1 64
2 22
1 64
1 55
2 46
1 9
1 52
2 100
1 13
2 57
1 77
1 47
1 49
1 50
1 16
1 65
1 81
2 36
1 65
2 5
1 98
1 70
1 54
1 84
1 60
1 74
1 43
1 25
1 13
2 18
1 56
2 50
1 10
1 72
2 57
1 68
1 82
1 7
1 64
1 81
2 61
1 4
1 82
1 55
2 76
1 99
1 50
1 44
1 22
2 54
2 46
1 3
1 64
1 68
1 70
1 10
2 39
2 1
1 86
1 1
1 74
2 42
1 34
2 31
1 75
1 36
2 45
2 95
2 63
1 19
2 5
2 15
1 87
2 68
1 4
2 87
2 86
1 100
1 28
1 40
1 94
1 87
1 31
1 9
2 63
1 19
2 93
2 19
2 58
1 88
2 69
2 19
1 92
1 93
1 66
1 86
2 30
1 81
1 89
1 49
1 6
2 82
2 66
1 37
1 73
1 26
1 14
1 83
2 31
1 16
1 48
1 39
2 88
1 83
2 77
2 31
1 79
1 98
1 30
2 26
2 22
1 29
2 52
2 3
2 74
2 41
2 10
1 54
1 58
1 3
2 36
2 95
1 92
2 36
1 36
2 9
2 71
1 22
2 33
1 45
1 31
1 55
1 19
1 80
2 80
1 70
1 50
2 57
2 75
1 18
1 58
1 24
1 26
1 54
1 8
2 30
2 46
2 63
1 59
2 77
2 1
2 27
1 6
2 28
2 7
2 56
1 63
1 27
1 55
1 14
1 34
1 45
1 64
1 99
1 82
1 88
1 1
1 89
2 21
1 70
1 14
2 87
1 29
1 70
2 67
1 19
1 85
2 87
2 89
2 44
1 28
2 71
2 97
2 35
1 67
1 30
2 48
2 87
1 41
2 54
2 64
2 98
2 26
1 89
1 6
1 36
1 66
1 43
1 87
2 89
1 36
1 34
2 9
2 11
1 3
1 44
1 1
1 24
1 90
1 75
1 7
1 88
2 19
1 47
1 47
1 92
2 66
1 57
1 15
1 44
1 29
2 82
2 52
1 97
2 43
1 10
2 8
1 45
1 94
2 79
2 16
1 59
1 29
1 93
1 28
2 20
1 42
2 42
2 87
2 18
1 88
1 44
1 38
1 75
1 14
2 41
1 99
1 26
1 54
1 39
1 78
1 35
1 4
1 94
1 4
2 35
2 93
1 6
2 38
1 56
1 73
2 9
2 53
2 52
1 49
2 95
2 72
1 88
1 34
1 24
2 50
2 33
1 68
1 30
1 77
1 29
1 14
2 85
2 39
2 60
2 88
1 5
1 80
1 25
1 37
2 56
2 20
2 54
2 23
2 3
1 36
1 56
1 90
1 71
1 70
1 40
2 68
1 80
1 65
2 68
1 98
2 83
1 87
2 5
2 74
1 28
2 59
1 27
1 2
1 7
1 92
1 97
1 83
1 31
1 29
1 3
2 38
1 68
2 7
1 88
1 51
1 49
2 21
1 66
1 61
1 37
1 22
1 7
2 78
1 58
1 92
1 49
2 62
1 30
1 50
2 69
1 54
1 16
1 74
1 54
1 88
1 3
2 38
2 90
2 70
2 61
1 87
1 83
1 25
1 60
2 83
2 3
1 99
1 6
2 31
2 23
2 44
2 55
1 25
1 2
2 24
1 46
1 47
2 69
2 45
1 65
2 88
2 30
1 80
1 30
1 86
2 79
2 60
1 81
2 66
1 9
1 79
1 82
1 67
2 97
2 88
2 56
1 31
2 14
1 80
1 85
1 75
1 93
1 63
2 91
1 36
1 34
1 8
2 94
1 59
1 99
1 17
1 73
2 84
1 49
1 38
2 14
1 57
2 95
2 5
1 41
2 26
1 94
2 21
2 18
2 5
1 85
2 9
1 27
2 77
2 41
2 23
1 59
1 58
1 63
1 46
1 10
1 27
2 19
1 4
1 9
1 85
1 61
2 24
1 62
1 3
1 53
1 43
2 61
1 44
1 87
1 77
1 72
2 48
1 11
2 20
1 84
2 99
2 79
1 30
1 55
1 46
2 82
2 53
1 42
2 38
2 71
1 48
2 97
1 1
2 6
1 17
1 30
2 94
1 2
1 74
1 88
1 65
2 35
1 8
2 16
1 42
2 72
1 8
1 61
1 72
1 21
1 7
1 90
1 91
2 25
1 73
1 62
1 74
1 39
1 22
1 45
1 50
1 13
1 74
1 11
2 55
1 100
1 14
1 32
2 51
1 4
2 22
1 18
1 89
1 92
1 53
2 41
1 15
1 71
1 32
2 20
1 41
2 14
2 97
2 59
1 25
1 79
2 75
1 58
1 20
1 27
2 33
2 30
1 8
2 37
1 59
2 8
1 59
1 65
2 62
1 11
1 81
2 29
1 52
1 1
1 79
1 14
1 47
1 64
1 71
1 80
1 10
2 1
2 49
1 84
2 41
1 16
1 35
1 87
1 67
1 35
1 55
1 62
1 54
1 36
1 11
2 51
1 54
1 89
1 52
1 6
2 43
2 26
1 82
1 78
1 96
2 37
1 73
1 66
2 45
1 53
1 89
1 29
2 76
1 12
1 67
2 21
2 63
1 42
1 16
1 54
1 34
2 60
2 50
1 83
1 34
1 66
1 36
2 67
1 78
1 13
1 51
2 24
1 15
1 76
2 6
2 48
2 37
2 35
2 48
1 58
1 91
2 1
1 9
1 61
1 54
1 25
2 35
2 44
1 63
1 57
1 86
1 29
1 73
1 81
1 13
2 36
1 73
1 70
1 96
2 73
1 87
2 54
1 9
1 44
1 89
1 96
1 13
1 97
2 22
1 24
1 82
2 54
2 84
2 63
2 33
1 14
2 39
1 50
2 47
2 97
1 47
1 94
1 87
2 55
1 86
1 21
1 2
2 42
1 57
2 52
2 48
1 78
1 20
2 57
1 78
1 45
2 25
1 51
1 90
1 64
2 27
2 93
2 5
1 21
2 23
1 23
2 29
1 37
2 66
1 41
2 62
1 51
1 2
1 50
1 2
2 34
1 22
1 7
2 36
2 32
2 8
2 59
2 23
1 32
1 22
2 60
2 95
1 54
1 8
1 25
1 96
1 83
1 89
1 52
2 33
1 7
1 88
1 91
2 74
1 92
2 31
1 68
1 30
2 85
1 34
1 95
1 83
1 21
1 10
1 44
1 77
2 97
2 18
1 53
1 64
1 62
1 55
2 11
1 67
2 37
1 59
1 62
1 56
1 44
1 64
1 11
1 31
2 13
1 78
1 23
2 76
1 83
1 98
2 50
1 56
1 45
1 20
1 34
1 42
1 62
1 87
1 8
1 82
1 36
1 64
1 44
1 56
2 37
1 70
1 64
1 74
1 5
1 80
2 39
1 20
2 38
2 12
1 54
1 93
1 87
2 69
2 56
1 1
2 21
1 55
1 88
2 6
1 28
2 79
1 81
1 43
2 12
1 65
1 91
1 89
2 50
1 45
2 16
1 28
1 72
1 3
1 100
1 91
1 40
1 6
1 61
2 47
2 87
1 87
1 73
2 48
1 37
2 80
2 77
1 26
1 29
1 35
2 100
2 31
2 80
2 50
1 40
2 78
1 13
2 24
1 55
2 4
2 19
2 32
1 19
2 46
2 93
2 53
2 46
1 36
1 37
1 16
1 30
2 20
2 84
1 46
1 87
1 30
1 89
1 4
2 12
1 52
1 82
2 15
1 91
1 53
2 86
1 33
1 8
2 84
1 93
1 35
1 48
1 86
2 1
1 55
2 1
1 42
2 76
2 59
1 73
1 38
1 79
2 56
1 9
1 59
1 93
2 62
2 23
1 93
2 58
1 51
1 67
2 69
2 41
1 38
1 25
2 80
1 49
2 37
1 74
2 76
1 12
2 69
2 53
1 96
2 15
2 6
1 76
2 37
1 13
2 17
2 70
1 55
1 21
1 83
1 16
2 2
2 46
1 49
2 76
2 8
2 48
2 100
2 87
2 93
2 87
2 26
2 89
1 16
1 63
1 31
1 35
2 75
1 27
1 69
1 10
2 2
1 24
1 16
2 76
2 87
2 25
1 39
2 55
1 44
1 12
1 45
2 28
1 65
1 68
1 77
2 25
1 20
1 98
1 56
2 90
1 63
2 95
1 89
1 83
1 95
1 58
1 25
1 64
1 28
2 27
1 31
2 25
1 75
1 46
1 32
2 59
2 79
2 28
1 23
1 68
2 37
1 4
1 97
2 2
1 12
1 17
2 10
1 19
2 86
2 59
1 70
1 57
1 5
1 44
1 4
1 80
1 58
1 38
1 97
2 8
1 40
2 12
1 4
1 48
1 68
1 70
1 85
2 36
2 56
1 62
2 48
2 93
2 87
1 15
1 2
1 69
1 44
2 75
1 46
1 95
2 86
2 14
1 79
1 24
1 30
1 35
1 1
1 25
2 3
1 45
1 15
2 48
1 33
1 61
2 73
1 68
2 69
2 45
2 2
2 46
1 52
1 99
1 100
1 25
1 63
2 18
1 41
2 4
2 13
1 48
2 73
1 39
1 71
2 10
1 12
1 77
1 82
1 68
1 28
1 60
1 54
1 46
2 77
2 80
2 15
1 55
2 3
1 48
1 76
1 7
1 30
2 1
1 27
1 62
1 42
1 7
2 24
1 82
2 78
2 75
2 15
1 36
2 43
1 22
1 20
2 97
1 25
1 55
1 8
1 7
1 82
2 60
1 15
1 16
1 13
1 77
1 54
1 38
2 94
1 18
1 60
1 47
1 10
2 10
1 51
1 36
1 71
1 11
1 19
1 62
1 84
2 73
1 24
1 24
1 96
1 97
2 80
2 9
1 71
1 16
1 13
1 95
1 71
2 6
1 64
1 12
1 84
2 24
1 41
1 53
1 66
1 19
2 17
1 16
2 26
1 84
2 98
1 54
1 48
1 61
1 96
1 57
2 20
1 99
2 86
1 74
1 36
1 84
1 33
2 54
1 95
1 58
1 57
2 35
1 47
1 38
2 35
2 10
2 50
1 67
1 16
1 40
1 61
1 96
2 69
1 49
1 40
1 81
2 59
1 69
2 80
2 45
1 98
1 27
1 94
2 37
2 55
1 79
2 22
1 32
1 79
1 8
1 97
2 82
2 5
1 65
2 45
2 44
1 82
2 79
2 81
1 84
2 91
1 46
1 40
2 56
1 18
2 55
2 81
2 63
1 33
1 28
1 25
2 15
1 3
2 34
2 88
1 27
1 11
2 80
2 11
2 63
2 100
2 97
1 25
2 18
1 41
2 32
1 51
1 9
2 95
2 8
1 80
2 14
2 94
1 55
2 69
2 72
2 33
2 50
2 37
2 26
1 78
1 91
1 71
1 22
2 10
1 23
2 33
1 36
1 31
1 68
2 49
1 25
1 65
1 29
1 34
2 19
1 34
2 98
1 50
2 65
1 45
1 72
2 87
1 89
1 5
1 51
1 86
1 65
2 73
1 63
1 59
2 12
2 71
2 78
2 6
1 53
1 16
1 47
2 32
1 65
1 42
1 5
2 18
2 31
1 17
2 61
2 87
2 88
1 87
2 53
2 81
2 50
1 9
2 21
2 56
1 52
2 9
1 60
1 22
2 34
2 4
2 29
2 7
1 95
1 73
2 50
1 55
2 9
1 58
1 81
1 24
2 56
1 78
1 86
1 13
1 97
1 49
2 86
2 31
2 80
1 78
1 31
1 32
2 23
2 40
1 21
1 52
2 91
2 82
2 14
2 51
2 51
1 60
1 18
1 48
2 70
1 99
1 58
1 80
1 12
1 46
1 46
1 39
1 7
2 56
1 23
2 64
2 20
2 99
2 97
1 22
2 43
1 87
2 93
1 47
1 100
1 5
1 2
1 54
2 56
1 96
2 15
2 59
1 49
2 17
1 15
1 43
2 35
2 1
2 91
2 24
2 16
2 85
2 87
2 23
1 86
1 50
2 28
1 69
1 27
1 30
2 22
2 88
2 42
1 31
1 36
2 55
1 39
1 37
2 82
1 94
2 32
1 89
2 92
1 27
2 34
1 43
1 21
2 89
1 72
1 34
2 72
1 84
2 37
2 40
1 27
1 93
1 48
2 96
1 38
1 66
1 79
1 54
1 63
2 73
2 41
2 4
1 4
1 25
1 45
1 68
1 29
2 55
1 59
1 40
2 38
1 82
1 68
1 62
1 6
2 54
2 34
2 74
1 70
1 63
1 53
1 1
1 42
1 54
1 15
1 56
2 29
1 40
2 83
1 11
2 83
1 81
1 81
1 15
1 68
2 90
1 83
2 88
1 12
1 51
2 3
1 81
2 83
1 20
2 10
1 6
1 68
2 65
2 55
1 62
2 23
1 81
1 78
1 31
1 61
1 93
1 32
1 49
2 19
1 32
1 1
1 68
2 13
2 3
1 1
2 16
2 32
1 90
1 3
2 67
2 71
1 76
1 68
2 99
2 17
1 20
2 50
1 83
1 2
1 70
2 4
2 88
2 57
1 70
2 56
1 76
1 92
1 87
1 8
1 11
1 39
1 85
1 12
1 61
1 1
1 9
1 36
2 21
1 16
1 50
1 62
1 70
2 35
1 74
1 9
1 37
1 51
2 65
1 20
1 47
2 14
2 64
2 22
1 36
1 18
1 59
2 26
1 90
1 13
1 25
1 18
2 76
1 53
1 40
1 70
2 83
1 47
1 76
1 42
1 72
1 83
1 13
1 26
2 52
1 40
1 14
1 77
1 8
2 90
2 94
1 84
1 94
1 38
1 56
1 39
2 83
1 19
1 27
2 50
2 95
2 53
1 29
2 66
2 31
2 10
1 8
1 74
2 39
1 93
1 88
1 45
1 49
1 65
1 41
2 45
2 62
1 61
2 59
2 34
2 10
1 67
2 95
2 81
2 55
2 51
1 1
1 20
2 4
1 99
2 99
2 5
1 85
1 42
1 98
1 35
1 9
1 47
2 58
2 49
1 3
1 27
1 67
1 26
2 93
1 17
2 78
1 26
2 96
1 26
1 97
2 24
1 75
1 52
1 34
1 77
2 59
2 16
1 39
1 62
2 59
2 6
2 72
2 16
1 89
2 73
1 59
1 31
1 37
1 95
1 48
1 21
1 83
2 98
2 91
1 72
1 64
1 20
1 56
2 93
2 55
2 91
2 92
1 59
2 10
1 89
1 87
1 28
1 55
2 56
1 48
1 100
1 66
2 57
1 45
1 35
2 92
1 100
1 75
2 29
2 54
1 3
1 87
1 75
1 2
1 21
2 20
2 68
1 82
2 81
1 19
1 90
1 26
1 5
2 4
1 36
1 78
1 76
2 91
1 17
2 70
1 7
1 25
1 79
1 39
1 57
1 47
1 59
1 100
2 95
1 80
1 44
1 91
2 74
2 18
1 3
1 67
2 66
2 69
2 65
2 21
1 58
1 83
1 85
1 56
1 16
1 39
2 42
1 53
1 79
1 4
1 40
1 72
2 20
1 49
1 56
1 15
2 25
1 4
1 50
2 21
1 72
1 70
2 60
1 56
2 74
1 70
1 85
1 78
1 23
1 21
2 60
1 78
1 58
1 11
2 79
2 38
1 79
1 90
1 9
1 47
1 46
1 76
1 37
1 7
2 1
2 77
2 24
1 10
2 90
1 5
2 66
1 25
1 78
1 19
1 21
1 5
1 38
1 52
2 90
1 47
1 59
2 58
1 47
2 96
2 21
1 27
1 91
2 75
2 67
2 91
1 78
1 74
1 100
2 47
2 39
2 67
1 50
2 13
1 9
2 47
1 34
1 32
1 53
1 96
2 15
2 62
1 84
1 10
2 10
2 18
1 42
1 64
2 27
2 31
1 39
2 62
2 16
2 71
2 51
2 30
2 86
1 1
2 36
1 4
2 43
2 63
1 85
1 43
1 60
2 24
2 61
1 99
1 63
1 69
2 24
1 51
1 88
1 59
2 85
2 78
2 51
1 7
2 38
1 50
1 36
2 85
1 8
1 94
2 74
1 19
2 35
1 36
2 100
1 95
1 81
2 78
2 22
1 48
2 1
1 73
2 3
1 15
1 54
1 66
1 99
1 48
2 14
1 60
2 31
1 35
1 45
1 71
2 79
1 26
1 98
1 86
2 81
1 9
2 53
1 57
2 90
1 80
1 89
2 67
1 64
2 56
2 85
1 64
1 93
1 43
1 73
2 32
2 66
2 62
1 53
1 58
2 86
1 46
2 74
2 1
1 88
1 92
1 51
1 38
2 12
1 98
1 49
1 90
1 17
2 5
2 15
1 12
1 93
1 55
2 75
1 92
1 57
1 93
1 35
2 70
2 22
1 55
1 20
2 32
1 84
2 33
2 31
2 11
2 32
2 68
1 7
1 98
1 33
1 87
1 45
1 50
1 88
1 10
1 25
1 90
2 70
1 20
2 63
2 71
2 86
1 67
2 75
1 83
2 62
1 16
2 80
1 30
1 17
2 28
1 10
1 60
1 89
1 73
1 7
1 61
1 38
1 29
1 55
1 76
2 93
2 98
2 84
2 75
2 42
1 85
1 24
2 54
1 17
2 19
2 32
2 78
1 54
1 70
1 86
1 42
2 83
2 83
1 35
2 50
1 67
1 10
1 83
1 47
2 87
2 96
2 100
2 76
1 51
1 79
2 33
1 14
2 35
2 84
1 74
2 56
1 63
1 20
1 99
1 5
1 63
1 47
2 81
2 39
2 93
2 47
1 28
2 90
1 22
2 59
2 11
1 24
1 57
2 95
2 85
1 16
2 9
2 27
2 39
1 62
2 30
2 59
2 74
1 75
1 31
2 1
2 62
1 86
1 82
1 15
2 57
2 27
1 29
1 19
1 59
1 58
1 32
1 71
1 56
1 94
2 41
1 63
2 1
1 38
1 97
2 94
2 72
1 15
1 54
2 38
2 2
2 27
1 63
2 86
1 11
1 55
1 84
1 43
1 92
1 35
2 29
1 71
1 48
1 7
1 7
1 44
2 25
1 39
2 27
1 28
2 1
2 23
1 83
2 14
1 30
1 43
1 28
1 84
1 63
1 17
1 76
2 40
1 95
1 49
2 88
1 44
2 40
1 65
1 72
1 2
2 83
1 35
1 39
1 53
1 4
1 60
1 90
2 2
1 32
2 41
1 53
2 38
1 100
1 13
1 9
1 24
1 25
2 9
1 14
1 20
1 59
1 64
1 90
2 90
2 98
1 27
1 67
1 2
2 95
1 7
2 92
1 17
1 60
1 97
2 88
1 91
1 62
1 54
1 71
2 31
1 94
1 10
1 99
1 63
1 77
1 26
2 90
1 98
1 21
2 32
2 85
1 80
2 64
2 64
1 39
1 41
1 72
2 62
1 57
2 78
2 93
2 41
1 89
1 62
1 18
1 69
1 34
1 98
1 19
2 10
1 98
2 22
1 94
1 20
1 7
1 17
1 96
2 29
1 74
2 61
2 98
2 95
1 19
2 93
1 39
1 47
1 1
2 13
1 15
2 27
1 87
1 8
2 63
2 88
2 76
2 64
1 35
1 56
1 61
1 79
1 25
1 83
2 75
2 70
1 87
1 8
2 93
2 69
1 91
1 80
1 84
1 9
1 80
1 19
1 34
2 26
2 100
2 38
2 13
2 23
1 95
1 66
1 28
1 41
1 12
1 81
1 52
1 19
1 29
1 50
1 16
1 86
1 42
2 28
2 58
2 9
2 31
1 40
1 66
1 52
1 32
1 44
1 22
1 46
1 87
1 31
2 99
1 37
2 82
2 34
1 66
2 19
1 36
1 91
1 51
1 23
1 47
1 77
1 84
1 43
2 68
1 73
1 3
2 6
1 22
2 8
2 71
1 31
2 48
1 37
2 88
2 8
2 1
1 98
1 12
2 2
1 69
1 94
1 16
2 99
2 93
1 97
1 59
2 4
1 41
2 36
1 56
1 92
1 20
2 39
2 16
1 42
2 15
1 74
2 10
1 24
2 22
1 53
1 45
2 45
2 50
1 73
1 40
1 100
2 77
1 34
2 75
1 18
1 20
1 57
1 71
2 50
1 40
1 72
2 86
1 56
1 25
2 55
2 16
2 64
1 80
2 76
1 98
1 56
1 26
1 71
2 4
1 87
2 67
1 49
1 59
1 73
1 79
1 34
1 27
1 77
1 88
1 54
1 15
1 37
2 4
1 82
2 3
1 54
2 44
2 61
1 66
2 59
1 18
2 27
2 58
1 7
2 49
1 46
1 86
1 13
1 79
2 48
1 80
1 23
1 83
2 72
2 25
1 59
1 40
1 43
2 10
2 11
2 56
2 15
2 89
1 59
1 81
2 54
1 87
1 18
1 49
1 97
1 31
1 54
2 34
1 76
1 90
1 39
1 84
1 68
1 90
1 68
1 44
2 45
1 17
2 88
1 3
1 77
1 52
2 97
1 62
1 50
1 9
2 67
1 5
2 86
1 60
2 46
1 67
1 97
2 21
1 80
1 100
1 46
1 8
1 2
2 38
1 40
1 16
1 98
2 9
1 62
1 61
2 46
2 53
1 100
2 73
1 20
2 82
1 13
1 75
1 4
1 73
1 62
2 9
1 81
1 82
1 15
1 36
2 12
2 66
1 14
1 64
2 54
1 86
1 99
1 40
1 74
1 11
1 50
2 72
2 85
1 98
2 6
1 78
1 85
1 94
2 71
2 12
1 78
1 71
2 70
1 53
1 47
1 18
1 14
1 88
1 65
1 33
1 14
2 74
1 22
2 35
1 99
1 32
2 92
1 11
1 86
1 48
1 45
1 17
1 2
2 91
1 45
2 50
1 22
2 59
1 38
1 63
1 31
1 45
1 95
1 95
2 48
1 22
1 49
1 84
2 56
1 75
2 30
1 66
1 60
2 26
1 37
2 54
1 68
1 78
2 43
1 85
1 19
1 68
1 50
1 47
2 26
1 60
1 24
1 27
1 40
1 19
1 43
2 92
1 73
1 7
1 39
1 14
1 3
2 26
2 1
2 86
1 30
1 83
1 89
1 52
1 21
2 27
1 76
2 50
1 83
2 33
1 48
1 10
2 68
2 64
2 96
2 96
2 53
1 15
1 79
1 14
2 16
1 67
1 56
2 63
2 77
1 100
1 2
1 84
1 78
1 89
1 82
2 60
1 29
1 25
1 87
1 37
1 64
2 9
2 65
1 49
2 56
2 52
1 55
2 98
1 90
1 81
2 18
1 75
1 53
2 74
2 4
2 92
1 44
1 93
1 15
1 69
2 51
1 79
1 93
1 25
2 62
1 70
2 81
1 82
1 17
1 25
2 19
1 29
1 90
2 95
1 33
2 89
1 99
1 75
2 98
2 95
1 9
2 65
1 22
2 65
1 27
2 87
2 67
2 34
1 82
2 44
1 11
2 12
2 53
1 3
2 54
1 56
1 91
1 10
1 18
1 24
1 62
1 66
2 61
1 84
1 10
1 64
1 23
2 93
2 73
2 60
1 51
2 34
1 94
1 4
1 25
2 51
2 21
2 18
1 24
1 24
1 78
2 94
2 41
1 3
2 49
1 97
1 71
1 39
1 47
2 78
1 63
1 76
1 88
1 65
2 15
2 70
1 73
2 4
1 94
1 29
2 16
1 18
2 35
2 96
1 59
1 25
1 31
1 32
2 68
1 87
1 89
1 16
1 86
1 68
1 28
2 29
1 14
1 86
2 56
2 8
1 3
2 58
1 78
1 90
2 57
1 47
2 15
1 74
2 15
2 58
1 90
2 69
2 71
1 14
2 79
2 1
2 33
2 13
1 51
2 34
1 7
2 69
2 44
2 24
1 87
1 43
1 96
1 100
2 94
1 67
1 77
1 45
1 20
1 7
1 5
1 47
2 38
2 89
2 50
1 87
2 1
2 14
1 13
2 42
1 36
1 47
1 83
2 85
2 90
2 93
1 54
1 25
2 68
1 70
2 83
2 100
2 46
1 45
1 30
1 64
1 36
1 53
1 57
1 26
2 10
1 38
1 44
1 49
2 5
1 3
1 98
1 5
2 53
2 58
1 1
2 25
2 49
2 13
2 35
1 58
1 88
1 27
2 98
1 89
1 91
2 54
1 61
1 28
1 66
1 60
1 95
2 1
1 15
2 76
1 24
2 2
2 30
1 59
1 32
2 30
2 13
2 99
2 78
1 13
2 82
2 3
2 4
1 33
1 67
1 43
2 29
1 89
1 47
1 72
1 74
1 42
1 72
2 92
1 35
1 53
1 19
2 50
1 100
1 95
2 35
2 74
1 37
2 82
1 15
2 30
2 53
2 96
2 34
2 14
1 67
1 44
2 11
1 75
2 95
2 1
1 2
1 53
2 70
2 65
2 41
2 19
2 78
1 79
2 82
2 64
1 54
1 21
2 32
1 55
1 86
1 27
1 88
1 82
1 71
2 39
2 48
2 29
1 9
1 23
1 36
1 28
1 52
2 78
1 29
2 6
2 36
2 59
1 97
2 56
1 48
2 28
2 17
1 73
2 14
1 53
2 86
2 11
1 34
1 48
1 28
1 80
2 69
1 14
2 99
2 41
1 89
1 17
1 5
2 75
2 11
1 49
1 39
2 83
1 65
1 90
2 55
1 55
2 72
1 38
1 67
1 87
1 93
1 87
2 57
1 85
1 11
2 81
1 81
1 6
1 59
1 59
1 17
1 15
2 13
1 20
1 12
1 65
2 26
1 32
1 79
2 17
2 30
2 68
1 97
1 96
2 84
1 19
1 72
1 86
1 89
1 18
2 8
2 40
1 5
1 14
1 21
1 100
1 88
1 73
1 62
1 81
2 61
1 39
1 5
1 39
1 72
2 100
2 12
2 42
1 28
1 28
1 15
2 22
2 16
2 17
2 24
2 34
1 7
2 76
1 48
1 93
1 98
1 79
1 3
1 20
2 56
2 49
1 9
2 78
1 18
1 31
2 14
1 23
1 52
2 68
2 72
1 50
2 40
1 44
1 9
2 6
2 80
2 96
1 79
1 94
2 52
2 14
1 35
1 5
2 47
1 1
1 84
1 15
2 93
2 27
2 81
2 33
1 13
1 22
1 77
1 25
1 99
2 37
1 9
2 84
2 29
2 37
1 3
1 76
2 71
1 7
1 48
1 46
2 30
1 41
1 86
1 93
2 16
1 26
1 30
1 98
1 13
1 95
1 4
1 84
2 91
1 84
2 19
2 76
2 89
1 85
1 64
1 27
1 75
2 81
1 8
2 97
2 90
1 89
2 60
2 34
1 48
2 57
1 91
2 60
1 42
1 80
2 78
2 93
1 80
1 69
1 27
2 53
1 54
2 61
2 90
1 93
2 38
2 84
1 13
1 19
1 18
2 93
2 48
1 78
2 21
2 80
1 14
1 90
2 62
1 31
1 39
2 91
2 52
1 47
1 23
1 28
1 6
1 87
2 39
1 61
1 96
2 6
2 65
1 67
2 34
1 73
2 20
1 65
2 75
2 55
2 76
1 35
2 41
2 35
1 54
2 78
2 50
2 21
1 50
2 80
1 39
1 60
2 56
1 45
1 4
1 41
2 59
2 47
1 93
2 3
2 63
1 99
2 41
2 86
1 60
1 85
1 60
2 58
2 68
1 3
1 60
2 27
1 4
2 62
1 4
1 90
2 58
2 68
2 92
1 50
2 71
1 94
1 1
1 27
1 77
1 27
1 40
1 90
1 33
1 94
1 4
2 6
1 59
2 54
1 33
1 92
2 38
2 1
1 78
1 77
2 43
2 99
1 33
2 98
1 88
1 2
1 74
2 29
1 17
1 92
1 27
1 69
1 24
1 67
1 48
2 60
2 41
1 66
2 80
1 12
1 16
1 32
2 5
1 3
2 99
1 51
1 88
2 66
2 59
2 86
2 62
1 48
1 84
1 7
2 30
1 1
1 15
1 22
1 24
1 42
2 2
1 51
2 29
2 30
1 50
1 98
1 97
1 27
1 9
1 53
2 8
1 9
1 73
1 9
1 51
2 5
2 8
1 90
2 7
1 55
1 5
2 47
2 67
1 98
1 69
1 17
2 42
1 45
1 47
2 55
2 77
1 38
1 84
1 10
2 57
2 40
2 76
2 15
1 11
1 60
2 85
2 32
2 52
2 41
1 32
1 89
1 91
1 31
2 86
2 48
2 38
1 67
2 71
1 45
2 52
2 45
2 12
1 38
2 22
1 57
2 23
2 83
2 76
1 24
2 84
1 52
1 1
1 90
1 39
1 16
2 70
2 31
1 92
1 30
1 12
1 83
1 1
2 19
1 47
2 54
1 80
2 8
2 2
1 73
2 74
2 74
1 12
1 10
2 40
2 79
2 4
2 8
2 17
1 95
1 88
1 36
2 74
1 5
1 31
2 20
2 78
2 72
1 52
2 19
1 28
1 29
2 18
2 58
1 69
1 35
1 26
2 69
1 68
1 50
1 49
1 75
1 54
1 23
2 56
1 19
2 31
2 48
1 7
2 51
1 80
2 42
1 96
1 59
2 81
1 78
2 23
2 40
2 94
1 57
2 50
1 60
1 76
2 77
2 36
1 39
2 3
1 19
1 16
1 87
1 89
1 40
1 91
1 60
1 34
2 69
2 85
1 11
2 43
2 21
1 79
1 41
1 22
2 20
2 74
1 1
1 97
2 26
2 88
2 76
1 37
2 58
1 69
1 66
1 61
1 95
1 89
1 50
2 43
1 32
1 72
1 14
2 37
1 70
1 49
2 99
2 65
1 79
2 81
1 78
1 8
1 48
2 46
1 59
1 13
2 18
2 82
2 14
1 20
2 95
1 14
1 49
1 30
2 94
1 13
2 36
2 38
2 42
1 30
2 50
2 37
2 81
2 23
1 81
1 73
2 55
2 94
1 38
2 13
1 7
2 47
1 5
2 42
1 68
2 45
2 83
1 87
1 4
1 94
2 52
1 87
1 42
1 86
2 62
1 75
2 15
1 93
1 72
2 84
2 59
1 70
1 19
1 6
1 48
2 89
1 85
1 89
1 52
1 7
1 90
1 89
1 47
1 9
2 29
1 21
2 59
1 52
2 51
2 15
1 23
1 80
2 77
1 50
2 59
2 82
1 45
1 54
1 14
1 35
1 5
1 22
1 56
1 78
1 21
2 54
2 75
2 27
1 45
1 59
1 28
1 46
2 89
2 84
1 73
1 51
2 11
1 93
2 45
2 68
1 84
2 42
1 95
1 43
2 53
2 48
1 22
2 44
1 24
2 37
1 69
1 46
1 63
1 49
1 49
1 81
2 40
1 88
2 47
2 55
2 93
1 46
1 12
2 75
1 1
1 6
2 56
2 12
2 48
2 47
2 91
2 78
2 79
1 31
1 37
2 13
1 72
1 66
1 39
1 63
2 60
2 71
1 16
2 63
1 6
1 43
1 4
1 24
1 54
1 39
2 64
1 34
1 39
2 25
2 12
1 93
1 10
1 10
1 55
1 69
1 16
1 34
2 82
1 74
1 4
2 85
1 42
1 96
1 29
2 9
1 16
2 72
1 26
1 79
1 31
2 78
1 27
1 12
1 70
2 9
2 40
1 44
1 83
1 86
1 69
2 75
1 95
1 97
2 18
2 49
1 41
2 55
1 32
2 47
2 52
1 71
2 92
1 70
1 27
1 52
1 27
1 11
2 45
2 67
1 90
1 5
1 29
1 2
2 26
2 97
1 90
2 62
1 89
1 80
2 20
2 32
1 99
2 1
2 28
1 98
1 94
2 56
1 57
1 1
1 10
2 79
1 34
1 34
1 93
1 87
1 62
2 13
1 86
1 18
2 10
1 66
2 18
1 13
2 45
2 52
2 4
1 37
1 45
1 4
2 50
2 11
2 46
2 57
2 71
2 100
2 35
1 38
2 40
2 71
2 69
1 95
1 30
1 54
2 95
1 3
1 18
2 25
1 47
2 52
2 97
1 10
1 9
2 28
2 69
1 15
1 4
1 95
1 60
2 56
1 5
1 25
2 49
2 55
1 67
2 28
2 86
2 43
2 56
1 63
1 55
1 36
1 57
2 91
2 82
1 49
1 17
2 52
2 24
1 15
2 95
2 1
1 1
2 56
2 69
1 31
2 28
1 26
2 97
1 23
2 78
1 92
1 26
2 77
1 48
2 69
1 94
1 47
1 59
1 52
2 47
2 7
1 11
2 36
2 92
2 19
1 68
1 9
2 37
1 87
2 19
1 15
2 23
1 89
1 12
2 70
1 7
1 73
2 94
1 17
1 7
1 43
1 37
1 62
1 82
1 5
2 72
1 87
1 7
1 84
1 6
1 61
1 63
1 64
1 82
1 88
2 13
1 28
1 56
2 81
1 46
1 62
2 25
1 39
1 60
1 12
2 40
2 1
2 80
1 44
1 46
1 99
2 91
2 88
1 48
1 62
2 7
1 85
2 81
1 53
2 11
2 6
2 56
2 26
1 99
2 32
2 22
1 42
1 34
2 87
1 74
1 63
1 46
1 91
1 72
1 81
2 32
1 53
1 24
1 63
2 31
1 31
2 7
1 56
1 71
2 63
2 85
1 96
1 93
1 80
1 40
2 99
2 53
2 71
1 6
1 63
1 78
2 72
1 52
2 67
2 28
2 50
1 63
1 89
1 42
2 76
2 10
2 69
2 58
2 38
2 73
1 23
1 37
2 85
2 75
1 21
1 57
2 24
2 92
2 82
1 13
2 9
1 71
2 90
1 48
2 15
2 67
1 2
2 56
1 6
1 66
1 10
1 89
1 5
1 59
1 45
1 34
2 15
2 54
2 48
1 23
1 94
2 73
1 26
1 8
2 9
2 83
2 94
2 83
2 73
1 81
1 1
2 73
1 73
2 44
1 99
2 6
1 28
1 95
1 16
1 48
2 88
1 37
1 85
1 83
1 68
1 52
2 60
2 39
1 30
1 33
2 77
1 96
1 41
1 77
1 4
2 99
2 31
2 89
1 1
2 26
1 62
2 79
1 90
1 60
1 32
1 20
1 12
1 35
2 56
1 15
1 44
1 64
1 90
2 1
1 27
2 58
2 77
2 64
1 27
1 26
2 43
1 90
1 52
2 98
1 66
2 5
2 41
1 69
2 47
2 21
2 38
1 30
2 47
1 81
2 55
2 19
1 100
2 62
1 95
1 15
1 84
1 46
2 99
2 27
2 67
2 92
2 86
1 94
2 52
1 19
2 69
2 6
1 75
2 45
1 21
1 21
1 18
1 47
1 36
2 16
2 100
1 25
2 54
1 61
1 29
1 25
1 46
2 61
1 33
2 85
1 67
1 46
1 21
2 58
1 45
2 22
1 42
2 8
2 17
1 97
1 20
1 52
1 72
2 29
1 71
1 55
2 95
2 71
1 86
2 95
1 12
2 61
1 100
2 88
2 84
1 82
2 47
2 29
1 53
1 22
1 85
1 84
1 98
1 87
1 7
2 22
2 34
2 18
2 74
2 1
1 70
1 77
1 18
1 20
1 60
1 42
1 8
1 19
1 17
2 68
2 79
1 53
1 43
1 71
1 19
1 18
2 87
1 44
2 62
1 93
2 55
2 97
1 79
2 9
2 73
2 63
2 93
1 8
1 89
1 39
1 97
2 65
1 86
2 25
1 76
1 68
2 78
1 49
2 41
1 67
2 89
1 78
2 91
2 37
1 14
1 66
2 88
1 57
1 20
2 46
1 72
2 93
2 89
1 98
2 74
1 62
1 92
2 34
2 70
1 38
2 50
1 60
2 84
2 72
2 19
2 21
2 15
2 39
1 5
2 17
1 16
1 49
2 48
2 16
2 77
1 72
2 60
1 91
1 57
1 58
1 46
1 99
2 54
1 60
1 68
2 67
1 9
1 48
1 43
1 68
2 37
2 6
1 56
1 41
2 63
2 80
2 88
1 6
2 6
2 71
1 59
2 52
1 78
2 34
1 13
1 94
1 56
2 91
1 96
2 22
2 87
1 11
1 71
2 54
1 73
2 85
2 38
1 100
1 40
2 68
2 79
1 96
1 22
1 98
1 94
1 27
1 99
2 27
2 13
1 41
2 34
2 74
1 3
1 90
1 61
2 56
2 37
2 7
2 66
2 31
1 29
1 21
1 51
1 82
1 25
1 43
1 99
2 12
1 11
1 96
1 96
2 16
1 76
2 23
1 80
2 17
1 84
1 6
2 6
2 90
1 29
2 75
1 7
2 1
1 12
2 82
1 38
1 65
1 21
1 70
2 66
2 10
1 43
1 36
2 28
1 28
1 64
2 98
1 45
1 35
2 15
1 33
1 7
1 48
2 28
2 82
2 62
2 23
2 43
100 204 268 241 277 546 380 114 185 649 100 683 450 112 387 743 528 360 75 221 670 268 605 101 237 159 203 82 409 391 700 40 723 87 219 253 528 372 96 188 196 232 310 103 86 529 667 514 235 669 419 272 540 557 325 325 697 113 283 628 97 718 198 527 60 319 262 147 120 176 623 265 447 577 571 689 134 466 211 590 197 569 684 500 246 555 387 101 258 30 297 218 77 563 385 201 128 72 318 518
204 42 465 61 535 689 516 140 356 822 240 778 620 130 570 861 645 578 153 425 839 442 782 178 92 95 333 258 562 539 926 240 938 249 85 345 648 635 230 392 32 332 452 227 258 653 806 684 104 920 654 440 758 745 432 477 855 267 418 773 100 848 148 641 140 537 450 330 294 156 783 394 641 764 705 902 316 655 455 760 99 732 891 718 35 692 524 158 130 236 488 399 230 748 594 325 98 152 456 685
268 465 105 489 114 384 134 291 113 382 231 409 277 288 186 518 297 159 284 47 513 127 407 350 457 427 53 237 143 118 488 281 542 200 430 73 329 185 213 189 428 101 53 326 241 233 445 234 413 547 243 37 340 333 134 159 499 193 104 391 315 469 338 298 308 101 62 141 213 403 447 92 223 390 265 455 236 269 131 289 447 394 498 324 463 307 167 379 440 287 156 140 237 382 204 145 402 268 96 308
241 61 489 50 472 800 604 212 333 775 237 829 585 205 520 888 683 564 175 412 862 430 816 146 78 93 350 284 523 538 926 295 961 352 108 398 693 622 275 405 82 416 486 243 271 683 823 640 54 903 679 417 707 723 443 521 918 341 452 742 117 890 118 651 194 522 448 352 293 168 879 438 590 813 679 835 250 579 440 693 115 738 874 623 72 707 549 115 118 262 547 379 286 830 599 306 99 178 506 694
277 535 114 472 6 290 149 323 179 398 325 417 214 372 101 418 237 131 347 125 406 176 319 350 513 463 146 253 96 60 451 340 454 200 484 198 307 157 288 148 441 198 61 341 237 185 367 215 460 424 210 29 270 325 46 43 397 279 74 291 375 487 460 271 321 39 72 129 256 426 341 109 196 374 226 474 266 208 138 239 504 340 432 196 531 264 146 427 521 260 81 183 276 312 168 172 398 382 14 204
546 689 384 800 290 83 199 567 506 108 569 73 214 684 209 155 95 269 654 371 132 393 83 635 747 738 366 486 223 255 262 568 251 484 814 437 64 255 552 420 726 380 272 622 531 160 139 152 707 251 172 374 96 105 312 227 154 434 350 21 594 215 707 96 581 324 333 387 525 705 143 305 154 109 100 117 509 227 335 58 700 75 113 102 704 62 200 617 780 572 256 493 551 39 158 482 680 618 267 123
380 516 134 604 149 199 13 400 298 262 395 263 95 456 50 381 146 71 436 219 311 246 320 455 531 553 247 334 102 101 391 386 443 298 628 187 253 40 342 265 555 300 188 448 282 171 360 125 489 416 176 106 207 300 84 100 381 309 149 256 428 358 534 136 465 78 147 271 256 448 351 126 80 289 206 318 399 110 259 166 566 206 380 138 520 223 88 492 593 356 159 226 328 324 101 252 532 434 107 177
114 140 291 212 323 567 400 99 182 658 28 673 499 142 373 683 557 395 91 272 720 207 650 76 215 174 276 185 447 410 746 109 741 190 181 264 530 505 138 197 179 202 364 38 128 509 707 474 136 769 522 313 633 577 344 386 707 162 345 617 124 775 173 465 57 414 303 270 189 133 703 264 442 616 604 749 123 476 233 614 177 572 730 489 215 598 486 163 255 117 402 245 92 669 486 240 174 32 319 564
185 356 113 333 179 506 298 182 103 559 216 525 334 235 278 620 368 224 187 159 516 89 490 193 356 266 108 96 298 236 660 102 652 96 352 144 393 347 136 100 321 56 201 176 103 412 511 376 338 572 333 157 468 486 144 237 557 41 152 452 281 633 270 421 188 205 94 125 102 296 573 128 350 568 360 583 90 326 87 446 314 457 620 378 285 413 316 238 379 112 172 58 63 448 273 19 322 193 172 399
649 822 382 775 398 108 262 658 559 34 590 79 243 741 253 149 128 265 728 409 120 403 29 645 773 688 496 536 325 252 201 584 169 602 865 470 154 290 644 546 756 509 352 617 576 173 56 199 742 101 259 363 170 124 360 332 156 564 344 150 662 206 761 216 691 337 480 477 571 699 38 420 214 80 122 170 602 230 410 109 819 41 95 185 780 86 263 670 844 635 317 545 604 74 199 565 798 670 328 197
100 240 231 237 325 569 395 28 216 590 90 701 426 156 385 651 501 318 142 225 691 189 590 112 252 201 270 80 436 403 748 61 786 173 192 233 509 438 28 210 150 152 291 57 125 548 650 417 227 701 449 313 605 569 292 355 739 154 287 592 163 737 104 453 80 384 245 216 181 136 669 314 457 606 478 645 73 442 221 571 162 624 676 515 174 573 391 90 288 59 373 238 166 593 409 109 199 71 337 499
683 778 409 829 417 73 263 673 525 79 701 2 280 671 294 68 169 372 741 468 47 434 105 746 787 782 494 630 348 308 139 632 198 629 858 458 116 250 656 473 766 454 418 642 619 154 48 199 814 110 183 355 128 49 397 371 110 574 455 92 763 183 722 183 656 381 411 498 537 761 96 390 312 63 185 146 657 273 407 166 769 80 121 173 847 147 276 728 840 568 320 496 630 139 285 486 759 717 388 220
450 620 277 585 214 214 95 499 334 243 426 280 50 507 140 324 85 115 551 276 217 331 190 507 691 573 328 428 88 161 341 466 363 421 622 302 120 72 480 301 621 309 214 427 365 36 272 79 572 370 65 214 170 169 179 181 298 395 236 175 553 279 596 76 509 125 274 294 338 591 204 274 96 251 142 298 454 108 278 106 568 149 275 57 619 185 100 531 607 403 129 327 432 231 81 389 528 440 181 59
112 130 288 205 372 684 456 142 235 741 156 671 507 57 474 775 564 414 110 313 729 313 689 70 184 78 331 165 504 446 847 147 812 246 197 239 660 446 118 218 107 219 348 140 242 517 741 486 106 754 597 372 585 650 415 469 737 204 345 648 49 806 36 506 137 389 346 322 190 95 759 389 487 665 612 803 149 508 369 614 149 694 762 574 87 621 514 62 131 141 468 238 198 718 455 201 152 57 384 634
387 570 186 520 101 209 50 373 278 253 385 294 140 474 95 396 241 34 399 139 328 213 299 465 561 483 172 341 41 81 381 340 360 309 615 206 154 74 419 270 561 256 161 344 265 141 331 138 506 420 132 199 280 236 73 83 430 259 195 212 445 450 452 168 415 136 185 233 337 463 366 172 91 269 215 327 288 122 189 261 510 213 300 187 489 279 42 445 551 412 89 223 273 226 70 296 537 402 127 214
743 861 518 888 418 155 381 683 620 149 651 68 324 775 396 101 187 394 750 526 67 469 178 733 923 801 570 702 338 388 92 691 61 648 946 557 228 383 729 612 800 551 483 690 639 262 119 311 782 68 288 426 193 131 428 454 25 563 517 217 745 123 780 254 793 424 485 583 590 745 154 496 321 79 172 63 653 349 540 166 827 150 59 267 894 199 329 772 869 705 432 583 634 165 366 622 810 684 447 253
528 645 297 683 237 95 146 557 368 128 501 169 85 564 241 187 37 171 516 285 234 289 204 527 740 644 313 494 146 227 289 445 244 448 687 312 34 174 450 409 693 345 320 501 481 123 198 89 697 307 73 236 102 147 301 172 254 419 267 63 559 232 668 90 545 241 374 421 383 593 213 264 140 128 101 201 465 99 331 84 620 174 266 123 725 139 217 643 679 504 184 426 470 146 188 429 644 573 206 85
360 578 159 564 131 269 71 395 224 265 318 372 115 414 34 394 171 43 387 151 330 145 252 373 536 461 202 315 88 52 457 315 414 281 594 209 180 90 404 255 466 206 79 340 268 219 367 174 550 365 158 125 289 267 76 35 436 293 178 229 481 458 473 171 435 16 131 227 271 454 368 140 123 326 260 358 311 97 189 199 519 238 363 212 549 305 77 454 568 393 102 282 350 303 110 253 465 385 62 224
75 153 284 175 347 654 436 91 187 728 142 741 551 110 399 750 516 387 85 320 708 255 699 96 188 103 257 115 410 394 778 117 754 204 213 233 566 415 86 175 159 228 324 139 228 577 752 514 96 746 557 294 598 683 319 396 767 232 383 644 44 743 127 556 90 416 290 249 184 113 737 343 452 732 522 780 98 448 319 543 157 626 779 551 184 624 487 68 212 131 346 211 194 702 507 159 146 69 370 561
221 425 47 412 125 371 219 272 159 409 225 468 276 313 139 526 285 151 320 5 422 92 467 293 449 396 91 173 210 157 523 249 567 163 438 104 336 204 287 132 422 127 145 260 190 281 408 266 434 524 322 135 354 393 92 162 527 201 103 338 350 539 377 265 304 180 61 141 143 323 400 74 221 394 316 474 251 205 68 291 446 409 460 258 450 310 206 296 424 246 173 177 170 447 214 164 346 231 113 252
670 839 513 862 406 132 311 720 516 120 691 47 217 729 328 67 234 330 708 422 43 525 64 752 894 808 470 666 369 303 78 640 169 600 870 492 169 348 690 520 841 492 442 695 545 191 85 208 818 113 274 379 184 133 377 350 99 619 422 98 738 89 818 236 748 406 502 516 602 721 45 399 242 108 186 103 649 321 452 222 841 116 96 200 850 144 306 767 859 692 362 531 623 70 341 580 742 671 412 167
268 442 127 430 176 393 246 207 89 403 189 434 331 313 213 469 289 145 255 92 525 83 397 259 465 339 52 139 195 226 534 248 518 159 466 18 399 236 210 144 355 128 114 297 125 313 452 291 320 543 316 106 331 442 183 220 511 100 68 397 348 581 306 313 280 189 127 133 184 284 491 127 213 482 381 538 155 281 37 388 387 422 481 328 379 370 277 275 448 210 184 122 206 428 232 173 343 300 193 300
605 782 407 816 319 83 320 650 490 29 590 105 190 689 299 178 204 252 699 467 64 397 100 683 847 714 467 572 270 343 203 605 212 579 851 411 136 200 554 486 761 520 360 651 526 176 115 234 751 121 160 392 70 66 405 357 154 507 427 99 633 196 735 180 675 280 416 469 541 726 58 357 285 48 188 78 576 250 378 172 785 94 149 211 829 67 281 696 872 576 324 491 533 70 297 497 730 614 341 133
101 178 350 146 350 635 455 76 193 645 112 746 507 70 465 733 527 373 96 293 752 259 683 5 147 108 232 159 451 418 799 100 804 231 148 239 552 520 84 256 185 288 308 64 147 579 745 478 94 751 539 327 593 662 345 401 750 184 308 673 72 756 84 510 50 424 262 291 200 98 733 305 550 705 562 749 201 548 273 583 143 660 758 541 132 587 471 130 177 106 362 261 148 640 524 164 152 102 352 604
237 92 457 78 513 747 531 215 356 773 252 787 691 184 561 923 740 536 188 449 894 465 847 147 45 111 402 260 552 569 961 300 967 341 31 364 724 619 245 313 149 417 458 246 346 701 829 653 63 903 645 431 741 796 547 579 859 360 456 790 148 913 104 711 199 508 484 414 298 125 855 444 667 829 732 852 304 586 471 770 96 785 836 732 57 729 632 154 44 220 515 377 282 810 647 336 82 188 529 686
159 95 427 93 463 738 553 174 266 688 201 782 573 78 483 801 644 461 103 396 808 339 714 108 111 84 357 178 534 477 808 150 819 183 152 327 634 507 230 309 85 352 446 159 277 604 816 556 55 852 622 372 690 714 474 413 784 241 424 708 49 833 45 607 158 498 344 316 277 119 779 336 577 732 602 780 230 579 324 696 75 669 808 641 108 714 567 123 90 161 487 245 202 691 595 217 90 92 445 632
203 333 53 350 146 366 247 276 108 496 270 494 328 331 172 570 313 202 257 91 470 52 467 232 402 357 48 193 284 223 558 191 564 153 463 62 391 260 226 87 368 121 108 216 135 280 442 327 328 514 273 97 389 390 168 136 489 150 107 365 321 538 369 364 305 214 81 65 121 316 515 71 261 445 402 519 221 238 33 411 344 430 504 314 387 382 197 339 415 179 181 64 134 403 279 130 384 263 165 360
82 258 237 284 253 486 334 185 96 536 80 630 428 165 341 702 494 315 115 173 666 139 572 159 260 178 193 80 331 341 708 60 674 126 265 185 487 405 94 154 243 113 297 64 38 421 572 425 247 643 463 204 522 594 230 343 692 140 213 518 208 695 262 456 178 357 158 156 132 160 618 244 438 535 503 686 97 428 176 514 256 571 586 497 228 462 327 225 285 35 245 100 27 609 409 74 195 171 311 421
409 562 143 523 96 223 102 447 298 325 436 348 88 504 41 338 146 88 410 210 369 195 270 451 552 534 284 331 13 75 363 367 380 280 562 262 160 44 396 313 545 303 178 434 359 180 284 171 568 396 171 161 196 222 156 67 393 286 200 283 464 422 555 131 456 135 185 296 295 544 293 161 78 275 213 299 375 126 180 216 497 248 324 110 574 260 49 520 642 385 147 296 348 245 37 337 507 450 117 195
391 539 118 538 60 255 101 410 236 252 403 308 161 446 81 388 227 52 394 157 303 226 343 418 569 477 223 341 75 67 370 308 478 278 565 197 215 124 377 217 557 272 90 396 270 197 363 117 466 428 118 148 182 300 161 98 388 279 117 237 413 442 470 215 382 112 132 202 261 473 308 133 121 278 230 368 302 134 207 274 479 223 309 170 508 247 73 511 543 309 74 234 326 268 102 272 543 437 51 241
700 926 488 926 451 262 391 746 660 201 748 139 341 847 381 92 289 457 778 523 78 534 203 799 961 808 558 708 363 370 7 745 66 697 889 616 263 345 753 594 859 569 429 702 596 282 109 281 879 72 253 451 190 196 452 382 120 668 549 252 797 103 805 257 806 400 497 569 624 869 148 541 307 99 307 62 660 377 561 239 866 138 142 283 927 214 369 849 937 725 388 577 634 194 375 641 816 772 496 236
40 240 281 295 340 568 386 109 102 584 61 632 466 147 340 691 445 315 117 249 640 248 605 100 300 150 191 60 367 308 745 51 679 78 321 187 497 377 98 142 251 186 279 105 82 514 587 386 240 707 402 217 493 535 324 272 727 54 207 564 135 681 182 417 145 319 178 158 68 167 676 262 447 627 514 623 77 432 163 481 202 583 638 500 270 489 383 206 249 116 326 136 47 596 437 115 154 56 289 526
723 938 542 961 454 251 443 741 652 169 786 198 363 812 360 61 244 414 754 567 169 518 212 804 967 819 564 674 380 478 66 679 74 729 966 593 235 413 722 663 882 636 471 808 674 328 123 316 843 62 339 513 294 207 438 501 135 690 544 254 820 107 834 363 811 420 524 617 640 881 104 485 410 213 276 139 654 401 572 226 840 163 114 270 931 252 430 864 900 760 416 606 698 239 384 645 903 716 510 305
87 249 200 352 200 484 298 190 96 602 173 629 421 246 309 648 448 281 204 163 600 159 579 231 341 183 153 126 280 278 697 78 729 43 282 104 499 400 101 61 235 145 212 113 25 444 631 424 248 691 431 259 481 541 284 228 651 42 178 521 147 638 249 422 140 270 169 92 95 191 615 257 404 528 479 670 104 361 128 505 291 489 568 433 270 466 357 198 371 148 275 105 19 569 346 89 278 105 250 446
219 85 430 108 484 814 628 181 352 865 192 858 622 197 615 946 687 594 213 438 870 466 851 148 31 152 463 265 562 565 889 321 966 282 34 456 727 562 296 329 78 429 536 287 378 682 855 703 85 861 661 526 741 749 523 488 856 322 528 755 162 902 170 686 189 579 477 444 360 144 809 485 608 816 697 930 246 631 400 685 152 810 821 732 48 772 606 114 75 222 519 391 345 807 568 306 160 192 546 748
253 345 73 398 198 437 187 264 144 470 233 458 302 239 206 557 312 209 233 104 492 18 411 239 364 327 62 185 262 197 616 187 593 104 456 10 393 207 159 108 306 95 94 180 118 292 513 326 315 512 263 138 389 407 117 151 557 91 98 463 329 537 269 301 295 191 38 35 141 360 546 138 333 525 340 514 163 330 106 351 398 415 529 315 362 440 243 281 411 237 178 122 141 499 285 87 284 286 199 396
528 648 329 693 307 64 253 530 393 154 509 116 120 660 154 228 34 180 566 336 169 399 136 552 724 634 391 487 160 215 263 497 235 499 727 393 50 202 478 404 653 369 239 585 500 61 133 124 652 250 94 249 52 83 297 256 202 457 332 112 638 248 623 143 571 248 294 380 450 682 198 313 181 148 17 192 544 182 363 95 674 58 171 48 738 33 173 597 701 524 300 436 498 163 184 460 632 505 212 89
372 635 185 622 157 255 40 505 347 290 438 250 72 446 74 383 174 90 415 204 348 236 200 520 619 507 260 405 44 124 345 377 413 400 562 207 202 91 429 296 504 240 216 470 369 172 269 127 499 382 107 174 187 284 124 131 305 323 193 267 434 389 471 109 504 149 261 279 365 562 266 147 48 220 139 367 429 83 194 232 609 213 338 129 523 208 51 532 583 365 123 313 340 189 115 349 539 445 162 93
96 230 213 275 288 552 342 138 136 644 28 656 480 118 419 729 450 404 86 287 690 210 554 84 245 230 226 94 396 377 753 98 722 101 296 159 478 429 84 159 249 229 323 87 129 458 686 489 160 748 441 233 547 584 339 292 747 129 293 596 168 740 149 449 98 352 241 237 137 183 626 257 476 607 484 714 105 382 245 488 238 627 632 472 277 584 385 124 268 41 340 154 124 598 451 90 168 92 325 506
188 392 189 405 148 420 265 197 100 546 210 473 301 218 270 612 409 255 175 132 520 144 486 256 313 309 87 154 313 217 594 142 663 61 329 108 404 296 159 33 303 39 156 243 152 401 558 295 260 586 354 157 395 529 179 243 586 50 203 488 245 634 263 326 165 221 178 102 110 259 547 200 318 550 379 596 143 341 164 388 369 471 505 379 348 450 254 229 363 141 176 46 103 509 260 71 325 162 212 376
196 32 428 82 441 726 555 179 321 756 150 766 621 107 561 800 693 466 159 422 841 355 761 185 149 85 368 243 545 557 859 251 882 235 78 306 653 504 249 303 104 283 439 204 275 607 821 573 107 814 655 468 729 727 470 524 802 328 391 671 126 834 102 665 165 529 339 392 253 130 814 413 611 789 649 872 253 616 365 637 79 754 777 624 72 704 530 110 151 223 442 281 299 707 612 268 55 216 460 626
232 332 101 416 198 380 300 202 56 509 152 454 309 219 256 551 345 206 228 127 492 128 520 288 417 352 121 113 303 272 569 186 636 145 429 95 369 240 229 39 283 105 130 260 141 300 551 288 368 581 324 117 402 419 173 261 580 127 147 468 293 646 317 289 280 237 79 12 125 323 528 180 308 444 442 514 104 298 151 385 394 417 540 308 377 405 252 260 361 178 249 89 129 520 262 96 346 248 159 349
310 452 53 486 61 272 188 364 201 352 291 418 214 348 161 483 320 79 324 145 442 114 360 308 458 446 108 297 178 90 429 279 471 212 536 94 239 216 323 156 439 130 23 316 239 273 451 255 430 500 248 63 265 319 115 121 426 225 80 321 406 534 424 269 290 82 80 173 213 399 456 78 193 416 256 398 222 249 66 342 488 294 431 300 447 277 194 350 484 253 135 208 296 405 158 232 392 322 127 298
103 227 326 243 341 622 448 38 176 617 57 642 427 140 344 690 501 340 139 260 695 297 651 64 246 159 216 64 434 396 702 105 808 113 287 180 585 470 87 243 204 260 316 95 164 539 724 467 165 686 462 298 597 651 341 343 708 126 330 607 125 716 172 450 31 414 261 186 212 179 710 316 420 685 558 755 92 470 267 551 156 643 746 523 238 546 463 179 277 77 376 225 154 627 418 129 112 30 361 571
86 258 241 271 237 531 282 128 103 576 125 619 365 242 265 639 481 268 228 190 545 125 526 147 346 277 135 38 359 270 596 82 674 25 378 118 500 369 129 152 275 141 239 164 89 380 619 418 231 612 445 267 451 496 284 219 637 65 196 451 239 662 257 405 210 306 183 171 40 278 605 154 412 576 414 590 60 335 164 515 303 499 632 388 317 489 342 180 374 146 280 99 47 504 372 38 224 153 290 418
529 653 233 683 185 160 171 509 412 173 548 154 36 517 141 262 123 219 577 281 191 313 176 579 701 604 280 421 180 197 282 514 328 444 682 292 61 172 458 401 607 300 273 539 380 90 231 112 601 258 57 283 154 185 250 206 293 446 315 135 580 250 621 60 559 233 293 351 363 603 207 294 100 153 103 294 405 52 290 106 616 117 256 95 637 165 127 587 673 468 182 355 484 127 152 429 610 487 224 71
667 806 445 823 367 139 360 707 511 56 650 48 272 741 331 119 198 367 752 408 85 452 115 745 829 816 442 572 284 363 109 587 123 631 855 513 133 269 686 558 821 551 451 724 619 231 18 206 797 99 293 474 142 71 366 373 46 531 386 85 763 156 806 259 662 390 498 492 530 723 35 482 226 33 151 55 641 274 443 124 794 126 121 184 832 117 292 693 899 669 351 556 617 151 332 535 764 671 375 156
514 684 234 640 215 152 125 474 376 199 417 199 79 486 138 311 89 174 514 266 208 291 234 478 653 556 327 425 171 117 281 386 316 424 703 326 124 127 489 295 573 288 255 467 418 112 206 10 564 351 114 253 117 195 171 167 308 419 214 123 500 307 563 63 490 165 257 368 359 583 256 266 76 186 76 232 449 101 254 149 613 214 290 103 602 156 58 587 671 396 168 346 419 199 85 382 537 492 218 103
235 104 413 54 460 707 489 136 338 742 227 814 572 106 506 782 697 550 96 434 818 320 751 94 63 55 328 247 568 466 879 240 843 248 85 315 652 499 160 260 107 368 430 165 231 601 797 564 83 875 623 393 688 711 476 463 824 235 445 700 115 821 109 650 102 496 325 362 284 101 795 352 558 813 666 789 276 549 384 727 24 740 784 613 85 740 487 97 154 212 443 367 212 780 578 268 103 135 475 693
669 920 547 903 424 251 416 769 572 101 701 110 370 754 420 68 307 365 746 524 113 543 121 751 903 852 514 643 396 428 72 707 62 691 861 512 250 382 748 586 814 581 500 686 612 258 99 351 875 109 289 485 198 151 499 447 91 585 492 243 784 70 796 282 761 394 515 612 674 788 172 484 358 91 249 44 641 363 577 181 904 179 107 311 854 181 308 821 913 746 470 621 652 136 391 636 855 723 394 224
419 654 243 679 210 172 176 522 333 259 449 183 65 597 132 288 73 158 557 322 274 316 160 539 645 622 273 463 171 118 253 402 339 431 661 263 94 107 441 354 655 324 248 462 445 57 293 114 623 289 25 275 93 140 194 159 237 413 265 172 528 352 629 17 474 196 275 288 344 619 197 267 52 231 87 252 485 60 258 149 630 141 292 58 592 163 85 597 726 424 244 344 469 238 143 327 546 496 213 112
272 440 37 417 29 374 106 313 157 363 313 355 214 372 199 426 236 125 294 135 379 106 392 327 431 372 97 204 161 148 451 217 513 259 526 138 249 174 233 157 468 117 63 298 267 283 474 253 393 485 275 20 323 331 122 74 452 254 103 298 345 453 363 220 387 66 142 193 196 356 381 108 217 439 287 410 251 163 161 341 391 388 406 265 414 283 160 360 460 322 145 118 231 344 165 156 362 368 90 233
540 758 340 707 270 96 207 633 468 170 605 128 170 585 280 193 102 289 598 354 184 331 70 593 741 690 389 522 196 182 190 493 294 481 741 389 52 187 547 395 729 402 265 597 451 154 142 117 688 198 93 323 33 83 339 314 197 516 308 44 649 232 642 170 555 283 387 359 500 649 184 382 206 133 127 160 497 208 349 18 654 77 169 110 659 114 245 590 795 572 238 385 522 89 179 491 637 618 308 104
557 745 333 723 325 105 300 577 486 124 569 49 169 650 236 131 147 267 683 393 133 442 66 662 796 714 390 594 222 300 196 535 207 541 749 407 83 284 584 529 727 419 319 651 496 185 71 195 711 151 140 331 83 99 300 268 194 498 338 101 683 169 739 207 689 247 382 489 494 670 92 399 193 122 78 189 576 210 374 82 792 116 84 158 747 72 278 645 821 553 344 487 583 74 258 472 733 571 279 127
325 432 134 443 46 312 84 344 144 360 292 397 179 415 73 428 301 76 319 92 377 183 405 345 547 474 168 230 156 161 452 324 438 284 523 117 297 124 339 179 470 173 115 341 284 250 366 171 476 499 194 122 339 300 16 65 411 214 96 339 409 459 367 240 345 147 128 163 269 442 379 108 204 394 320 386 265 182 121 315 501 313 431 270 420 327 118 421 512 247 100 145 284 336 119 246 398 305 80 252
325 477 159 521 43 227 100 386 237 332 355 371 181 469 83 454 172 35 396 162 350 220 357 401 579 413 136 343 67 98 382 272 501 228 488 151 256 131 292 243 524 261 121 343 219 206 373 167 463 447 159 74 314 268 65 19 394 284 164 258 376 474 460 230 366 101 120 158 283 396 336 166 104 345 268 445 252 167 137 265 443 263 387 171 454 287 133 478 564 308 20 181 334 283 163 210 455 363 71 166
697 855 499 918 397 154 381 707 557 156 739 110 298 737 430 25 254 436 767 527 99 511 154 750 859 784 489 692 393 388 120 727 135 651 856 557 202 305 747 586 802 580 426 708 637 293 46 308 824 91 237 452 197 194 411 394 28 655 499 148 799 130 860 314 732 398 561 598 565 780 109 537 378 165 263 110 645 321 539 218 835 139 135 292 896 203 319 760 924 673 442 603 695 170 338 606 775 776 393 280
113 267 193 341 279 434 309 162 41 564 154 574 395 204 259 563 419 293 232 201 619 100 507 184 360 241 150 140 286 279 668 54 690 42 322 91 457 323 129 50 328 127 225 126 65 446 531 419 235 585 413 254 516 498 214 284 655 102 167 461 216 600 261 371 164 274 193 162 73 285 616 200 351 594 457 597 100 414 153 456 340 510 643 432 339 483 295 175 379 70 226 63 65 468 335 76 267 117 275 444
283 418 104 452 74 350 149 345 152 344 287 455 236 345 195 517 267 178 383 103 422 68 427 308 456 424 107 213 200 117 549 207 544 178 528 98 332 193 293 203 391 147 80 330 196 315 386 214 445 492 265 103 308 338 96 164 499 167 58 376 394 470 429 228 314 165 128 116 167 328 392 85 195 400 289 464 225 209 149 288 382 324 471 223 401 280 213 395 484 235 116 151 275 388 227 215 442 275 52 316
628 773 391 742 291 21 256 617 452 150 592 92 175 648 212 217 63 229 644 338 98 397 99 673 790 708 365 518 283 237 252 564 254 521 755 463 112 267 596 488 671 468 321 607 451 135 85 123 700 243 172 298 44 101 339 258 148 461 376 64 601 160 674 191 648 248 364 389 491 728 161 328 235 58 150 192 551 225 387 52 719 93 184 167 766 116 256 652 824 569 347 464 473 116 249 487 701 634 274 110
97 100 315 117 375 594 428 124 281 662 163 763 553 49 445 745 559 481 44 350 738 348 633 72 148 49 321 208 464 413 797 135 820 147 162 329 638 434 168 245 126 293 406 125 239 580 763 500 115 784 528 345 649 683 409 376 799 216 394 601 3 802 54 517 100 478 368 233 234 89 748 357 548 705 541 707 158 514 305 607 103 655 766 561 110 637 460 85 203 158 439 271 171 695 535 261 127 83 343 614
718 848 469 890 487 215 358 775 633 206 737 183 279 806 450 123 232 458 743 539 89 581 196 756 913 833 538 695 422 442 103 681 107 638 902 537 248 389 740 634 834 646 534 716 662 250 156 307 821 70 352 453 232 169 459 474 130 600 470 160 802 11 850 361 767 438 494 640 689 859 124 548 402 200 250 46 698 330 576 203 834 186 159 242 896 192 363 796 974 706 451 583 638 172 382 592 812 758 451 246
198 148 338 118 460 707 534 173 270 761 104 722 596 36 452 780 668 473 127 377 818 306 735 84 104 45 369 262 555 470 805 182 834 249 170 269 623 471 149 263 102 317 424 172 257 621 806 563 109 796 629 363 642 739 367 460 860 261 429 674 54 850 102 578 90 429 373 322 248 27 781 416 494 759 668 825 154 569 293 618 101 677 751 613 85 685 477 124 190 171 401 291 178 667 530 307 21 101 430 619
527 641 298 651 271 96 136 465 421 216 453 183 76 506 168 254 90 171 556 265 236 313 180 510 711 607 364 456 131 215 257 417 363 422 686 301 143 109 449 326 665 289 269 450 405 60 259 63 650 282 17 220 170 207 240 230 314 371 228 191 517 361 578 20 469 226 301 305 388 603 204 220 106 166 85 238 389 83 292 117 667 165 293 79 609 124 78 526 631 420 187 358 439 199 72 355 604 495 197 29
60 140 308 194 321 581 465 57 188 691 80 656 509 137 415 793 545 435 90 304 748 280 675 50 199 158 305 178 456 382 806 145 811 140 189 295 571 504 98 165 165 280 290 31 210 559 662 490 102 761 474 387 555 689 345 366 732 164 314 648 100 767 90 469 17 422 305 230 210 112 653 268 485 699 595 772 142 533 306 619 141 597 685 549 130 556 459 52 204 108 368 262 131 687 513 223 82 23 339 565
319 537 101 522 39 324 78 414 205 337 384 381 125 389 136 424 241 16 416 180 406 189 280 424 508 498 214 357 135 112 400 319 420 270 579 191 248 149 352 221 529 237 82 414 306 233 390 165 496 394 196 66 283 247 147 101 398 274 165 248 478 438 429 226 422 103 110 194 218 422 380 88 177 383 189 419 273 100 218 226 473 262 427 190 463 232 159 406 537 322 111 182 346 324 121 223 447 365 76 226
262 450 62 448 72 333 147 303 94 480 245 411 274 346 185 485 374 131 290 61 502 127 416 262 484 344 81 158 185 132 497 178 524 169 477 38 294 261 241 178 339 79 80 261 183 293 498 257 325 515 275 142 387 382 128 120 561 193 128 364 368 494 373 301 305 110 27 110 134 296 438 115 189 484 295 511 240 277 98 350 365 410 489 272 353 364 169 286 494 201 196 118 215 408 256 141 366 226 123 292
147 330 141 352 129 387 271 270 125 477 216 498 294 322 233 583 421 227 249 141 516 133 469 291 414 316 65 156 296 202 569 158 617 92 444 35 380 279 237 102 392 12 173 186 171 351 492 368 362 612 288 193 359 489 163 158 598 162 116 389 233 640 322 305 230 194 110 33 83 282 531 112 302 449 418 588 207 277 54 410 310 461 564 327 340 428 253 303 447 215 218 123 143 435 309 84 285 198 165 354
120 294 213 293 256 525 256 189 102 571 181 537 338 190 337 590 383 271 184 143 602 184 541 200 298 277 121 132 295 261 624 68 640 95 360 141 450 365 137 110 253 125 213 212 40 363 530 359 284 674 344 196 500 494 269 283 565 73 167 491 234 689 248 388 210 218 134 83 101 235 517 207 388 528 443 642 77 297 114 434 317 456 625 373 331 522 276 228 330 170 287 113 85 509 285 111 257 201 232 397
176 156 403 168 426 705 448 133 296 699 136 761 591 95 463 745 593 454 113 323 721 284 726 98 125 119 316 160 544 473 869 167 881 191 144 360 682 562 183 259 130 323 399 179 278 603 723 583 101 788 619 356 649 670 442 396 780 285 328 728 89 859 27 603 112 422 296 282 235 44 703 328 523 771 593 833 151 543 281 680 149 662 795 590 88 611 537 77 122 146 401 327 252 730 523 289 132 131 372 563
623 783 447 879 341 143 351 703 573 38 669 96 204 759 366 154 213 368 737 400 45 491 58 733 855 779 515 618 293 308 148 676 104 615 809 546 198 266 626 547 814 528 456 710 605 207 35 256 795 172 197 381 184 92 379 336 109 616 392 161 748 124 781 204 653 380 438 531 517 703 45 382 223 104 233 42 581 301 478 178 749 103 118 170 847 148 300 790 899 671 385 531 565 107 284 568 765 711 410 192
265 394 92 438 109 305 126 264 128 420 314 390 274 389 172 496 264 140 343 74 399 127 357 305 444 336 71 244 161 133 541 262 485 257 485 138 313 147 257 200 413 180 78 316 154 294 482 266 352 484 267 108 382 399 108 166 537 200 85 328 357 548 416 220 268 88 115 112 207 328 382 109 226 406 289 446 233 181 131 280 430 340 501 253 421 304 194 366 482 272 68 164 271 333 176 143 372 260 152 315
447 641 223 590 196 154 80 442 350 214 457 312 96 487 91 321 140 123 452 221 242 213 285 550 667 577 261 438 78 121 307 447 410 404 608 333 181 48 476 318 611 308 193 420 412 100 226 76 558 358 52 217 206 193 204 104 378 351 195 235 548 402 494 106 485 177 189 302 388 523 223 226 70 209 107 321 357 16 213 193 628 184 300 105 591 199 129 472 639 393 190 299 365 275 15 324 556 418 108 94
577 764 390 813 374 109 289 616 568 80 606 63 251 665 269 79 128 326 732 394 108 482 48 705 829 732 445 535 275 278 99 627 213 528 816 525 148 220 607 550 789 444 416 685 576 153 33 186 813 91 231 439 133 122 394 345 165 594 400 58 705 200 759 166 699 383 484 449 528 771 104 406 209 3 173 123 558 195 409 108 835 100 147 193 825 75 271 711 851 621 350 545 616 62 229 532 710 622 378 214
571 705 265 679 226 100 206 604 360 122 478 185 142 612 215 172 101 260 522 316 186 381 188 562 732 602 402 503 213 230 307 514 276 479 697 340 17 139 484 379 649 442 256 558 414 103 151 76 666 249 87 287 127 78 320 268 263 457 289 150 541 250 668 85 595 189 295 418 443 593 233 289 107 173 49 246 434 87 298 33 670 147 202 74 705 70 181 588 774 536 219 359 475 183 105 438 615 577 274 89
689 902 455 835 474 117 318 749 583 170 645 146 298 803 327 63 201 358 780 474 103 538 78 749 852 780 519 686 299 368 62 623 139 670 930 514 192 367 714 596 872 514 398 755 590 294 55 232 789 44 252 410 160 189 386 445 110 597 464 192 707 46 825 238 772 419 511 588 642 833 42 446 321 123 246 45 666 350 498 208 880 118 110 196 829 160 299 800 928 654 459 591 582 170 355 616 853 715 436 249
134 316 236 250 266 509 399 123 90 602 73 657 454 149 288 653 465 311 98 251 649 155 576 201 304 230 221 97 375 302 660 77 654 104 246 163 544 429 105 143 253 104 222 92 60 405 641 449 276 641 485 251 497 576 265 252 645 100 225 551 158 698 154 389 142 273 240 207 77 151 581 233 357 558 434 666 89 401 153 523 215 522 597 432 248 474 351 167 329 55 310 126 114 590 438 103 167 160 343 474
466 655 269 579 208 227 110 476 326 230 442 273 108 508 122 349 99 97 448 205 321 281 250 548 586 579 238 428 126 134 377 432 401 361 631 330 182 83 382 341 616 298 249 470 335 52 274 101 549 363 60 163 208 210 182 167 321 414 209 225 514 330 569 83 533 100 277 277 297 543 301 181 16 195 87 350 401 25 237 134 544 168 307 88 615 151 135 530 681 440 159 346 360 249 72 364 586 436 201 146
211 455 131 440 138 335 259 233 87 410 221 407 278 369 189 540 331 189 319 68 452 37 378 273 471 324 33 176 180 207 561 163 572 128 400 106 363 194 245 164 365 151 66 267 164 290 443 254 384 577 258 161 349 374 121 137 539 153 149 387 305 576 293 292 306 218 98 54 114 281 478 131 213 409 298 498 153 237 68 334 338 443 524 295 372 345 246 316 427 163 160 163 234 437 261 99 372 217 165 284
590 760 289 693 239 58 166 614 446 109 571 166 106 614 261 166 84 199 543 291 222 388 172 583 770 696 411 514 216 274 239 481 226 505 685 351 95 232 488 388 637 385 342 551 515 106 124 149 727 181 149 341 18 82 315 265 218 456 288 52 607 203 618 117 619 226 350 410 434 680 178 280 193 108 33 208 523 134 334 88 689 134 153 66 738 97 173 683 773 538 279 401 529 75 166 402 615 586 308 114
197 99 447 115 504 700 566 177 314 819 162 769 568 149 510 827 620 519 157 446 841 387 785 143 96 75 344 256 497 479 866 202 840 291 152 398 674 609 238 369 79 394 488 156 303 616 794 613 24 904 630 391 654 792 501 443 835 340 382 719 103 834 101 667 141 473 365 310 317 149 749 430 628 835 670 880 215 544 338 689 80 722 834 612 107 736 521 145 107 258 466 292 249 768 607 346 56 223 497 675
569 732 394 738 340 75 206 572 457 41 624 80 149 694 213 150 174 238 626 409 116 422 94 660 785 669 430 571 248 223 138 583 163 489 810 415 58 213 627 471 754 417 294 643 499 117 126 214 740 179 141 388 77 116 313 263 139 510 324 93 655 186 677 165 597 262 410 461 456 662 103 340 184 100 147 118 522 168 443 134 722 17 91 118 723 57 271 658 794 553 253 513 581 41 236 496 741 604 361 122
684 891 498 874 432 113 380 730 620 95 676 121 275 762 300 59 266 363 779 460 96 481 149 758 836 808 504 586 324 309 142 638 114 568 821 529 171 338 632 505 777 540 431 746 632 256 121 290 784 107 292 406 169 84 431 387 135 643 471 184 766 159 751 293 685 427 489 564 625 795 118 501 300 147 202 110 597 307 524 153 834 91 53 286 833 213 351 795 841 687 357 517 577 129 264 607 829 751 376 260
500 718 324 623 196 102 138 489 378 185 515 173 57 574 187 267 123 212 551 258 200 328 211 541 732 641 314 497 110 170 283 500 270 433 732 315 48 129 472 379 624 308 300 523 388 95 184 103 613 311 58 265 110 158 270 171 292 432 223 167 561 242 613 79 549 190 272 327 373 590 170 253 105 193 74 196 432 88 295 66 612 118 286 39 708 159 97 550 681 481 259 335 408 112 140 408 599 566 267 82
246 35 463 72 531 704 520 215 285 780 174 847 619 87 489 894 725 549 184 450 850 379 829 132 57 108 387 228 574 508 927 270 931 270 48 362 738 523 277 348 72 377 447 238 317 637 832 602 85 854 592 414 659 747 420 454 896 339 401 766 110 896 85 609 130 463 353 340 331 88 847 421 591 825 705 829 248 615 372 738 107 723 833 708 58 708 548 126 62 193 513 387 300 760 566 314 49 169 458 647
555 692 307 707 264 62 223 598 413 86 573 147 185 621 279 199 139 305 624 310 144 370 67 587 729 714 382 462 260 247 214 489 252 466 772 440 33 208 584 450 704 405 277 546 489 165 117 156 740 181 163 283 114 72 327 287 203 483 280 116 637 192 685 124 556 232 364 428 522 611 148 304 199 75 70 160 474 151 345 97 736 57 213 159 708 61 235 695 719 503 230 454 497 92 163 408 677 566 330 91
387 524 167 549 146 200 88 486 316 263 391 276 100 514 42 329 217 77 487 206 306 277 281 471 632 567 197 327 49 73 369 383 430 357 606 243 173 51 385 254 530 252 194 463 342 127 292 58 487 308 85 160 245 278 118 133 319 295 213 256 460 363 477 78 459 159 169 253 276 537 300 194 129 271 181 299 351 135 246 173 521 271 351 97 548 235 22 512 563 421 135 301 318 202 82 277 503 454 106 163
101 158 379 115 427 617 492 163 238 670 90 728 531 62 445 772 643 454 68 296 767 275 696 130 154 123 339 225 520 511 849 206 864 198 114 281 597 532 124 229 110 260 350 179 180 587 693 587 97 821 597 360 590 645 421 478 760 175 395 652 85 796 124 526 52 406 286 303 228 77 790 366 472 711 588 800 167 530 316 683 145 658 795 550 126 695 512 100 120 130 475 229 146 741 472 225 55 69 383 616
258 130 440 118 521 780 593 255 379 844 288 840 607 131 551 869 679 568 212 424 859 448 872 177 44 90 415 285 642 543 937 249 900 371 75 411 701 583 268 363 151 361 484 277 374 673 899 671 154 913 726 460 795 821 512 564 924 379 484 824 203 974 190 631 204 537 494 447 330 122 899 482 639 851 774 928 329 681 427 773 107 794 841 681 62 719 563 120 11 302 526 337 319 827 614 394 81 181 541 728
30 236 287 262 260 572 356 117 112 635 59 568 403 141 412 705 504 393 131 246 692 210 576 106 220 161 179 35 385 309 725 116 760 148 222 237 524 365 41 141 223 178 253 77 146 468 669 396 212 746 424 322 572 553 247 308 673 70 235 569 158 706 171 420 108 322 201 215 170 146 671 272 393 621 536 654 55 440 163 538 258 553 687 481 193 503 421 130 302 5 281 191 38 587 394 84 249 98 327 464
297 488 156 547 81 256 159 402 172 317 373 320 129 468 89 432 184 102 346 173 362 184 324 362 515 487 181 245 147 74 388 326 416 275 519 178 300 123 340 176 442 249 135 376 280 182 351 168 443 470 244 145 238 344 100 20 442 226 116 347 439 451 401 187 368 111 196 218 287 401 385 68 190 350 219 459 310 159 160 279 466 253 357 259 513 230 135 475 526 281 88 202 334 304 92 216 444 322 33 182
218 399 140 379 183 493 226 245 58 545 238 496 327 238 223 583 426 282 211 177 531 122 491 261 377 245 64 100 296 234 577 136 606 105 391 122 436 313 154 46 281 89 208 225 99 355 556 346 367 621 344 118 385 487 145 181 603 63 151 464 271 583 291 358 262 182 118 123 113 327 531 164 299 545 359 591 126 346 163 401 292 513 517 335 387 454 301 229 337 191 202 17 135 477 298 119 352 199 184 353
77 230 237 286 276 551 328 92 63 604 166 630 432 198 273 634 470 350 194 170 623 206 533 148 282 202 134 27 348 326 634 47 698 19 345 141 498 340 124 103 299 129 296 154 47 484 617 419 212 652 469 231 522 583 284 334 695 65 275 473 171 638 178 439 131 346 215 143 85 252 565 271 365 616 475 582 114 360 234 529 249 581 577 408 300 497 318 146 319 38 334 135 38 546 409 124 228 170 299 481
563 748 382 830 312 39 324 669 448 74 593 139 231 718 226 165 146 303 702 447 70 428 70 640 810 691 403 609 245 268 194 596 239 569 807 499 163 189 598 509 707 520 405 627 504 127 151 199 780 136 238 344 89 74 336 283 170 468 388 116 695 172 667 199 687 324 408 435 509 730 107 333 275 62 183 170 590 249 437 75 768 41 129 112 760 92 202 741 827 587 304 477 546 36 257 514 739 632 322 208
385 594 204 599 168 158 101 486 273 199 409 285 81 455 70 366 188 110 507 214 341 232 297 524 647 595 279 409 37 102 375 437 384 346 568 285 184 115 451 260 612 262 158 418 372 152 332 85 578 391 143 165 179 258 119 163 338 335 227 249 535 382 530 72 513 121 256 309 285 523 284 176 15 229 105 355 438 72 261 166 607 236 264 140 566 163 82 472 614 394 92 298 409 257 51 302 538 468 197 103
201 325 145 306 172 482 252 240 19 565 109 486 389 201 296 622 429 253 159 164 580 173 497 164 336 217 130 74 337 272 641 115 645 89 306 87 460 349 90 71 268 96 232 129 38 429 535 382 268 636 327 156 491 472 246 210 606 76 215 487 261 592 307 355 223 223 141 84 111 289 568 143 324 532 438 616 103 364 99 402 346 496 607 408 314 408 277 225 394 84 216 119 124 514 302 90 286 230 250 457
128 98 402 99 398 680 532 174 322 798 199 759 528 152 537 810 644 465 146 346 742 343 730 152 82 90 384 195 507 543 816 154 903 278 160 284 632 539 168 325 55 346 392 112 224 610 764 537 103 855 546 362 637 733 398 455 775 267 442 701 127 812 21 604 82 447 366 285 257 132 765 372 556 710 615 853 167 586 372 615 56 741 829 599 49 677 503 55 81 249 444 352 228 739 538 286 101 156 429 656
72 152 268 178 382 618 434 32 193 670 71 717 440 57 402 684 573 385 69 231 671 300 614 102 188 92 263 171 450 437 772 56 716 105 192 286 505 445 92 162 216 248 322 30 153 487 671 492 135 723 496 368 618 571 305 363 776 117 275 634 83 758 101 495 23 365 226 198 201 131 711 260 418 622 577 715 160 436 217 586 223 604 751 566 169 566 454 69 181 98 322 199 170 632 468 230 156 45 309 569
318 456 96 506 14 267 107 319 172 328 337 388 181 384 127 447 206 62 370 113 412 193 341 352 529 445 165 311 117 51 496 289 510 250 546 199 212 162 325 212 460 159 127 361 290 224 375 218 475 394 213 90 308 279 80 71 393 275 52 274 343 451 430 197 339 76 123 165 232 372 410 152 108 378 274 436 343 201 165 308 497 361 376 267 458 330 106 383 541 327 33 184 299 322 197 250 429 309 31 222
518 685 308 694 204 123 177 564 399 197 499 220 59 634 214 253 85 224 561 252 167 300 133 604 686 632 360 421 195 241 236 526 305 446 748 396 89 93 506 376 626 349 298 571 418 71 156 103 693 224 112 233 104 127 252 166 280 444 316 110 614 246 619 29 565 226 292 354 397 563 192 315 94 214 89 249 474 146 284 114 675 122 260 82 647 91 163 616 728 464 182 353 481 208 103 457 656 569 222 26
