1
20 100
1 2
2 3
3 4
4 5
2 6
2 7
7 8
4 9
4 10
7 11
3 12
4 13
2 14
12 15
8 16
12 17
3 18
6 19
13 20
7 8 2
16 5 7
6 5 11
9 4 15
2 3 4
4 20 2
12 4 4
1 10 1
11 3 7
4 2 15
18 11 5
8 11 8
9 1 6
14 20 1
20 13 2
1 7 19
7 15 15
8 9 17
1 1 1
6 14 17
11 18 1
14 18 1
15 18 1
19 2 19
18 10 3
16 9 3
4 3 13
3 1 11
5 15 14
2 8 20
14 4 19
8 1 2
17 19 11
14 17 8
15 17 12
3 6 4
20 13 10
8 15 12
14 2 16
12 2 11
13 8 15
17 20 1
4 18 17
14 17 17
3 12 7
10 7 8
18 12 7
4 17 15
5 12 20
15 16 3
3 10 16
14 11 16
16 6 10
6 13 12
16 15 18
19 12 3
1 10 15
1 4 12
19 1 1
10 20 16
5 10 1
18 16 14
20 18 3
18 8 6
20 15 10
2 17 13
3 10 15
5 9 15
12 1 14
2 12 11
1 2 18
14 19 9
5 7 6
19 3 16
17 11 14
6 10 18
15 17 2
12 9 10
13 3 11
12 7 13
2 12 5
4 15 10
19 20 8
7 13 8
2 9 14
6 2 12
2 6 12
14 12 12
4 16 2
14 17 1
10 14 4
17 11 11
20 2 9
4 8 19
17 18 7
5 4 20
15 3 6
1 13 3
18 7 13
5 4 14
