100
2 1
3 2
4 1
5 1
6 2
7 1
8 6
9 5
10 9
11 8
12 6
13 11
14 2
15 13
16 6
17 15
18 10
19 17
20 2
21 11
22 7
23 8
24 22
25 10
26 8
27 16
28 25
29 24
30 11
31 30
32 1
33 31
34 33
35 25
36 18
37 35
38 16
39 35
40 34
41 9
42 40
43 42
44 15
45 28
46 41
47 12
48 36
49 42
50 38
51 34
52 5
53 38
54 52
55 51
56 7
57 37
58 27
59 1
60 54
61 22
62 21
63 12
64 13
65 37
66 27
67 49
68 54
69 28
70 61
71 9
72 14
73 45
74 24
75 24
76 54
77 74
78 9
79 20
80 33
81 22
82 55
83 58
84 72
85 23
86 30
87 49
88 57
89 28
90 42
91 30
92 49
93 1
94 14
95 36
96 50
97 65
98 25
99 74
100 41
68 88 51 74 16 94 34 72 96 22 14 55 61 25 64 69 50 63 82 83 45 54 31 57 47 76 18 36 98 60 49 95 75 41 3 1 24 99 73 67 91 17 13 56 59 5 9 2 62 21 44 85 37 100 89 23 58 6 26 70 38 77 30 39 42 29 33 92 40 27 78 66 90 43 32 97 71 80 15 48 28 52 79 35 20 4 93 11 84 12 53 19 8 46 81 65 86 7 10 87 