700
2 1
3 1
4 1
5 1
6 3
7 5
8 3
9 6
10 6
11 1
12 11
13 7
14 4
15 10
16 4
17 10
18 8
19 14
20 1
21 17
22 13
23 15
24 10
25 3
26 3
27 11
28 22
29 14
30 12
31 26
32 13
33 5
34 1
35 24
36 25
37 14
38 23
39 5
40 11
41 4
42 41
43 39
44 21
45 40
46 32
47 40
48 40
49 29
50 17
51 37
52 3
53 15
54 43
55 4
56 55
57 13
58 4
59 16
60 12
61 53
62 34
63 4
64 20
65 24
66 40
67 62
68 5
69 9
70 30
71 12
72 45
73 51
74 58
75 10
76 9
77 35
78 74
79 30
80 64
81 26
82 3
83 78
84 46
85 79
86 49
87 37
88 1
89 4
90 43
91 81
92 37
93 58
94 13
95 40
96 9
97 42
98 2
99 35
100 80
101 33
102 9
103 48
104 95
105 99
106 101
107 46
108 63
109 28
110 57
111 100
112 106
113 43
114 51
115 68
116 59
117 19
118 47
119 36
120 83
121 63
122 79
123 69
124 12
125 45
126 115
127 73
128 44
129 2
130 2
131 24
132 120
133 124
134 89
135 128
136 23
137 75
138 122
139 90
140 61
141 102
142 78
143 32
144 75
145 53
146 49
147 84
148 58
149 147
150 60
151 99
152 146
153 134
154 38
155 10
156 94
157 29
158 147
159 119
160 137
161 41
162 124
163 83
164 94
165 42
166 47
167 90
168 148
169 156
170 140
171 34
172 98
173 26
174 73
175 87
176 151
177 66
178 120
179 16
180 15
181 111
182 1
183 176
184 36
185 138
186 177
187 67
188 13
189 58
190 121
191 101
192 55
193 166
194 142
195 157
196 90
197 109
198 117
199 186
200 107
201 94
202 122
203 117
204 100
205 167
206 112
207 39
208 85
209 58
210 89
211 175
212 127
213 161
214 77
215 9
216 145
217 35
218 135
219 92
220 202
221 165
222 108
223 147
224 61
225 2
226 219
227 209
228 218
229 158
230 60
231 110
232 178
233 63
234 98
235 136
236 156
237 186
238 82
239 11
240 137
241 68
242 194
243 135
244 102
245 112
246 196
247 116
248 164
249 144
250 181
251 22
252 229
253 158
254 152
255 84
256 202
257 197
258 85
259 149
260 258
261 163
262 100
263 23
264 17
265 114
266 94
267 109
268 147
269 158
270 175
271 212
272 86
273 265
274 68
275 76
276 144
277 214
278 84
279 247
280 153
281 266
282 76
283 109
284 86
285 68
286 131
287 192
288 234
289 182
290 249
291 277
292 165
293 132
294 33
295 33
296 151
297 69
298 28
299 6
300 39
301 252
302 127
303 302
304 287
305 17
306 117
307 82
308 141
309 28
310 209
311 304
312 258
313 224
314 265
315 257
316 161
317 292
318 4
319 73
320 273
321 286
322 220
323 15
324 317
325 85
326 78
327 229
328 58
329 273
330 138
331 113
332 47
333 51
334 102
335 167
336 78
337 291
338 62
339 279
340 256
341 177
342 193
343 30
344 195
345 291
346 120
347 208
348 13
349 181
350 302
351 223
352 235
353 4
354 11
355 135
356 237
357 93
358 344
359 343
360 314
361 317
362 342
363 286
364 233
365 301
366 141
367 97
368 88
369 7
370 22
371 163
372 27
373 321
374 282
375 67
376 93
377 315
378 309
379 61
380 304
381 220
382 122
383 122
384 325
385 369
386 35
387 268
388 81
389 348
390 379
391 102
392 134
393 130
394 61
395 116
396 188
397 311
398 52
399 184
400 249
401 215
402 238
403 185
404 33
405 362
406 403
407 189
408 293
409 279
410 282
411 138
412 362
413 64
414 373
415 379
416 159
417 301
418 174
419 165
420 326
421 351
422 223
423 222
424 35
425 63
426 209
427 160
428 44
429 271
430 327
431 277
432 333
433 264
434 106
435 289
436 324
437 345
438 263
439 70
440 190
441 271
442 267
443 402
444 370
445 14
446 238
447 38
448 435
449 447
450 344
451 108
452 371
453 382
454 8
455 145
456 194
457 253
458 61
459 320
460 374
461 285
462 220
463 402
464 64
465 181
466 447
467 462
468 457
469 293
470 74
471 154
472 100
473 180
474 154
475 248
476 322
477 122
478 8
479 18
480 456
481 143
482 67
483 232
484 315
485 312
486 484
487 477
488 183
489 363
490 142
491 405
492 386
493 236
494 89
495 351
496 145
497 467
498 29
499 247
500 154
501 124
502 182
503 501
504 96
505 230
506 311
507 386
508 339
509 275
510 118
511 487
512 389
513 262
514 338
515 393
516 86
517 366
518 455
519 208
520 110
521 138
522 429
523 229
524 213
525 337
526 488
527 279
528 301
529 445
530 243
531 146
532 363
533 518
534 143
535 373
536 160
537 108
538 459
539 132
540 274
541 193
542 340
543 314
544 334
545 332
546 503
547 261
548 58
549 7
550 111
551 429
552 162
553 154
554 231
555 242
556 22
557 556
558 465
559 140
560 409
561 73
562 454
563 85
564 238
565 268
566 280
567 341
568 215
569 95
570 562
571 402
572 497
573 322
574 247
575 15
576 73
577 136
578 73
579 182
580 225
581 340
582 369
583 144
584 157
585 170
586 164
587 50
588 110
589 252
590 518
591 240
592 555
593 383
594 329
595 474
596 361
597 206
598 144
599 279
600 149
601 439
602 188
603 542
604 280
605 523
606 397
607 418
608 236
609 515
610 237
611 30
612 259
613 140
614 274
615 582
616 233
617 339
618 467
619 536
620 463
621 241
622 461
623 591
624 80
625 200
626 377
627 5
628 441
629 79
630 472
631 100
632 204
633 603
634 132
635 435
636 446
637 307
638 436
639 297
640 58
641 132
642 42
643 480
644 276
645 464
646 290
647 207
648 124
649 164
650 649
651 368
652 637
653 248
654 249
655 466
656 574
657 60
658 257
659 83
660 233
661 228
662 525
663 138
664 261
665 83
666 220
667 650
668 552
669 184
670 53
671 5
672 397
673 596
674 24
675 44
676 26
677 152
678 180
679 28
680 187
681 614
682 414
683 91
684 348
685 517
686 145
687 417
688 151
689 194
690 530
691 204
692 126
693 416
694 593
695 578
696 298
697 608
698 96
699 145
700 282
285 42 225 695 242 168 296 407 167 202 136 569 659 77 332 86 484 222 587 609 128 478 95 483 698 257 466 672 676 475 289 433 193 113 504 104 80 671 437 479 647 170 611 469 458 607 667 239 173 114 67 624 321 452 500 52 355 439 470 602 8 669 163 631 31 337 272 630 283 617 460 218 619 422 678 245 614 391 471 387 434 394 425 580 552 292 515 35 62 331 29 543 73 316 139 126 9 174 21 209 520 140 103 409 39 246 490 540 601 534 155 419 327 526 203 529 290 559 3 558 498 413 408 32 119 547 70 108 641 622 151 260 123 66 302 301 55 525 494 256 674 373 650 637 198 361 548 230 480 510 196 625 157 461 346 200 115 476 519 656 446 430 554 220 4 612 457 263 310 213 207 570 562 51 133 557 415 683 41 2 13 74 44 215 618 371 397 388 634 535 393 507 431 386 372 511 616 586 644 699 632 129 489 259 492 448 187 314 153 50 298 560 451 690 468 449 621 277 447 258 125 234 210 573 486 266 54 633 36 178 508 37 594 248 351 71 273 269 120 352 542 566 691 90 232 459 652 282 154 76 342 116 571 544 682 34 668 578 233 79 101 402 111 675 694 585 600 513 366 224 299 414 423 427 53 530 693 169 181 521 251 300 340 216 284 399 212 56 184 420 443 660 350 223 598 496 436 312 91 465 522 219 30 98 590 654 82 455 253 135 365 7 235 333 276 72 305 700 581 545 122 646 83 638 57 22 141 308 102 454 75 265 185 152 180 663 297 279 23 591 183 354 487 159 680 221 206 27 499 33 64 261 453 211 118 100 516 381 661 610 117 666 319 93 597 514 473 576 658 105 679 673 417 89 639 325 208 148 160 254 182 262 43 692 565 326 274 689 546 360 237 688 278 227 375 81 68 249 383 25 217 84 411 293 670 229 359 65 130 175 567 338 389 502 177 527 195 268 107 250 421 662 495 344 358 46 482 606 556 97 255 240 635 541 374 106 410 78 96 509 626 186 47 228 252 214 313 45 406 121 134 150 432 464 172 357 16 582 608 477 377 467 304 162 665 280 204 199 363 164 640 328 161 629 58 368 147 398 287 38 620 99 205 400 324 501 110 286 627 593 404 687 339 370 533 61 334 589 385 87 19 651 306 18 226 605 291 192 623 592 247 401 643 191 189 179 92 657 584 11 493 518 40 6 69 481 201 26 311 551 390 142 648 405 655 112 88 271 176 12 281 424 649 686 231 166 531 524 143 396 384 149 596 550 197 146 438 412 144 330 1 275 345 697 20 109 238 5 577 536 539 137 59 642 341 528 14 60 426 127 28 599 653 463 462 236 517 450 575 416 613 485 156 442 303 241 572 309 553 369 382 158 349 595 435 555 564 538 243 456 244 145 445 684 15 343 579 428 131 537 628 506 138 288 188 356 348 472 615 568 336 444 418 307 10 503 367 194 429 440 561 505 378 94 532 603 583 563 677 380 645 24 315 63 347 523 512 322 685 403 323 165 49 364 264 696 474 335 320 681 604 395 317 295 441 270 294 588 362 488 392 17 48 664 171 549 85 376 267 329 497 318 491 124 353 379 132 190 636 574 