800
2 1
3 1
4 3
5 2
6 2
7 4
8 1
9 6
10 1
11 4
12 8
13 8
14 11
15 13
16 9
17 8
18 14
19 17
20 6
21 18
22 17
23 14
24 8
25 19
26 13
27 16
28 22
29 26
30 24
31 29
32 20
33 32
34 13
35 3
36 12
37 6
38 37
39 16
40 35
41 21
42 27
43 19
44 2
45 33
46 6
47 38
48 1
49 27
50 45
51 40
52 48
53 1
54 15
55 43
56 19
57 40
58 20
59 12
60 37
61 40
62 8
63 25
64 1
65 21
66 19
67 41
68 61
69 46
70 33
71 30
72 16
73 9
74 27
75 11
76 55
77 38
78 70
79 18
80 44
81 29
82 30
83 20
84 40
85 9
86 47
87 80
88 64
89 71
90 54
91 42
92 20
93 1
94 55
95 73
96 17
97 63
98 49
99 36
100 67
101 39
102 27
103 82
104 31
105 20
106 22
107 84
108 28
109 42
110 29
111 65
112 86
113 104
114 55
115 86
116 19
117 2
118 87
119 60
120 53
121 55
122 112
123 51
124 53
125 22
126 52
127 50
128 101
129 69
130 8
131 88
132 21
133 86
134 27
135 3
136 125
137 53
138 56
139 83
140 53
141 81
142 5
143 28
144 115
145 34
146 58
147 71
148 103
149 96
150 137
151 145
152 99
153 122
154 127
155 126
156 29
157 9
158 142
159 82
160 114
161 142
162 60
163 102
164 71
165 121
166 60
167 102
168 106
169 36
170 114
171 14
172 26
173 143
174 77
175 86
176 18
177 53
178 54
179 149
180 119
181 79
182 119
183 61
184 139
185 55
186 97
187 92
188 172
189 20
190 157
191 78
192 144
193 68
194 193
195 115
196 166
197 102
198 142
199 136
200 90
201 129
202 193
203 95
204 203
205 192
206 46
207 37
208 61
209 72
210 56
211 115
212 106
213 143
214 80
215 125
216 35
217 38
218 211
219 67
220 36
221 193
222 13
223 12
224 158
225 78
226 74
227 177
228 195
229 207
230 161
231 172
232 127
233 204
234 33
235 91
236 137
237 76
238 195
239 11
240 209
241 147
242 171
243 200
244 184
245 180
246 197
247 183
248 183
249 231
250 174
251 114
252 79
253 30
254 77
255 153
256 199
257 148
258 66
259 151
260 169
261 18
262 172
263 259
264 235
265 61
266 134
267 213
268 79
269 40
270 125
271 19
272 6
273 174
274 141
275 167
276 87
277 194
278 187
279 94
280 134
281 251
282 101
283 185
284 255
285 162
286 69
287 178
288 236
289 94
290 16
291 195
292 88
293 26
294 159
295 246
296 111
297 261
298 277
299 155
300 189
301 86
302 48
303 162
304 156
305 145
306 21
307 163
308 80
309 186
310 256
311 96
312 134
313 24
314 106
315 230
316 154
317 289
318 21
319 180
320 143
321 244
322 53
323 302
324 128
325 255
326 213
327 144
328 204
329 58
330 205
331 29
332 81
333 263
334 197
335 82
336 159
337 324
338 31
339 121
340 140
341 54
342 87
343 229
344 312
345 143
346 243
347 324
348 145
349 11
350 230
351 140
352 183
353 286
354 259
355 352
356 349
357 121
358 191
359 256
360 41
361 181
362 289
363 158
364 90
365 120
366 212
367 264
368 179
369 31
370 325
371 192
372 285
373 327
374 207
375 264
376 274
377 129
378 114
379 314
380 205
381 360
382 132
383 7
384 187
385 164
386 338
387 174
388 27
389 176
390 296
391 328
392 328
393 207
394 337
395 388
396 254
397 287
398 137
399 135
400 112
401 42
402 231
403 19
404 152
405 338
406 220
407 66
408 149
409 108
410 325
411 204
412 175
413 352
414 98
415 240
416 82
417 238
418 25
419 263
420 375
421 288
422 205
423 263
424 337
425 30
426 68
427 382
428 101
429 346
430 344
431 202
432 204
433 269
434 61
435 333
436 241
437 221
438 225
439 143
440 357
441 154
442 130
443 166
444 83
445 383
446 42
447 337
448 405
449 100
450 396
451 206
452 339
453 361
454 404
455 360
456 112
457 196
458 341
459 305
460 210
461 87
462 37
463 416
464 33
465 177
466 358
467 340
468 222
469 414
470 264
471 39
472 451
473 25
474 350
475 381
476 42
477 113
478 292
479 205
480 169
481 79
482 6
483 12
484 197
485 267
486 315
487 254
488 1
489 423
490 317
491 254
492 123
493 76
494 59
495 139
496 444
497 188
498 226
499 387
500 469
501 184
502 356
503 481
504 91
505 59
506 465
507 443
508 477
509 366
510 425
511 219
512 99
513 501
514 188
515 103
516 432
517 322
518 377
519 158
520 496
521 385
522 485
523 334
524 513
525 88
526 244
527 489
528 475
529 407
530 191
531 51
532 529
533 347
534 484
535 425
536 220
537 342
538 442
539 167
540 455
541 94
542 91
543 400
544 221
545 480
546 514
547 34
548 115
549 190
550 193
551 21
552 189
553 504
554 203
555 328
556 274
557 266
558 179
559 519
560 351
561 43
562 333
563 345
564 128
565 38
566 422
567 348
568 445
569 108
570 291
571 201
572 385
573 397
574 278
575 205
576 486
577 470
578 227
579 449
580 53
581 384
582 189
583 188
584 4
585 278
586 61
587 489
588 415
589 408
590 379
591 95
592 580
593 238
594 298
595 556
596 583
597 579
598 365
599 337
600 594
601 412
602 470
603 525
604 225
605 576
606 581
607 165
608 382
609 545
610 380
611 543
612 571
613 290
614 317
615 49
616 443
617 10
618 403
619 165
620 420
621 413
622 510
623 542
624 439
625 298
626 436
627 418
628 25
629 333
630 427
631 129
632 250
633 526
634 445
635 35
636 525
637 97
638 420
639 67
640 123
641 519
642 231
643 466
644 82
645 585
646 108
647 355
648 629
649 380
650 219
651 631
652 226
653 353
654 350
655 617
656 135
657 182
658 184
659 100
660 606
661 132
662 136
663 79
664 76
665 170
666 80
667 651
668 411
669 582
670 86
671 607
672 389
673 370
674 165
675 473
676 278
677 334
678 19
679 429
680 303
681 316
682 205
683 328
684 569
685 444
686 526
687 531
688 522
689 553
690 195
691 290
692 12
693 304
694 228
695 81
696 246
697 656
698 210
699 634
700 67
701 305
702 527
703 658
704 549
705 521
706 4
707 137
708 301
709 240
710 463
711 510
712 74
713 50
714 202
715 449
716 89
717 402
718 365
719 275
720 399
721 29
722 479
723 297
724 147
725 101
726 600
727 32
728 63
729 192
730 97
731 713
732 331
733 376
734 353
735 599
736 676
737 116
738 190
739 284
740 33
741 178
742 552
743 489
744 63
745 190
746 569
747 49
748 227
749 491
750 100
751 350
752 673
753 665
754 505
755 649
756 465
757 95
758 271
759 722
760 463
761 154
762 299
763 539
764 603
765 78
766 273
767 333
768 576
769 602
770 76
771 157
772 306
773 582
774 451
775 599
776 283
777 392
778 319
779 343
780 207
781 388
782 304
783 593
784 717
785 373
786 26
787 463
788 386
789 7
790 227
791 566
792 685
793 734
794 749
795 416
796 284
797 242
798 611
799 207
800 414
157 742 51 468 339 710 143 118 757 491 759 27 423 359 321 777 675 30 502 168 10 712 684 320 361 269 362 467 538 527 162 520 99 651 344 437 15 795 608 548 43 534 565 264 373 626 476 623 252 9 222 660 492 613 592 93 624 338 148 302 418 107 352 497 786 451 246 702 607 572 627 615 21 768 643 178 214 327 364 332 629 425 390 469 22 121 131 539 515 171 368 601 703 176 308 376 541 430 648 633 610 343 563 233 12 570 104 281 44 679 727 124 57 559 501 54 72 257 636 620 780 329 360 153 399 317 704 69 739 85 213 230 396 50 420 612 14 181 387 114 103 562 510 472 165 250 117 775 798 159 262 266 540 500 333 318 794 392 78 666 487 598 39 170 258 503 797 799 326 229 395 372 80 87 445 650 432 424 470 203 268 220 783 688 588 750 595 152 403 402 196 32 448 295 415 722 109 187 254 127 428 585 345 95 314 141 145 705 288 86 740 334 426 90 484 355 175 122 59 38 566 52 68 112 340 765 28 581 336 564 365 97 630 409 357 353 18 695 714 553 270 280 573 628 681 678 298 547 596 754 594 453 385 769 151 544 215 84 523 748 699 34 284 698 715 209 256 774 398 717 602 391 625 700 800 174 397 751 316 537 341 475 791 732 379 48 135 589 622 98 255 259 483 348 422 461 158 139 146 55 371 217 758 413 218 640 659 147 190 290 173 455 130 788 4 691 186 243 108 641 79 46 746 394 657 511 313 5 701 299 232 155 466 529 686 65 667 793 450 693 729 752 723 304 120 580 180 323 35 498 205 545 183 706 206 707 1 319 421 19 766 301 762 416 251 194 782 456 305 744 495 330 419 489 787 619 773 499 83 70 241 6 737 597 682 674 309 621 393 92 279 236 234 733 133 434 454 36 349 383 690 669 221 522 514 13 632 554 322 225 725 726 771 150 228 53 91 464 482 263 790 718 378 571 614 74 81 235 238 37 388 477 283 207 315 56 528 40 642 618 663 42 605 760 347 414 677 267 335 200 558 282 211 655 324 577 755 384 504 156 672 75 517 654 49 683 796 111 291 202 167 8 400 11 770 189 509 73 163 300 692 730 17 532 743 496 287 665 29 708 578 556 113 137 25 278 719 356 546 438 638 307 88 446 66 227 741 488 277 531 444 292 123 574 645 590 524 785 452 77 41 582 734 637 82 658 248 763 64 273 160 198 720 374 767 63 521 58 557 549 201 102 129 188 105 568 119 429 587 96 271 493 606 724 261 276 417 285 31 550 172 652 244 673 94 671 115 128 239 696 789 184 363 490 126 721 560 611 513 382 405 71 144 169 474 249 289 294 132 583 134 286 749 507 668 506 579 551 2 275 210 508 709 101 552 433 535 459 518 784 45 616 138 530 533 116 67 310 247 680 303 47 179 471 736 600 586 536 427 664 656 100 404 441 480 125 106 519 62 772 253 617 449 685 325 747 516 661 389 676 745 463 197 440 370 689 653 460 369 33 110 406 599 439 375 380 26 462 694 486 274 208 191 408 779 381 639 185 458 753 212 272 407 756 634 16 193 776 792 358 412 609 542 242 192 731 485 457 20 89 223 593 7 479 306 24 576 442 331 154 351 481 354 644 350 764 649 778 443 431 216 526 647 697 142 473 465 604 337 447 367 738 716 569 646 199 435 140 23 245 164 687 386 410 297 377 219 436 231 575 265 781 195 296 182 161 61 311 149 567 711 555 312 166 136 240 478 761 670 76 561 494 525 713 411 603 346 401 177 237 543 591 635 204 293 224 584 505 735 366 60 662 328 728 342 3 260 631 226 512 