600
2 1
3 2
4 2
5 1
6 3
7 2
8 3
9 6
10 4
11 10
12 7
13 12
14 9
15 5
16 12
17 10
18 9
19 11
20 11
21 15
22 13
23 20
24 14
25 8
26 12
27 18
28 21
29 24
30 11
31 14
32 14
33 25
34 18
35 2
36 9
37 1
38 17
39 27
40 13
41 23
42 31
43 29
44 20
45 27
46 20
47 46
48 37
49 3
50 2
51 17
52 9
53 28
54 5
55 34
56 39
57 33
58 49
59 47
60 26
61 10
62 11
63 6
64 2
65 55
66 24
67 27
68 28
69 46
70 19
71 42
72 50
73 26
74 52
75 49
76 15
77 61
78 75
79 57
80 41
81 80
82 8
83 27
84 18
85 74
86 39
87 8
88 26
89 63
90 73
91 59
92 85
93 2
94 34
95 21
96 49
97 44
98 50
99 82
100 36
101 26
102 29
103 89
104 3
105 21
106 42
107 84
108 81
109 1
110 66
111 94
112 82
113 40
114 18
115 29
116 88
117 83
118 78
119 113
120 29
121 81
122 29
123 109
124 3
125 31
126 111
127 90
128 27
129 33
130 63
131 118
132 81
133 11
134 8
135 27
136 131
137 1
138 72
139 56
140 28
141 135
142 99
143 33
144 69
145 3
146 39
147 110
148 38
149 29
150 125
151 115
152 131
153 49
154 47
155 70
156 61
157 55
158 62
159 18
160 53
161 156
162 78
163 96
164 145
165 127
166 70
167 130
168 34
169 119
170 160
171 88
172 166
173 27
174 31
175 50
176 30
177 73
178 113
179 41
180 101
181 23
182 124
183 27
184 78
185 14
186 21
187 162
188 143
189 177
190 155
191 137
192 65
193 167
194 62
195 120
196 172
197 68
198 75
199 137
200 140
201 125
202 39
203 150
204 69
205 44
206 8
207 28
208 58
209 34
210 149
211 149
212 137
213 76
214 189
215 131
216 44
217 176
218 134
219 117
220 86
221 125
222 69
223 3
224 152
225 104
226 2
227 25
228 160
229 85
230 170
231 15
232 2
233 45
234 123
235 157
236 146
237 25
238 148
239 77
240 182
241 86
242 72
243 227
244 169
245 86
246 197
247 74
248 192
249 208
250 215
251 112
252 96
253 171
254 17
255 207
256 223
257 9
258 21
259 48
260 78
261 210
262 218
263 112
264 248
265 221
266 37
267 64
268 39
269 79
270 88
271 35
272 151
273 109
274 164
275 122
276 258
277 204
278 115
279 260
280 75
281 156
282 233
283 7
284 148
285 159
286 229
287 121
288 221
289 176
290 200
291 166
292 217
293 14
294 292
295 231
296 152
297 263
298 59
299 196
300 230
301 299
302 6
303 52
304 74
305 271
306 113
307 219
308 31
309 146
310 289
311 286
312 121
313 253
314 232
315 301
316 239
317 210
318 202
319 52
320 64
321 263
322 6
323 288
324 76
325 279
326 128
327 188
328 175
329 210
330 171
331 74
332 214
333 153
334 165
335 277
336 13
337 149
338 142
339 276
340 288
341 32
342 263
343 155
344 217
345 171
346 178
347 168
348 313
349 182
350 159
351 65
352 49
353 341
354 159
355 285
356 336
357 216
358 126
359 88
360 135
361 302
362 346
363 210
364 181
365 225
366 93
367 142
368 301
369 117
370 101
371 178
372 161
373 154
374 20
375 199
376 64
377 223
378 244
379 30
380 129
381 324
382 213
383 309
384 164
385 226
386 293
387 320
388 349
389 45
390 20
391 185
392 301
393 363
394 172
395 149
396 363
397 88
398 51
399 106
400 75
401 264
402 93
403 354
404 145
405 356
406 355
407 377
408 362
409 247
410 258
411 4
412 194
413 113
414 18
415 125
416 336
417 246
418 389
419 286
420 304
421 83
422 49
423 276
424 49
425 81
426 422
427 399
428 283
429 376
430 96
431 333
432 307
433 103
434 38
435 73
436 255
437 34
438 322
439 177
440 232
441 61
442 314
443 315
444 410
445 343
446 257
447 226
448 124
449 281
450 213
451 338
452 158
453 384
454 4
455 306
456 319
457 336
458 176
459 406
460 246
461 46
462 29
463 292
464 346
465 233
466 154
467 56
468 461
469 256
470 360
471 452
472 176
473 15
474 136
475 303
476 322
477 331
478 381
479 335
480 256
481 211
482 254
483 312
484 179
485 453
486 264
487 338
488 154
489 288
490 432
491 377
492 456
493 151
494 487
495 436
496 335
497 373
498 44
499 372
500 322
501 267
502 436
503 398
504 181
505 471
506 162
507 280
508 76
509 14
510 154
511 317
512 189
513 300
514 10
515 213
516 351
517 370
518 116
519 117
520 151
521 113
522 108
523 513
524 24
525 326
526 380
527 394
528 74
529 245
530 332
531 414
532 105
533 77
534 346
535 306
536 320
537 99
538 202
539 197
540 221
541 59
542 466
543 272
544 382
545 44
546 246
547 370
548 404
549 368
550 247
551 337
552 406
553 547
554 133
555 29
556 349
557 346
558 251
559 61
560 34
561 543
562 355
563 397
564 540
565 279
566 314
567 107
568 149
569 333
570 369
571 224
572 273
573 5
574 551
575 417
576 44
577 155
578 394
579 458
580 96
581 185
582 284
583 185
584 494
585 46
586 278
587 46
588 314
589 253
590 105
591 84
592 534
593 445
594 66
595 390
596 262
597 298
598 297
599 526
600 440
243 474 535 553 448 278 228 402 13 358 348 167 364 201 464 216 275 261 405 172 482 398 452 204 87 460 486 192 446 130 23 370 54 544 549 227 451 118 215 591 7 568 62 199 407 383 347 335 372 34 315 272 587 491 145 99 521 81 440 343 293 542 421 386 38 260 563 197 268 232 543 576 522 555 146 231 160 223 565 50 142 406 431 471 21 115 439 331 323 551 361 138 352 378 376 214 473 428 328 234 342 423 571 434 255 305 125 91 333 318 57 10 122 139 16 259 444 58 46 173 246 499 599 33 572 42 326 19 509 322 382 68 166 219 1 351 450 433 208 349 391 276 18 518 337 584 135 495 282 409 420 178 575 457 302 561 165 140 316 567 520 188 41 123 230 341 529 113 422 589 148 303 65 237 540 517 252 556 329 459 143 532 193 476 310 112 20 387 92 511 475 313 229 203 184 15 185 295 534 600 480 73 26 524 362 442 3 413 296 119 593 249 438 339 79 289 301 541 183 588 102 171 247 430 410 294 300 128 512 292 157 196 393 218 505 47 236 530 4 578 548 546 256 516 492 129 344 432 263 465 489 411 500 515 353 336 127 29 2 162 88 93 63 538 596 152 346 320 469 412 425 488 258 427 240 149 426 274 116 594 202 17 238 598 55 30 417 285 429 200 226 174 270 558 325 163 306 536 169 220 579 144 360 242 298 251 8 60 519 424 221 445 307 399 380 317 51 277 513 304 327 510 514 374 153 181 470 67 537 490 100 281 180 359 97 461 528 241 137 147 257 443 77 481 158 179 210 547 395 550 308 14 222 22 224 388 334 61 288 581 98 96 132 583 502 367 404 161 577 456 248 366 267 592 332 373 84 397 401 164 498 32 309 59 49 324 110 150 182 582 290 369 418 64 239 453 12 338 365 48 562 101 133 170 155 408 569 186 106 207 559 363 494 554 319 385 117 109 330 350 269 176 213 314 466 371 379 233 507 441 497 477 190 384 195 487 83 354 467 11 340 194 76 564 70 120 168 126 39 28 574 419 484 566 472 525 82 496 345 280 463 506 590 573 225 111 95 80 107 104 254 357 209 396 580 545 560 53 136 283 78 503 595 552 5 355 526 390 533 212 284 154 478 103 436 52 493 368 134 311 273 392 37 266 483 262 557 43 114 468 56 9 454 90 187 437 205 141 485 89 381 244 570 131 198 31 585 403 85 400 175 24 69 291 356 597 279 45 455 206 508 447 523 462 40 416 264 177 297 235 245 414 124 121 377 271 36 191 389 287 74 250 86 312 66 75 435 27 189 321 217 501 286 105 504 265 531 108 156 449 6 394 25 253 586 415 151 71 479 299 94 211 72 159 539 44 458 527 35 375 