1000
2 1
3 1
4 1
5 3
6 1
7 6
8 4
9 8
10 2
11 6
12 2
13 7
14 3
15 8
16 3
17 12
18 13
19 8
20 7
21 20
22 8
23 5
24 7
25 10
26 24
27 9
28 13
29 8
30 16
31 14
32 20
33 5
34 21
35 23
36 12
37 33
38 31
39 36
40 4
41 38
42 2
43 14
44 8
45 12
46 11
47 11
48 16
49 23
50 44
51 6
52 13
53 51
54 4
55 34
56 19
57 17
58 1
59 11
60 29
61 44
62 12
63 56
64 54
65 14
66 5
67 49
68 27
69 12
70 19
71 17
72 19
73 7
74 4
75 5
76 19
77 53
78 41
79 58
80 48
81 56
82 36
83 15
84 60
85 24
86 9
87 30
88 1
89 15
90 38
91 20
92 85
93 80
94 65
95 35
96 80
97 96
98 25
99 98
100 15
101 97
102 81
103 101
104 48
105 52
106 13
107 96
108 63
109 14
110 51
111 64
112 42
113 53
114 48
115 70
116 104
117 116
118 113
119 20
120 104
121 52
122 17
123 20
124 24
125 64
126 121
127 2
128 108
129 99
130 85
131 76
132 43
133 93
134 71
135 130
136 67
137 52
138 96
139 126
140 6
141 24
142 65
143 137
144 48
145 24
146 3
147 23
148 106
149 26
150 69
151 41
152 54
153 120
154 79
155 58
156 113
157 113
158 94
159 30
160 133
161 64
162 21
163 107
164 68
165 7
166 76
167 99
168 156
169 46
170 64
171 117
172 115
173 13
174 90
175 102
176 2
177 136
178 4
179 109
180 128
181 117
182 87
183 175
184 160
185 75
186 44
187 164
188 75
189 69
190 104
191 36
192 180
193 93
194 152
195 143
196 3
197 130
198 63
199 129
200 87
201 28
202 20
203 161
204 156
205 130
206 90
207 128
208 63
209 28
210 103
211 155
212 89
213 63
214 29
215 71
216 212
217 197
218 33
219 157
220 145
221 46
222 124
223 83
224 49
225 163
226 136
227 100
228 73
229 92
230 120
231 16
232 78
233 213
234 160
235 219
236 129
237 228
238 132
239 172
240 26
241 78
242 85
243 58
244 236
245 187
246 186
247 230
248 10
249 215
250 70
251 240
252 106
253 238
254 21
255 59
256 186
257 122
258 64
259 7
260 28
261 244
262 45
263 67
264 152
265 105
266 174
267 179
268 38
269 125
270 206
271 107
272 139
273 5
274 258
275 177
276 146
277 92
278 212
279 103
280 207
281 55
282 38
283 187
284 187
285 75
286 128
287 279
288 82
289 267
290 78
291 223
292 172
293 286
294 29
295 112
296 38
297 207
298 108
299 128
300 150
301 211
302 61
303 216
304 163
305 153
306 127
307 9
308 140
309 272
310 163
311 251
312 93
313 223
314 196
315 12
316 22
317 135
318 101
319 230
320 201
321 316
322 138
323 144
324 308
325 181
326 105
327 124
328 9
329 9
330 213
331 143
332 111
333 5
334 53
335 232
336 89
337 82
338 78
339 299
340 262
341 22
342 340
343 63
344 17
345 325
346 124
347 120
348 254
349 128
350 271
351 33
352 74
353 55
354 183
355 217
356 138
357 71
358 280
359 33
360 91
361 62
362 106
363 301
364 106
365 98
366 46
367 171
368 245
369 88
370 272
371 282
372 22
373 74
374 156
375 256
376 319
377 75
378 351
379 143
380 41
381 85
382 213
383 177
384 375
385 290
386 225
387 198
388 172
389 83
390 35
391 70
392 15
393 295
394 279
395 347
396 162
397 360
398 45
399 30
400 197
401 179
402 40
403 159
404 82
405 84
406 184
407 84
408 205
409 135
410 151
411 336
412 23
413 374
414 124
415 365
416 75
417 39
418 231
419 47
420 85
421 266
422 403
423 18
424 346
425 50
426 158
427 10
428 113
429 290
430 40
431 104
432 1
433 379
434 337
435 112
436 424
437 356
438 31
439 76
440 404
441 331
442 12
443 116
444 245
445 218
446 363
447 78
448 201
449 429
450 213
451 406
452 110
453 318
454 138
455 202
456 398
457 80
458 455
459 457
460 103
461 104
462 393
463 154
464 328
465 136
466 291
467 136
468 68
469 187
470 107
471 76
472 400
473 462
474 171
475 380
476 74
477 419
478 175
479 336
480 201
481 379
482 376
483 406
484 460
485 324
486 100
487 259
488 225
489 433
490 213
491 284
492 389
493 66
494 359
495 129
496 82
497 83
498 79
499 190
500 331
501 219
502 255
503 124
504 335
505 128
506 65
507 327
508 371
509 68
510 140
511 246
512 317
513 347
514 432
515 303
516 300
517 288
518 93
519 251
520 63
521 142
522 248
523 452
524 181
525 44
526 361
527 316
528 434
529 210
530 308
531 61
532 41
533 337
534 423
535 531
536 509
537 304
538 482
539 528
540 448
541 85
542 209
543 177
544 208
545 52
546 76
547 448
548 168
549 391
550 332
551 431
552 306
553 85
554 395
555 122
556 188
557 2
558 520
559 212
560 354
561 542
562 512
563 284
564 37
565 173
566 467
567 344
568 524
569 8
570 311
571 316
572 420
573 223
574 524
575 556
576 448
577 174
578 446
579 427
580 188
581 111
582 356
583 373
584 172
585 15
586 225
587 367
588 370
589 228
590 332
591 127
592 556
593 192
594 256
595 116
596 521
597 476
598 118
599 121
600 36
601 335
602 413
603 530
604 558
605 20
606 564
607 586
608 314
609 209
610 416
611 329
612 581
613 109
614 302
615 491
616 471
617 421
618 159
619 474
620 290
621 122
622 336
623 200
624 414
625 31
626 562
627 114
628 108
629 228
630 266
631 616
632 348
633 437
634 503
635 570
636 219
637 217
638 349
639 526
640 477
641 293
642 222
643 123
644 371
645 138
646 68
647 342
648 483
649 518
650 75
651 282
652 319
653 225
654 538
655 153
656 386
657 578
658 51
659 559
660 303
661 283
662 344
663 520
664 447
665 507
666 26
667 575
668 31
669 130
670 44
671 307
672 285
673 114
674 91
675 520
676 255
677 73
678 165
679 561
680 630
681 249
682 583
683 72
684 613
685 567
686 451
687 338
688 447
689 563
690 147
691 515
692 269
693 112
694 454
695 667
696 638
697 687
698 479
699 160
700 57
701 348
702 264
703 4
704 577
705 1
706 86
707 293
708 165
709 85
710 545
711 299
712 587
713 640
714 685
715 556
716 551
717 93
718 253
719 682
720 106
721 697
722 92
723 383
724 326
725 450
726 452
727 528
728 43
729 442
730 262
731 636
732 727
733 645
734 152
735 360
736 657
737 152
738 42
739 431
740 69
741 84
742 79
743 361
744 722
745 410
746 581
747 49
748 428
749 568
750 264
751 630
752 140
753 379
754 396
755 19
756 41
757 591
758 575
759 230
760 643
761 172
762 281
763 540
764 428
765 111
766 556
767 593
768 371
769 384
770 552
771 191
772 248
773 169
774 343
775 675
776 314
777 519
778 627
779 613
780 100
781 594
782 668
783 618
784 410
785 659
786 445
787 71
788 166
789 42
790 650
791 780
792 365
793 214
794 643
795 445
796 345
797 576
798 598
799 744
800 667
801 514
802 384
803 519
804 759
805 587
806 426
807 359
808 33
809 150
810 6
811 617
812 431
813 45
814 129
815 664
816 136
817 776
818 24
819 778
820 605
821 771
822 716
823 593
824 82
825 206
826 182
827 278
828 706
829 790
830 138
831 62
832 165
833 548
834 114
835 234
836 136
837 288
838 574
839 534
840 830
841 361
842 268
843 297
844 354
845 604
846 424
847 323
848 100
849 546
850 305
851 841
852 612
853 590
854 181
855 218
856 761
857 182
858 194
859 515
860 491
861 548
862 517
863 684
864 739
865 240
866 197
867 692
868 784
869 23
870 273
871 830
872 738
873 623
874 210
875 120
876 608
877 510
878 202
879 113
880 416
881 105
882 710
883 716
884 757
885 227
886 152
887 758
888 814
889 556
890 361
891 241
892 95
893 553
894 38
895 703
896 796
897 236
898 734
899 407
900 162
901 204
902 525
903 550
904 64
905 721
906 293
907 759
908 830
909 629
910 779
911 431
912 242
913 133
914 245
915 496
916 111
917 162
918 902
919 692
920 658
921 122
922 511
923 361
924 98
925 523
926 484
927 560
928 493
929 162
930 102
931 206
932 500
933 663
934 595
935 431
936 456
937 5
938 43
939 412
940 670
941 352
942 849
943 193
944 294
945 798
946 521
947 521
948 454
949 707
950 845
951 398
952 155
953 422
954 255
955 894
956 618
957 113
958 184
959 498
960 435
961 408
962 7
963 588
964 212
965 185
966 495
967 197
968 312
969 484
970 492
971 886
972 192
973 591
974 7
975 197
976 439
977 205
978 256
979 784
980 709
981 466
982 237
983 17
984 118
985 338
986 411
987 657
988 489
989 599
990 531
991 199
992 765
993 696
994 573
995 463
996 383
997 564
998 403
999 448
1000 883
530 314 826 782 501 971 232 674 861 624 765 783 676 210 583 56 931 227 768 491 494 779 807 201 549 209 71 310 668 542 119 718 430 468 896 863 3 658 920 740 358 299 928 148 743 474 618 179 800 572 641 403 373 660 374 57 642 980 627 85 4 48 562 541 573 846 946 293 436 182 68 143 551 82 116 304 963 923 100 569 219 635 701 228 689 433 634 9 654 521 806 308 874 394 200 812 424 139 108 623 404 170 712 46 38 966 714 688 267 128 396 735 597 147 302 483 102 661 442 448 51 727 619 869 203 651 105 567 503 536 142 233 566 115 579 197 636 8 363 169 880 974 919 608 739 204 819 372 859 286 50 43 592 91 586 787 706 472 313 771 64 254 27 104 838 276 950 235 751 420 438 422 889 415 637 510 327 406 539 613 975 238 138 822 493 42 522 932 326 853 96 964 557 309 904 212 171 311 629 616 160 388 61 778 250 656 234 610 144 215 432 686 290 364 638 166 47 938 384 455 381 893 497 236 390 409 224 180 784 662 62 76 775 107 151 55 640 680 24 981 776 808 940 131 500 289 75 977 757 617 815 612 480 909 885 653 851 857 44 517 168 520 696 611 918 599 552 94 441 132 652 114 65 353 277 823 240 60 747 389 731 508 916 251 359 425 992 989 487 80 247 574 111 906 282 724 663 581 183 736 152 49 639 512 473 945 929 891 199 300 917 196 830 833 717 84 976 445 631 275 942 296 355 862 657 855 121 454 273 362 925 410 81 921 998 95 884 677 655 505 532 391 737 628 459 760 575 260 262 527 899 872 165 223 279 742 435 570 828 996 515 40 514 926 243 817 684 756 269 565 127 297 726 213 711 413 146 294 423 176 956 858 814 836 953 941 900 192 67 387 397 20 758 681 222 112 571 478 841 687 145 960 710 83 777 990 360 281 285 45 894 720 985 343 274 486 672 226 205 860 555 879 444 664 106 346 540 402 699 22 140 531 471 504 519 625 109 705 908 600 242 59 933 135 18 546 958 378 371 849 560 922 73 211 347 848 903 935 63 101 764 495 315 174 319 558 39 253 646 208 606 229 328 707 795 53 605 207 375 888 594 770 239 790 890 405 835 590 875 456 338 86 543 897 369 90 6 518 704 843 287 632 744 986 87 367 882 98 89 804 796 866 847 393 930 428 865 173 648 633 967 16 485 534 185 738 248 481 650 596 803 469 329 730 752 190 457 694 379 603 349 626 249 793 591 733 167 766 488 482 669 547 414 556 184 502 446 261 382 231 191 5 769 463 614 298 734 516 827 58 554 337 377 292 451 844 256 621 154 948 186 805 270 74 25 952 780 725 525 973 392 794 467 748 818 280 259 563 476 489 13 429 264 544 492 947 959 434 225 987 193 466 564 999 484 187 902 528 33 683 93 978 772 206 288 545 754 321 26 162 335 490 507 376 679 118 35 691 464 537 158 969 283 37 419 14 961 936 30 124 344 32 911 763 412 788 529 526 129 988 962 257 584 117 230 194 535 645 175 813 333 352 576 21 713 2 912 218 792 336 395 252 70 66 708 852 365 789 802 939 398 23 15 871 886 944 268 41 255 755 850 700 673 951 732 722 582 284 685 622 538 601 759 198 690 443 506 345 306 824 785 761 134 195 927 350 341 322 301 991 791 178 305 649 721 383 910 470 913 12 728 265 141 312 149 330 901 380 559 408 877 19 69 665 811 915 867 407 609 550 954 745 320 511 177 553 801 934 604 984 479 263 675 595 334 361 746 1000 450 809 937 856 845 678 864 703 729 447 719 602 513 580 837 156 400 821 593 348 598 723 460 878 881 825 357 34 258 189 753 702 509 97 972 868 965 462 120 92 11 216 914 7 892 421 17 905 997 113 840 588 79 585 78 244 498 368 307 620 832 523 453 133 698 163 291 36 949 829 153 834 786 774 439 452 324 431 401 137 957 716 99 245 339 762 72 28 188 643 715 399 103 898 181 266 842 29 667 607 122 366 697 437 970 876 440 449 692 870 342 356 924 968 303 820 883 126 831 499 561 77 10 773 246 220 318 994 647 568 202 465 241 426 477 943 993 630 461 524 695 123 157 873 221 587 323 644 799 354 589 797 693 295 172 417 979 798 125 810 52 161 995 386 214 418 332 781 411 271 272 427 164 416 854 385 671 750 31 340 887 533 682 159 955 217 749 88 666 370 548 982 316 816 839 237 110 351 659 670 741 317 577 458 907 475 331 895 615 496 54 983 278 578 709 155 1 325 150 767 130 136 