1000
1 2
2 3
2 4
3 5
5 6
6 7
7 8
8 9
9 10
10 11
10 12
11 13
13 14
13 15
15 16
16 17
17 18
18 19
19 20
20 21
20 22
22 23
23 24
24 25
25 26
25 27
27 28
28 29
29 30
29 31
30 32
31 33
32 34
33 35
34 36
35 37
36 38
37 39
39 40
40 41
40 42
41 43
42 44
44 45
44 46
45 47
47 48
47 49
49 50
50 51
51 52
51 53
53 54
54 55
55 56
55 57
56 58
58 59
59 60
59 61
61 62
62 63
63 64
64 65
64 66
66 67
66 68
68 69
69 70
70 71
71 72
72 73
73 74
74 75
74 76
75 77
77 78
77 79
78 80
79 81
80 82
81 83
83 84
83 85
85 86
85 87
86 88
87 89
88 90
90 91
91 92
91 93
92 94
94 95
94 96
95 97
97 98
97 99
99 100
100 101
101 102
101 103
103 104
103 105
104 106
105 107
107 108
108 109
109 110
110 111
110 112
111 113
112 114
113 115
114 116
116 117
117 118
117 119
118 120
119 121
120 122
121 123
123 124
123 125
124 126
125 127
126 128
127 129
129 130
130 131
130 132
132 133
132 134
134 135
135 136
135 137
137 138
137 139
139 140
140 141
141 142
142 143
142 144
143 145
144 146
146 147
146 148
148 149
149 150
149 151
150 152
152 153
152 154
154 155
155 156
155 157
157 158
158 159
159 160
160 161
160 162
162 163
163 164
163 165
164 166
166 167
166 168
167 169
168 170
170 171
171 172
171 173
172 174
174 175
175 176
175 177
177 178
177 179
179 180
180 181
181 182
181 183
182 184
184 185
184 186
186 187
186 188
187 189
188 190
190 191
190 192
191 193
193 194
193 195
194 196
195 197
197 198
198 199
198 200
200 201
201 202
201 203
202 204
204 205
204 206
206 207
207 208
208 209
209 210
210 211
211 212
212 213
212 214
213 215
214 216
216 217
217 218
217 219
219 220
220 221
220 222
222 223
222 224
224 225
225 226
225 227
226 228
228 229
228 230
230 231
230 232
232 233
232 234
233 235
234 236
235 237
236 238
238 239
238 240
239 241
241 242
242 243
243 244
244 245
245 246
245 247
247 248
248 249
249 250
249 251
250 252
251 253
253 254
254 255
255 256
255 257
256 258
257 259
258 260
259 261
260 262
262 263
263 264
263 265
265 266
266 267
267 268
268 269
269 270
269 271
271 272
272 273
273 274
274 275
274 276
276 277
276 278
277 279
278 280
280 281
281 282
281 283
283 284
284 285
285 286
286 287
287 288
288 289
288 290
290 291
290 292
291 293
293 294
293 295
295 296
296 297
297 298
298 299
299 300
299 301
301 302
302 303
303 304
303 305
305 306
305 307
307 308
308 309
309 310
309 311
310 312
311 313
313 314
314 315
315 316
315 317
317 318
317 319
318 320
319 321
320 322
322 323
322 324
324 325
324 326
326 327
326 328
328 329
329 330
329 331
331 332
332 333
332 334
334 335
334 336
335 337
337 338
338 339
338 340
340 341
341 342
342 343
343 344
344 345
345 346
346 347
347 348
347 349
348 350
349 351
351 352
352 353
352 354
354 355
354 356
356 357
356 358
357 359
359 360
359 361
361 362
362 363
362 364
363 365
365 366
366 367
366 368
367 369
369 370
370 371
371 372
371 373
373 374
374 375
375 376
376 377
377 378
377 379
379 380
379 381
380 382
381 383
383 384
384 385
384 386
386 387
386 388
388 389
389 390
390 391
391 392
391 393
392 394
394 395
394 396
395 397
397 398
397 399
398 400
399 401
401 402
402 403
403 404
403 405
405 406
406 407
406 408
407 409
409 410
410 411
411 412
411 413
412 414
414 415
414 416
415 417
416 418
418 419
418 420
419 421
421 422
422 423
422 424
423 425
424 426
425 427
426 428
428 429
428 430
430 431
431 432
431 433
432 434
434 435
434 436
435 437
437 438
438 439
439 440
439 441
441 442
442 443
442 444
443 445
444 446
446 447
447 448
448 449
448 450
450 451
450 452
451 453
452 454
454 455
454 456
455 457
457 458
458 459
458 460
460 461
460 462
461 463
463 464
464 465
464 466
466 467
467 468
468 469
468 470
470 471
471 472
472 473
472 474
473 475
474 476
476 477
476 478
477 479
479 480
480 481
480 482
482 483
483 484
483 485
485 486
486 487
487 488
487 489
488 490
490 491
490 492
492 493
493 494
493 495
494 496
495 497
497 498
497 499
498 500
500 501
501 502
502 503
502 504
503 505
504 506
506 507
506 508
508 509
509 510
510 511
510 512
511 513
513 514
514 515
514 516
515 517
517 518
518 519
518 520
519 521
520 522
521 523
522 524
523 525
524 526
526 527
527 528
528 529
528 530
530 531
531 532
531 533
532 534
534 535
534 536
535 537
536 538
537 539
539 540
540 541
540 542
541 543
542 544
543 545
544 546
545 547
547 548
547 549
548 550
549 551
550 552
551 553
553 554
553 555
554 556
555 557
556 558
558 559
559 560
559 561
560 562
561 563
562 564
564 565
565 566
566 567
566 568
568 569
569 570
570 571
571 572
571 573
572 574
574 575
575 576
576 577
577 578
577 579
579 580
580 581
581 582
582 583
582 584
583 585
585 586
585 587
586 588
587 589
588 590
590 591
590 592
592 593
593 594
594 595
595 596
595 597
597 598
597 599
599 600
600 601
601 602
602 603
602 604
603 605
604 606
605 607
606 608
607 609
608 610
610 611
610 612
611 613
612 614
613 615
614 616
616 617
617 618
617 619
619 620
620 621
620 622
621 623
622 624
623 625
624 626
626 627
626 628
628 629
629 630
629 631
631 632
632 633
632 634
634 635
635 636
636 637
637 638
638 639
638 640
639 641
640 642
641 643
642 644
644 645
645 646
646 647
646 648
647 649
648 650
649 651
651 652
652 653
652 654
653 655
654 656
656 657
657 658
657 659
658 660
659 661
661 662
662 663
663 664
663 665
664 666
666 667
667 668
667 669
668 670
669 671
671 672
672 673
673 674
673 675
674 676
675 677
676 678
678 679
679 680
680 681
680 682
681 683
682 684
683 685
685 686
685 687
687 688
687 689
688 690
690 691
691 692
692 693
693 694
693 695
695 696
695 697
696 698
698 699
698 700
699 701
701 702
701 703
702 704
703 705
704 706
706 707
707 708
707 709
709 710
710 711
711 712
711 713
713 714
713 715
715 716
715 717
717 718
717 719
719 720
719 721
721 722
722 723
722 724
723 725
724 726
725 727
727 728
727 729
729 730
729 731
730 732
732 733
733 734
733 735
734 736
735 737
736 738
737 739
739 740
739 741
740 742
742 743
743 744
743 745
744 746
745 747
747 748
747 749
749 750
749 751
750 752
751 753
752 754
753 755
754 756
755 757
756 758
758 759
758 760
759 761
761 762
762 763
762 764
764 765
764 766
765 767
767 768
768 769
769 770
770 771
770 772
772 773
772 774
774 775
774 776
776 777
776 778
778 779
778 780
780 781
780 782
782 783
783 784
783 785
785 786
785 787
787 788
788 789
788 790
789 791
791 792
791 793
793 794
793 795
795 796
796 797
796 798
797 799
799 800
800 801
801 802
801 803
803 804
803 805
805 806
805 807
806 808
807 809
809 810
810 811
811 812
812 813
812 814
813 815
815 816
815 817
817 818
817 819
819 820
819 821
821 822
821 823
823 824
823 825
824 826
826 827
827 828
827 829
828 830
830 831
830 832
831 833
833 834
834 835
835 836
835 837
836 838
838 839
839 840
839 841
841 842
842 843
842 844
844 845
845 846
846 847
846 848
848 849
848 850
850 851
851 852
851 853
853 854
854 855
854 856
855 857
856 858
858 859
858 860
859 861
861 862
862 863
863 864
864 865
864 866
865 867
866 868
867 869
869 870
869 871
870 872
872 873
873 874
873 875
875 876
876 877
876 878
877 879
878 880
879 881
880 882
882 883
883 884
884 885
884 886
886 887
886 888
887 889
889 890
890 891
891 892
892 893
893 894
894 895
895 896
896 897
896 898
898 899
898 900
899 901
900 902
902 903
902 904
904 905
904 906
905 907
906 908
908 909
909 910
910 911
910 912
912 913
912 914
913 915
915 916
916 917
917 918
917 919
919 920
920 921
921 922
921 923
923 924
923 925
924 926
925 927
926 928
927 929
929 930
930 931
930 932
932 933
933 934
934 935
935 936
936 937
936 938
938 939
939 940
940 941
940 942
941 943
943 944
943 945
945 946
946 947
947 948
948 949
949 950
950 951
950 952
952 953
953 954
954 955
954 956
955 957
957 958
957 959
959 960
960 961
960 962
961 963
963 964
964 965
964 966
966 967
967 968
968 969
969 970
970 971
970 972
972 973
973 974
974 975
975 976
975 977
977 978
978 979
979 980
980 981
980 982
982 983
982 984
983 985
984 986
986 987
986 988
988 989
989 990
990 991
991 992
992 993
993 994
993 995
995 996
995 997
997 998
998 999
999 1000
1000 998 996 999 997 995 994 993 991 990 988 992 987 989 985 986 983 984 982 980 981 979 976 975 973 977 970 968 967 969 966 972 965 971 964 974 963 978 960 958 962 959 961 956 955 957 953 954 951 952 949 950 948 947 945 944 946 943 941 942 940 939 937 936 938 934 935 933 932 931 930 929 928 924 922 927 921 923 920 925 919 926 915 917 913 914 916 912 918 910 909 908 911 905 903 907 904 906 901 902 898 900 896 897 895 899 894 892 889 887 890 886 891 884 893 883 880 881 879 885 876 888 874 878 875 877 873 882 872 869 870 867 871 868 864 866 863 865 862 861 857 858 860 856 859 854 855 853 851 849 852 848 850 847 845 846 844 843 842 840 841 839 836 835 838 833 834 832 837 830 828 829 831 826 824 827 823 825 822 821 819 816 820 815 818 814 813 812 817 810 807 811 806 809 805 808 804 803 802 800 799 798 801 796 797 794 795 792 793 790 788 786 789 787 791 784 783 785 781 779 782 778 780 777 775 772 776 771 773 767 770 766 768 765 769 764 774 762 761 763 760 759 758 756 755 757 754 752 751 750 748 753 747 744 743 742 745 740 746 741 749 739 737 738 736 735 734 733 731 732 730 728 727 724 729 723 725 722 726 720 718 721 719 716 717 714 712 713 715 710 709 711 707 708 706 704 705 702 701 703 700 699 697 698 694 696 695 692 690 691 688 693 689 687 683 685 682 681 684 680 686 677 679 676 678 674 675 673 670 672 671 669 668 666 665 667 663 662 664 660 661 659 658 657 655 654 652 653 651 656 649 648 650 646 647 644 642 645 641 643 640 638 637 639 636 633 634 635 632 631 629 630 628 627 625 623 622 626 620 621 618 624 619 615 617 614 616 613 611 612 610 608 609 606 603 607 602 604 601 605 600 599 596 598 597 594 593 595 592 590 588 586 591 585 587 584 589 582 579 583 578 576 577 575 580 572 581 573 574 570 569 567 571 566 565 568 564 562 561 563 558 557 559 556 560 554 553 550 555 549 551 547 552 546 545 548 543 542 544 540 539 541 538 536 537 535 533 532 534 531 528 527 530 526 529 524 523 525 521 520 522 518 517 519 516 514 513 512 515 510 511 507 505 508 503 509 504 502 506 501 500 498 495 497 493 499 492 494 496 490 488 491 487 489 485 486 483 482 484 480 479 481 477 476 474 478 472 471 470 473 475 469 468 467 466 464 463 465 461 460 462 458 459 457 455 454 456 450 452 448 451 449 447 446 453 444 442 443 441 439 445 440 438 437 435 434 432 436 431 433 430 428 426 429 424 422 423 425 421 419 427 418 416 420 414 415 412 417 411 410 409 413 407 406 408 403 405 404 402 401 399 397 398 395 400 394 396 392 391 390 389 393 388 386 387 384 385 383 381 379 380 377 378 376 382 375 373 374 371 372 370 369 367 366 368 365 363 362 361 364 357 359 356 360 358 354 352 355 353 351 349 347 348 346 350 345 344 342 343 340 341 338 339 337 335 334 336 332 331 329 333 328 330 326 324 325 327 322 323 320 318 317 319 315 314 321 316 311 313 309 308 310 307 305 312 306 303 302 301 304 299 300 298 296 297 295 293 291 294 290 288 287 292 289 286 285 284 283 281 280 282 278 276 274 277 275 273 279 272 269 271 270 268 266 267 263 265 262 264 260 258 256 255 257 254 259 253 251 261 249 250 247 248 252 245 246 244 243 241 242 239 238 240 236 234 232 230 233 228 231 229 235 226 237 224 225 227 222 223 220 221 219 217 216 218 214 212 211 215 213 210 208 209 207 206 204 205 202 201 203 200 198 197 199 195 193 194 196 191 190 192 188 187 186 184 185 189 182 181 180 183 177 179 178 175 176 174 171 172 170 173 168 166 167 164 163 169 165 162 160 159 161 158 157 155 154 156 152 153 150 149 148 151 146 147 144 143 142 141 140 145 139 137 135 136 138 132 134 133 131 130 129 127 125 123 124 126 121 117 119 116 128 118 120 112 114 122 110 109 111 108 113 115 107 105 103 104 101 102 100 99 106 97 95 94 98 96 92 91 90 88 93 85 86 83 87 81 84 89 79 77 75 78 74 80 73 76 72 82 71 70 69 68 66 67 64 63 65 62 61 59 60 58 56 55 54 57 53 51 52 50 49 47 48 45 44 46 40 42 39 41 43 37 35 33 31 29 30 28 32 27 25 34 36 26 23 24 38 22 20 21 19 18 17 16 15 13 14 11 10 9 12 8 6 7 5 3 2 4 1 