1000
857 944
944 54
54 666
666 37
37 475
475 464
464 469
469 518
54 241
868 199
199 549
549 626
626 215
215 290
290 665
665 664
664 644
549 769
199 469
760 925
925 679
679 339
339 289
289 317
317 116
116 169
169 780
679 91
289 857
734 405
405 150
150 768
768 189
189 751
751 476
476 698
698 132
150 884
884 37
499 696
696 833
833 762
762 441
441 87
87 703
703 562
562 304
833 859
304 132
326 166
166 272
272 172
172 941
941 607
607 15
15 791
791 742
272 11
272 215
929 147
147 436
436 927
927 1000
1000 544
544 987
987 457
457 951
436 372
544 475
59 641
641 36
36 73
73 69
69 419
419 980
980 952
952 870
36 366
641 169
899 806
806 306
306 864
864 813
813 556
556 842
842 493
493 773
306 573
806 199
501 687
687 8
8 709
709 296
296 371
371 140
140 161
161 192
8 860
371 436
437 955
955 938
938 226
226 421
421 724
724 729
729 770
770 143
938 56
770 476
386 131
131 524
524 452
452 428
428 314
314 538
538 798
798 713
524 550
131 813
579 67
67 836
836 572
572 278
278 484
484 227
227 30
30 17
836 173
836 768
71 48
48 752
752 413
413 307
307 832
832 761
761 495
495 585
752 567
752 150
382 672
672 892
892 739
739 39
39 537
537 602
602 439
439 794
892 765
672 140
504 589
589 12
12 783
783 533
533 866
866 160
160 432
432 111
12 557
111 371
702 5
5 671
671 932
932 726
726 460
460 503
503 778
778 821
671 534
778 227
652 841
841 219
219 956
956 53
53 598
598 814
814 565
565 136
219 58
841 794
81 699
699 175
175 24
24 831
831 222
222 360
360 865
865 392
175 745
745 524
854 576
576 781
781 80
80 313
313 85
85 875
875 873
873 510
781 528
873 366
362 489
489 852
852 139
139 803
803 531
531 134
134 797
797 812
852 861
531 296
455 260
260 393
393 605
605 284
284 268
268 191
191 584
584 851
393 872
605 806
707 247
247 514
514 118
118 341
341 616
616 693
693 44
44 758
514 913
514 80
708 174
174 407
407 922
922 497
497 242
242 197
197 108
108 409
407 715
922 1000
359 309
309 274
274 700
700 6
6 498
498 907
907 466
466 916
274 513
309 405
777 946
946 429
429 885
885 594
594 526
526 477
477 933
933 766
429 176
885 713
975 570
570 106
106 323
323 599
599 465
465 880
880 243
243 930
106 249
243 813
99 889
889 50
50 705
705 463
463 643
643 365
365 718
718 281
50 736
50 493
996 820
820 981
981 178
178 945
945 151
151 21
21 519
519 148
981 521
519 176
978 2
2 634
634 425
425 246
246 961
961 318
318 164
164 92
634 334
425 841
502 788
788 670
670 823
823 642
642 275
275 195
195 491
491 714
670 63
63 136
154 356
356 669
669 934
934 270
270 809
809 449
449 170
170 668
669 251
449 498
656 957
957 404
404 877
877 636
636 749
749 42
42 75
75 811
404 704
656 274
948 647
647 361
361 808
808 967
967 472
472 972
972 903
903 220
361 609
220 980
262 321
321 525
525 133
133 891
891 984
984 728
728 494
494 239
525 84
262 938
691 410
410 41
41 869
869 117
117 350
350 817
817 3
3 355
41 376
117 916
527 586
586 979
979 939
939 383
383 648
648 162
162 784
784 976
979 301
162 87
733 422
422 923
923 447
447 238
238 830
830 918
918 43
43 620
923 40
733 372
926 561
561 214
214 98
98 60
60 551
551 224
224 682
682 7
214 158
926 504
412 18
18 717
717 883
883 583
583 253
253 127
127 177
177 171
717 771
127 2
886 456
456 212
212 387
387 555
555 973
973 735
735 580
580 721
212 325
387 239
77 311
311 588
588 119
119 871
871 25
25 414
414 46
46 848
588 72
72 877
303 100
100 322
322 947
947 470
470 471
471 442
442 953
953 51
322 65
470 284
600 201
201 710
710 188
188 621
621 920
920 650
650 763
763 596
710 207
650 708
424 255
255 896
896 801
801 755
755 225
225 254
254 282
282 305
896 213
254 972
138 395
395 315
315 47
47 876
876 430
430 485
485 236
236 523
315 487
395 812
906 606
606 509
509 61
61 348
348 327
327 623
623 539
539 390
509 991
348 715
661 137
137 894
894 184
184 406
406 935
935 479
479 898
898 142
894 187
479 762
29 28
28 844
844 992
992 908
908 363
363 759
759 298
298 792
844 451
298 848
342 632
632 802
802 144
144 300
300 23
23 16
16 843
843 211
802 444
211 836
727 592
592 182
182 515
515 62
62 411
411 155
155 265
265 135
182 82
82 696
122 259
259 722
722 26
26 358
358 237
237 1
1 740
740 874
722 575
26 475
486 244
244 818
818 333
333 795
795 776
776 297
297 911
911 747
818 269
269 644
357 622
622 276
276 381
381 970
970 603
603 782
782 678
678 180
276 126
970 412
897 492
492 483
483 997
997 571
571 167
167 888
888 159
159 639
483 396
159 602
566 183
183 70
70 245
245 88
88 660
660 826
826 901
901 692
70 347
245 224
320 130
130 815
815 202
202 828
828 240
240 294
294 520
520 545
815 542
130 222
252 774
774 593
593 640
640 124
124 965
965 706
706 507
507 835
593 744
124 106
986 340
340 112
112 743
743 416
416 295
295 862
862 767
767 198
112 530
986 91
13 431
431 587
587 608
608 153
153 879
879 909
909 737
737 564
587 218
737 922
993 807
807 689
689 663
663 445
445 248
248 949
949 205
205 853
689 597
205 669
574 999
999 508
508 400
400 845
845 825
825 657
657 998
998 380
508 748
657 29
995 450
450 96
96 55
55 367
367 420
420 631
631 697
697 149
96 500
450 476
264 27
27 461
461 90
90 292
292 630
630 834
834 548
548 344
461 936
630 873
319 646
646 614
614 856
856 231
231 204
204 267
267 374
374 9
614 887
204 284
473 568
568 398
398 263
263 308
308 686
686 316
316 954
954 912
398 427
568 41
370 529
529 900
900 725
725 931
931 345
345 440
440 560
560 234
900 337
370 342
332 123
123 943
943 434
434 753
753 543
543 200
200 168
168 385
943 438
123 945
474 624
624 904
904 181
181 33
33 969
969 800
800 847
847 902
904 963
800 734
924 983
983 94
94 194
194 480
480 375
375 675
675 659
659 799
94 415
659 244
846 553
553 373
373 230
230 351
351 482
482 690
690 103
103 775
373 517
103 495
258 741
741 89
89 604
604 552
552 343
343 716
716 942
942 711
89 581
942 584
654 145
145 49
49 805
805 680
680 685
685 810
810 458
458 401
49 829
805 823
31 688
688 279
279 335
335 481
481 38
38 919
919 105
105 512
279 104
38 765
701 388
388 364
364 394
394 878
878 506
506 336
336 822
822 459
364 229
229 585
554 223
223 786
786 816
816 402
402 19
19 914
914 446
446 895
786 261
223 198
208 287
287 379
379 516
516 384
384 673
673 14
14 582
582 291
379 369
379 631
468 83
83 928
928 541
541 610
610 974
974 250
250 467
467 750
928 966
250 258
165 235
235 228
228 558
558 64
64 577
577 615
615 977
977 695
228 68
558 714
796 676
676 921
921 684
684 719
719 730
730 793
793 653
653 310
921 627
796 489
950 840
840 141
141 120
120 399
399 635
635 591
591 962
962 785
141 910
141 607
109 612
612 890
890 329
329 731
731 839
839 662
662 674
674 79
890 964
109 963
505 601
601 536
536 994
994 34
34 490
490 723
723 45
45 203
536 496
34 698
754 804
804 163
163 302
302 611
611 397
397 522
522 595
595 667
163 677
667 434
312 858
858 651
651 288
288 293
293 285
285 52
52 454
454 196
651 968
285 624
985 937
937 101
101 35
35 185
185 590
590 618
618 617
617 114
101 619
101 566
756 97
97 283
283 790
790 433
433 193
193 764
764 638
638 559
283 299
97 919
408 4
4 746
746 271
271 128
128 915
915 22
22 633
633 110
746 210
128 986
819 266
266 209
209 738
738 179
179 257
257 453
453 66
66 757
209 658
453 570
280 645
645 905
905 389
389 328
328 511
511 488
488 958
958 629
905 423
629 11
982 57
57 93
93 462
462 113
113 940
940 850
850 190
190 683
93 156
683 831
146 378
378 637
637 712
712 694
694 855
855 157
157 625
625 569
637 125
378 831
331 353
353 628
628 959
959 217
217 403
403 838
838 881
881 435
628 547
959 557
368 352
352 330
330 206
206 917
917 324
324 152
152 655
655 102
330 649
102 132
354 732
732 349
349 988
988 787
787 546
546 613
613 779
779 338
349 32
354 780
849 990
990 448
448 540
540 960
960 563
563 216
216 417
417 86
448 827
417 539
277 221
221 882
882 989
989 346
346 578
578 20
20 121
121 186
882 391
186 144
893 129
129 115
115 789
789 971
971 286
286 478
478 681
681 863
115 95
863 956
273 107
107 232
232 720
720 532
532 837
837 10
10 377
377 78
232 74
377 606
824 418
418 426
426 535
535 772
772 443
443 867
867 76
76 256
426 233
824 168
722 164 410 633 778 6 926 140 319 232 11 160 564 379 272 802 579 177 816 882 981 746 144 222 119 237 548 298 792 67 512 32 33 34 590 980 37 335 39 40 817 404 422 247 601 311 430 495 810 365 303 651 53 464 420 56 190 58 870 60 327 62 63 64 65 266 30 68 69 826 585 72 419 74 957 418 848 273 109 85 392 82 467 84 80 849 762 88 716 630 91 978 850 675 95 631 638 551 281 953 618 368 553 104 688 880 377 174 79 408 504 862 113 985 478 679 117 616 25 635 221 874 168 124 125 126 717 128 681 520 798 734 984 852 727 652 898 523 531 8 591 661 437 23 458 569 457 996 995 476 178 330 153 668 182 156 637 158 492 12 687 979 522 2 695 791 997 123 925 356 412 607 173 108 360 176 18 151 179 357 969 155 901 935 185 277 187 920 189 57 393 501 790 375 670 312 407 986 664 943 763 240 505 856 807 324 207 291 453 210 342 735 213 224 215 448 217 218 814 948 121 24 446 214 801 724 836 615 229 482 231 10 233 370 977 395 26 238 262 202 241 922 570 911 660 246 44 663 249 928 251 835 883 896 282 824 738 711 740 584 261 239 686 344 592 66 614 605 269 270 915 15 78 907 823 782 186 278 919 629 99 255 764 284 288 789 582 285 289 626 208 292 293 815 743 296 818 28 299 300 301 397 51 499 424 842 307 308 466 796 46 196 313 452 485 398 339 634 9 545 494 442 465 206 325 742 61 328 839 152 435 385 776 334 38 364 337 354 317 767 341 211 604 264 725 346 347 348 613 869 351 655 881 338 691 170 180 358 916 175 972 812 992 336 50 366 367 102 369 234 709 372 690 646 194 376 107 625 14 574 603 794 383 384 332 713 973 822 511 906 391 81 191 506 236 396 302 316 399 825 654 402 959 42 698 406 197 110 708 3 515 171 832 588 415 416 990 76 73 55 421 43 423 305 961 867 427 428 477 47 737 589 433 543 331 987 143 438 672 900 441 322 535 444 445 223 830 216 669 697 451 314 209 858 851 580 147 145 701 932 834 940 463 54 323 309 83 750 944 470 947 808 912 902 666 150 429 115 894 480 481 230 888 572 315 747 487 905 797 994 788 159 806 321 48 496 497 700 304 500 192 714 671 111 203 394 774 657 623 854 389 31 513 693 411 673 517 857 820 130 521 163 138 538 728 885 976 528 560 530 139 532 533 534 443 723 739 524 606 563 974 542 434 927 320 988 547 27 665 550 98 552 103 895 555 864 557 577 756 529 682 696 540 13 841 692 567 954 146 243 571 484 573 380 575 873 558 989 17 456 581 287 583 260 71 784 909 414 432 35 141 265 706 594 804 600 597 956 599 596 45 892 381 343 268 539 172 879 609 610 611 674 349 267 228 118 937 101 619 733 621 678 509 847 378 290 627 838 280 90 96 843 4 318 120 636 157 97 897 965 952 642 705 868 958 374 903 939 649 710 52 136 676 401 352 811 508 658 983 245 142 890 248 199 549 475 754 154 449 195 503 439 516 612 94 653 677 622 116 680 129 561 982 730 805 263 161 105 949 373 355 566 514 694 165 562 450 405 865 498 459 821 833 704 643 593 758 409 371 650 258 855 386 502 715 89 127 889 719 837 886 1 536 226 345 726 135 525 938 684 731 779 620 132 212 736 431 257 537 259 942 326 295 744 745 22 486 748 877 468 768 761 753 667 755 559 819 707 844 780 752 87 201 283 765 777 340 751 769 955 771 772 899 507 846 333 766 5 732 760 875 276 866 586 950 914 787 491 286 193 166 29 921 382 795 310 489 131 924 904 225 16 803 595 685 493 205 472 934 49 656 362 813 219 294 19 41 297 757 519 702 388 275 256 400 70 827 828 829 447 831 413 703 461 252 227 720 628 329 962 565 306 632 759 845 775 624 77 86 93 455 134 993 510 712 204 518 454 859 860 861 112 893 556 699 783 426 644 350 59 871 872 576 122 781 876 749 878 608 106 353 20 253 884 526 721 887 483 718 662 891 602 863 479 554 254 639 137 773 440 183 474 647 800 488 390 274 908 587 910 244 473 913 786 271 359 917 923 279 188 793 242 918 799 169 7 544 250 951 975 931 460 946 809 184 936 617 729 648 462 941 741 200 469 945 933 471 220 689 785 929 641 100 568 770 598 75 645 403 960 425 840 963 964 640 966 967 968 181 970 971 361 387 541 930 527 235 92 162 36 21 683 659 133 114 198 436 546 578 417 991 363 853 490 149 148 167 999 998 1000 