192
17
6
145
10
132
34
129
8
137
157
65
54
138
85
60
190
52
75
179
23
167
41
117
186
165
26
111
73
49
92
3
81
96
11
152
45
56
33
182
15
130
166
105
19
158
159
156
149
169
153
106
134
114
148
124
80
28
68
184
62
104
67
150
128
175
116
144
183
189
151
173
39
108
71
79
5
47
99
162
163
177
69
20
136
82
161
30
90
12
155
127
172
174
140
46
38
192
84
66
88
91
72
1
135
78
142
29
50
176
93
76
40
147
55
112
63
13
36
4
58
25
107
188
185
16
122
61
191
24
139
187
7
121
57
103
94
9
59
113
109
35
70
21
141
44
89
2
131
32
14
146
83
110
51
118
43
170
119
31
22
133
87
53
74
37
95
160
48
42
178
86
168
100
180
97
77
181
27
98
123
115
120
154
143
171
126
64
18
102
101
164
125