73 1071 733
366104057 293825411 370714227
362557811 111213651 237685949
174247592 951188761 528362750
120626526 358249177 771200389
306405457 362514368 128223688
984349360 428328344 583340107
164091802 258563143 801268262
310463257 306604427 68667192
412090006 391746061 301177921
381353732 181086701 167322679
358948295 116070867 308652427
964164563 649102827 53506615
965955827 412860130 994150562
914126968 595139826 243728737
506604809 556915345 46390269
384865382 244093878 260889000
920575433 926312487 812987064
526583004 163003041 395492260
845090452 121377185 687628716
412333198 784028793 793515458
350623559 339020181 735904618
961571336 764388654 975223185
491173769 3867115 651353878
85576646 618582473 289550906
598572193 217705779 980660263
639061023 927615392 272546880
185337427 173840365 486376387
380553386 611181671 224106500
995871282 72410859 195862125
81572789 761384441 855087264
7266158 389818845 632304287
56331756 347872762 242710289
499921306 990216596 6834649
593382973 109508924 106458037
470808598 27837001 200044833
677615228 517461547 414928347
509926618 41587415 174172794
75565723 366828859 879404782
1874951 667455141 980014546
293741364 152394886 744146222
632325502 476634392 755510365
191333448 212532450 29016968
344466890 130423294 896160434
150822040 111819304 449245945
36096895 512910310 228829539
148156593 38119053 864496400
620370505 762131571 86740185
160641440 847646503 134380117
395448608 600826622 743311730
608681053 392800630 541331269
965113881 668856134 879215490
234605736 902128475 224237018
461741917 874666144 922371677
732717110 46519630 575339950
617824847 685993446 370537581
624091305 263951397 878314239
663601631 954452516 798961376
474286968 467636759 260922722
509517428 903766962 518768944
13782169 849247516 124790528
549362743 491887163 530221620
274462402 885595098 46478475
412847800 277861672 756411015
847752926 627890043 904499119
180277308 630688900 197558659
437928404 295100906 434044274
476831526 383833750 90510681
191559079 691741449 721749612
604873302 611682701 775020065
167843316 173298175 899427216
51493921 650709651 365581631
615531305 767570803 337776813
205993130 561658062 805593908
656459797 156499236 490246363
92622805 835359137 985245359
885751293 114615464 766175650
313258319 980681946 854157058
603116316 255702158 672777866
779286315 424576481 967012722
705320400 296171199 16885801
505703065 149616667 402957360
552881203 40861948 958634861
159835620 495269303 938023403
695775931 879482564 920396722
406797258 31582245 269924235
386303272 561190693 280835253
733595676 325459882 722259739
393120193 273554839 236526636
659277059 197836275 744359196
757725652 694431837 647846968
284305684 784446206 660162245
819098212 740909129 793370503
12779835 896164146 32463180
616351818 803764140 796515711
661785156 898484954 885873280
473640673 646007684 391130350
634465535 397644363 871676372
767479598 981495696 581118580
998990143 266200814 132050002
765910426 15308765 749568837
393961914 678396450 244112375
923281718 842260014 963670001
823195387 74046805 611369496
455139412 403488151 372359982
141547650 661940114 195993
913328191 888308076 667919145
409350589 983969352 810531603
285731706 623091734 513010221
71701371 161803415 794191932
701948142 196436668 94009224
659148292 632089737 258673075
13803352 687628732 632521689
270337499 277817894 685091811
31445671 667663313 806222619
328990508 774935900 767686864
988540894 868992743 171905081
773748099 923310305 506923761
2576401 88480792 949218054
733741804 260721368 358981357
153032304 715308659 396113954
425946200 847543751 649814265
248432157 143374622 239317236
404178709 936611345 556004820
473544857 202415000 69368983
355226410 752099583 596841403
387154462 504725856 702804460
828809764 827822862 833569617
536308479 132290857 250227034
578395646 366858941 355116819
890571097 127491837 474341812
77332119 61001424 940114845
536800346 999708752 494232738
142160916 886196245 557026450
325382481 875372494 352159329
999141551 452773338 256706826
147022567 731165088 586357684
29148331 552363122 955231902
168664950 863130295 242107355
941173955 354104756 783592315
928728338 811434418 664938287
774817338 624327175 718344968
377549461 148411863 141124720
46193286 171318197 62210113
277899975 703852189 58488549
165131187 511303921 763510797
230719953 115252160 239472756
3702379 471334861 778301875
582788756 302507880 51301258
8403709 765526979 918800133
705404452 744660623 428129343
493025194 291407245 167591344
161373620 183915289 709369933
920860908 957468839 903641273
755128179 766552401 964962918
28977330 763714999 349676794
718022888 235071834 425484257
584430954 647615868 621997028
464652347 300463226 789063931
450261671 954569837 320394528
634022408 479543369 88165172
105562282 713356030 610442924
826633226 582694716 984848028
796057332 9418094 240077001
132270056 711952261 123986345
745032814 899593569 840717508
797565821 826566946 6234835
247778263 930049047 349775709
157408269 195032135 40814656
168440822 39653729 266226879
147945439 61074905 315501499
821122053 725848914 55579419
625752690 856029517 76024365
906069486 776806518 807867993
835218423 333880763 341079173
250506449 787507344 319763125
143501775 643395069 651089731
511701709 977919448 703659369
295554698 107941763 130180613
7326051 833550660 697951626
554714663 847079053 221519893
377575243 952229089 176921091
901034188 920425135 761446094
358951378 730477495 470743443
236298953 532770595 44729792
827220136 206812416 922265313
699974135 122498566 310269213
87386877 816088729 606464700
471784113 336852176 744567757
123408229 464152336 975744721
659892852 914549944 908421940
595336925 961447660 317463739
500927282 90386353 74879571
647396921 18675503 50604875
472916101 778185668 402855671
720978422 251240986 882129502
776547913 916224085 877368553
770828996 444871408 142107491
94973799 819222174 349065439
639720898 397395921 118621575
459403630 857188710 263016360
61610452 869774232 826514220
30183966 298730086 199055817
232109570 928862513 741429215
263146614 568844235 586226687
252256509 735953078 271142411
775139343 363013986 290494123
819316705 926309456 425037750
41533432 626589984 929470728
828112458 950401415 275625318
530607169 574731220 243869240
666007041 989695300 726240229
616735769 199125811 652492077
501494225 809241182 379106363
4531838 439797136 492246935
587516043 833048371 439748686
857683702 339826169 855930393
837217497 460070748 750333507
935457216 906424780 570980646
324113968 865838460 372484859
807168345 592320751 297775250
604710549 589539577 83134060
622422317 736094281 305479481
397544973 140673983 302258292
535304587 167583284 475728618
609380093 3925137 504610719
361118906 186373832 327696443
699536228 538822861 588853051
560216782 668582731 137240365
960490352 639371850 45664762
122246386 674104470 906902774
711750171 504609301 795057643
354791166 142453828 9326752
938782694 927748625 512187803
515272456 467722826 836833392
704566414 133971806 738047955
436481127 515215108 86080334
456655494 642127414 111165421
608483180 940739133 226267826
249929673 290980020 443730260
187024940 512542291 98788838
940463022 20883591 878447131
560460953 258590030 4087510
437629284 979474322 409195739
873940023 461031430 33482508
519040828 503389264 585629326
668671002 809484285 418834525
224113916 355516820 922723216
262782106 847360163 204918791
673795217 94908804 341036258
487269987 836621258 362139075
707508580 951584034 664122292
311804458 885451161 584518449
440485227 624945705 46576605
963139241 773535219 514897959
567058481 510223281 733239438
102294252 982828972 798984974
263641069 205071849 435340514
900159719 110290096 82237330
999651376 698638026 183058182
739264277 134611170 860212088
315294388 504568368 34001226
395211225 600131294 131215174
588639342 463499546 470089008
757564680 912036806 650993506
304101480 694726680 575649822
618529920 690038275 32263823
12598761 854461544 246137157
667710407 871436432 209658141
511670558 620230799 213819041
958860387 992895990 199577061
954348194 515521505 534610746
165470136 50399512 959256846
797630984 331662679 352933335
928738896 926965523 699608943
635325156 967569876 342864024
544937291 418497948 833649340
501802958 162162428 925313251
990532031 990378606 699185664
50119308 169791776 356945295
602717038 3471411 215457414
317660939 764086892 425233246
757262817 473102542 22386592
942574364 436215938 862432767
644925150 457870389 590415299
641240373 847958180 879447311
325292735 627372767 909450122
113853123 255877095 714106742
870852547 163102099 986378955
215369411 364852545 779308643
288476989 779073281 655554866
43724782 404639528 789550097
753872132 726889362 568220869
618939619 383808119 871558546
629628801 450467411 183843483
577298181 591313559 571772504
357837737 177926395 285214343
928640515 346124440 712829188
612446194 75505264 623643361
411276785 928389290 29466229
913363293 954900852 145630191
464307096 281861099 675857200
431492348 603368861 601716636
107258087 170195601 847791434
44605031 678849107 463051040
384289666 119947880 310907313
53939437 177724207 905062602
873029990 211535256 963785562
565892189 973287196 456476830
672619645 296175166 560918930
228168615 736058263 711752084
833668077 732660815 464215367
370568253 473872887 68863154
448714827 125339355 65119249
683045350 721264592 374096307
968270205 341188506 531132287
705667140 214110134 923048764
297328255 379994740 569795350
405580267 74732183 289532081
940270981 150594350 840957086
776047909 636088320 124795280
505227215 618795775 682832027
60334023 645822890 186843037
571241086 431585241 804224114
142710223 306640796 848914404
900277051 150545149 111556275
679486702 483809260 382348350
705558637 120291881 727302760
473125390 964354163 743468430
767117602 120964455 165134055
684060399 205480419 732284742
829998 274600880 302098941
86008646 184285157 193046064
195491867 842140579 167463211
542795294 308653945 915538939
244526242 423702581 348047615
268492497 399469989 357608373
309830716 263750621 67427414
299831063 358885206 210333557
186709476 284553203 733725110
360995354 469706098 665557874
450469069 339676087 571031764
923993797 713384668 532834417
842618898 137286428 688400318
750168903 903608616 140971392
232793115 759340124 765199882
314838312 275544154 835108780
221187341 381897167 414598397
826264001 610795769 184983554
882430888 69742150 681915337
147575775 273133476 594568957
633379899 494041673 748715987
815172534 167948589 148883428
118988542 990192195 606946906
433342738 322473594 451139917
56133214 850931876 833862622
665831050 133534023 966548491
977720137 695369416 91367902
537830029 132396530 439988279
579804677 306512238 102433496
45261524 347010780 364488062
955743262 665980480 582837085
190141290 911364482 304944360
233864057 424360652 422048405
373286058 861580823 14566937
569573090 843384053 797724443
863761010 455256085 808379634
581646982 333055722 766597382
47320909 90581425 740757732
878233158 477063364 233638636
126414232 431252681 893939794
94283017 805889742 464257284
156993455 20205398 267139962
182999995 877503308 147581076
5112428 356314225 427728647
204993752 611085373 39833783
658994891 298133069 425571923
261791371 217916838 295107575
276315490 612807391 78139893
67001470 496926819 37565268
603030893 435153763 289109685
653010245 880463489 541462528
921675805 650117548 341901455
645127401 757406982 439139539
225087890 908862797 768811275
423366191 418264698 140711393
892665663 884647427 809216336
465285860 73119649 718211877
939195390 708356940 541377282
6872606 315396605 590805137
199375143 387812009 311491994
293121365 991103254 125135753
762794675 605362150 68687054
586980488 3168169 411480882
217550350 446446224 737308344
427908768 853751118 475292595
184593952 17750305 96138617
223997980 222715904 247210259
315415217 424195340 75004533
84244302 51389185 698921313
998084705 111031691 186424675
581979231 377313598 637990043
767333293 138979967 49960274
539868557 393698370 58003391
906547129 943759577 481877131
624244845 594841451 538743121
116432671 36054939 300471232
865538310 426831562 626663165
968411789 254720581 870697934
420772592 132518352 98499509
609116108 670063531 399898853
876773115 688915429 664361252
392960041 472664411 706751008
864333479 155511634 620355341
239246667 330979482 591047642
771670328 227098464 288005950
434294018 506902859 69567936
489838330 868481424 87974347
954146765 685304145 361880407
303072019 362066360 174847186
598298358 166178543 421433482
577706235 131258504 993375046
873205050 199440854 768374738
723742572 225466397 340641179
355855932 18860501 558728349
758225572 401040870 349478270
951117112 472116931 653191227
111889516 301862492 113487915
270437113 580716414 999410048
605317070 469089878 152561076
335928317 640574935 734083771
513185585 133576799 951861603
677652793 259630042 361022041
139864840 973684917 874932698
882414961 670736582 332842045
307327621 949605809 964282152
435177819 132007535 85944660
214646829 92228886 787678599
639403151 340928508 337180744
581208972 108337227 557755975
758478424 338886961 897443423
5671466 657571874 231193645
497992231 842303057 271069225
229224023 544021267 55333799
72996173 588127644 646683700
426549646 547593686 571906010
72099147 61154385 97641190
110123871 369231873 291898615
731704818 745819249 224378525
432069098 231496534 172788714
487589276 6688612 700660038
443017816 854017935 6186505
827005049 921907031 712235382
312576880 764553139 401418870
269464934 553284738 39842239
99178277 722032866 460565934
776155080 887362354 698344940
52827395 656976276 501218850
958488909 392067419 933870649
60067315 245528843 842019678
603317462 782041569 110899894
190343094 405308737 987108848
394727177 556006821 947269533
958767685 122478689 541232304
964750223 810913804 627668369
615430758 213642300 33783285
528101709 909265912 205471049
927508973 284066011 983953850
210879772 184583320 247065650
967022998 545115150 56104995
511902952 366914837 336415332
377418196 356146665 983226918
774600516 830649987 790212677
953389611 52193829 829735399
266698876 829857076 164702280
946026800 387132916 392247305
433446528 787019770 727583154
253202375 632837692 921835969
455089786 110151935 60132237
148155806 512799385 170219324
273147515 771576588 604910793
598560779 796366216 732676532
927913709 690464808 41520333
611474916 199907363 846788364
504528586 571216660 58713608
148885714 259553528 100675340
160684731 387453974 46933203
494828861 898403403 216390263
678707882 793313015 842752165
707462130 561598439 629649152
191655140 648817503 528722843
619222137 984830422 94433679
329158553 944678548 793847144
42362239 492047752 35329428
303318068 5992708 312418276
531697908 943735542 459235499
926792728 389441289 128790015
68051759 675889094 16571340
270407568 136239746 923937229
268260045 873579543 114532621
480123163 517620409 513917813
458267663 438432773 643701756
810102897 19883332 242323604
959821605 661554870 724976364
561818839 495683966 46689313
988912473 908452391 49231138
730216727 459062299 14286921
45256261 482358317 381213218
802488195 974462576 513511480
510759168 742006578 104220376
614062184 311874924 451750692
376816098 520235305 795869966
250286720 79693187 694923059
199714204 299313984 694456502
89874068 984596717 773749620
888299425 354702774 876134240
483804892 926339570 871254467
966018247 829274244 713610156
338373834 883875165 797267815
44027471 470649007 869856735
74643114 369150842 600301268
168422705 708655563 788725019
915154446 436281414 647825734
775327599 210584567 802430877
511056165 561257619 477852214
368630450 557031378 858599337
881986260 709335385 793100036
237642613 337890549 243702241
811236620 284239330 436309324
13750583 694615609 183171730
378870006 314577663 920058312
843493538 227068946 451750473
907248038 515970879 342857604
234092437 19791729 403067778
25524138 250728931 853031318
521473455 651455117 259406253
828230868 849010261 637343235
918067474 355336579 403775551
206001303 753802801 223428746
716980072 194933640 295547075
974733574 828085624 311433845
226339576 344096918 663260219
962535237 246922125 957505193
389052665 771005976 233795818
687924129 559437984 575652781
35838676 230545508 910524200
687010772 346356786 692777035
204933586 735310896 745095633
807360006 835425757 541305583
850399337 246762205 659419201
870965046 341304672 80235305
753702594 655108841 187578405
37380324 648355501 529305739
323793596 789788094 303954854
49663741 327927252 953482344
909348117 268854775 535724051
87237623 179829377 416801240
905020426 590066543 390303526
151973459 179723649 147968882
399451408 847280151 9299971
789325478 215015182 681916830
994940267 797093255 745060065
547752807 355836707 524607119
469853707 510361974 351136704
749457199 899340657 89972508
706503225 754018529 207037713
900155683 260499624 315190605
335167821 920074430 666313186
936791695 578127109 184910288
993728410 492267744 853353008
393560680 593160804 97632218
106387465 28758839 922242706
145962752 787967070 834480907
599181186 705031521 18502882
176652383 897456011 215044663
213688108 571028234 209683104
267633458 160040907 917866090
321833948 507940333 946798187
703821393 273511365 756302396
959299199 897245301 754842570
686053235 165045692 300741124
596981495 891283695 539003494
896453140 975516019 485767158
647935187 648980652 458485716
530541693 784778880 281157672
151358171 32994600 608184000
958423057 453307351 195258653
363281599 324828214 972294586
868899267 657053934 625092914
202893544 243499410 610644634
552868263 341865261 584793565
735782843 674577691 161513826
816004770 407905105 31713305
345520846 445767443 756699095
472735491 52238385 469988980
400986358 109419842 958122155
880565042 678296428 802030367
947444652 744705715 110833061
259432358 488104272 387366182
266905556 260324012 761179643
947315640 763506303 653246025
315355941 671889926 264718172
746584231 770919856 477719014
808572197 635541236 205877329
748508627 591767833 380601474
153174694 658232137 899433861
882818471 344329751 654537433
709743774 816997255 125177261
936753650 923316282 243060128
79558627 801109754 571475500
503380181 46158630 167235492
184226042 800439783 135254845
198556904 124526294 399107522
525611771 832587076 890576540
386972598 114076604 702246465
363906238 578479746 140398363
621191828 414196312 287014202
527915762 356489383 947353666
103553445 667191783 979568528
677007023 864965888 820878095
541827891 434054393 890059189
166800605 507121191 725788122
445425976 439431902 201074577
786657265 815110355 973225031
792062414 258655988 777455478
776368262 337467953 728989660
289157719 419655299 620294889
643125502 51902562 306196134
175621629 50254474 914305400
643617242 565225750 579778659
906836550 53515800 406749297
113217718 392123597 732825875
777557753 833078195 510103797
597397958 862939796 349884393
530477076 898807870 119566757
955856973 572036703 288224688
534854229 457041872 334091252
144219207 195106060 527248605
954663453 256722626 105646070
247193504 164978083 841467836
545781990 51587595 953680241
521771219 903173871 740596351
298029349 518603382 175671337
218141196 16591583 823311072
220510327 462455299 39571685
726022986 544129189 978110062
349478065 227495944 883318907
184894933 292147120 342334149
727283291 623729891 940406678
267739819 907129573 712023723
44694360 458624008 507379448
915181661 744816881 959025544
857421138 975232988 152273284
505074609 1628299 186671785
454393435 518715799 660780938
40470997 769487004 131272520
124683838 504608710 394338839
366923383 361710808 272593147
5504816 770164722 15210350
28544838 136178642 877861608
946314163 307423432 614306422
643713066 592906391 831947404
586253016 621528005 434138352
787408711 381793020 93063650
608171955 572224329 822456544
270435766 807370495 875354814
309987908 409271065 894813874
894894545 435662874 565667989
984875199 650082772 928271197
173833065 466991776 658642984
879435557 310724607 126585080
688778060 693445817 566317053
775705683 98950306 787882128
500492256 873059203 277057206
511361430 764596847 378818283
658490510 300363152 270276450
232591303 823789822 692581974
505213073 938332845 403512980
233490735 315316095 130711702
741514838 195544019 538901443
649953030 271553809 184254065
598122089 100828856 746795929
869040756 708757869 439697524
501354098 958673464 723143507
814371242 148196505 725352433
614765205 433130946 674879237
422644616 263770271 191753270
980427233 310725050 240908217
844481142 362187780 447462438
816195686 390051923 553166297
581403455 854922769 72722939
330519638 640031896 971565041
124682491 66955360 270073853
930992251 958078121 692586133
476901273 608510573 554369788
549907975 403501695 450682499
759349821 835608444 111458469
960627191 434867952 699997921
894107442 25043489 957304791
510003481 339643616 522915798
623947778 596593984 212148028
967776062 24532852 265754984
400469269 10280731 18619554
905528661 966547203 675269800
614681107 325523492 88758746
742690320 971464068 147311201
91259556 691414118 534623608
15381284 100888653 496881683
986862531 609709793 222281688
38491312 450783046 870714583
172949128 967771306 266754476
860744950 951943274 185789212
526766216 735229927 243704796
307321950 322167558 338907887
13764925 237363177 356446166
332427423 412491211 474047022
230391025 732607336 329137047
295895253 147179033 353417999
197776347 739890942 470038389
608575388 598852328 211639342
826022785 197492341 9763564
607023031 951627406 587145598
178345906 835264360 818899153
65161091 373948045 469743191
391007880 343285089 986525772
833624796 975130670 429845560
82601048 769401466 933174143
281552031 343477927 782079671
251046460 783895529 103545345
439652909 816169680 83027797
579060546 588055688 168838338
433021973 110025179 433353846
549303545 848669035 915778082
552040976 968714640 381188629
878768823 847679440 400033502
99067750 229256423 13452742
986913741 443241981 855021833
222044315 369898640 97128137
728285863 693905476 832921543
356464871 580703501 34641320
230946266 234437750 60439535
133783040 165663469 566839423
220608661 689480518 270446776
615924927 685833934 855906439
950812387 551740478 16136630
758634462 554498982 202047926
408107190 854373601 493137480
924373673 955435342 647271909
790588161 553811047 311292546
125167136 662899269 334145220
361259154 659167007 878921901
702284710 435348263 595429652
453757890 161110304 836442893
389771166 857255745 140327287
630400159 931397031 723332417
114952919 289407968 317650439
526050970 577210335 192870325
233761057 701674033 434107027
134671529 923067441 330171957
746980805 699628915 635643035
188970521 700909812 899539641
851005710 838374969 404832809
810907458 934490244 53512901
403249254 572522774 386590678
992336267 252636036 987689048
553888140 17446714 871622140
975918961 862657089 725412258
457135672 841775720 174892310
279145432 582457723 591765116
635582623 478390417 802233813
857487317 26464225 836237773
282716602 728540352 818575133
493688866 924552366 672897371
267207053 156590599 327505139
738972609 258906359 656781296
56706924 243851689 226855598
203521986 409589419 311499719
997982262 37093295 237788284
560464456 544599526 122558967
944602108 251710223 253571076
527680694 419985506 603355706
861187100 379107545 266824070
657183002 29904915 373885068
254304221 206758605 205490867
992387677 751321634 384104968
728547171 744777111 62430065
542343519 729797750 287977135
531026151 732104512 936428293
925903923 891399975 363654243
958996743 272385702 76910857
150515671 506152590 774838596
957938587 725318313 449720909
490742637 882398775 853141293
944255731 890261354 676478247
387377578 723574748 670435309
537668306 458531192 880235291
430840337 547358761 497871142
166726407 463166529 43021563
860688195 507154928 124826269
650354266 889526452 636693225
336451283 984288150 299396102
796394813 85321418 339831742
956075880 324380104 324907182
39535226 477399200 377586734
882856835 728787615 164165779
887851722 626110335 574863338
363952206 349903850 542467225
152836107 120338636 858016218
651241080 737156533 506894979
200970412 564443189 406674134
341415521 165615362 889821152
669886024 14643257 965120446
299385106 269122624 335504900
291025534 795976346 362004039
932056900 674958346 307678892
175918611 919146 132002922
824330025 670603100 94187048
70651596 162635828 905135728
94092740 314839974 240433232
137793285 219287154 109806518
758134717 479981826 657590191
238354190 622277702 567232286
223027835 584461019 657822915
585404757 809523925 789019134
47984575 60592335 43535917
403060415 436201230 398775699
127776032 484658337 47519819
623417987 703175435 520290667
648918187 147198591 646634810
547222698 629198145 376892564
623740060 478485000 577230140
160939564 6421547 99852571
31267923 766820234 245683900
168270608 25074970 438701565
879090750 476281340 452097298
817009392 899562052 390308155
252507952 222135616 93251199
805884518 519614690 116641587
273366674 922939585 654492485
576952138 687659128 670857219
184543712 360105631 509606050
745496842 87377326 456592234
349108118 561790051 73435011
164037776 528709387 949546232
240688208 968510144 430820455
294494541 119848024 657476183
983608254 301381920 831769688
980907749 155282381 872689473
582853729 316606463 18717606
855129727 504734186 228690096
268954935 735617835 550232792
859603318 788126907 802819827
518365376 724195708 211403508
17726395 713817886 379301996
421902361 520354747 12745631
115347715 430385995 955293335
127496320 789582752 923806550
729678102 413978834 612826614
821623521 342874719 169736759
291575726 488012803 554090999
893427669 280647586 435937141
489087468 585350040 435251456
761502982 934910601 165765184
75778675 833894035 118963480
341135024 58334775 353080440
915614564 617633371 866042698
957453577 470179922 885582695
277071218 409631170 273089620
198710621 474141074 507553572
838183153 958148500 395154876
44026402 909709560 569048739
199064986 989095548 297665425
993989144 608268987 501545845
702885540 3071423 249359663
786393916 147969649 139342946
578853606 263256658 300314744
928202450 248775614 56935154
31415634 523979268 263848181
109139523 419987417 427182238
966491689 468048628 58139084
855294471 51672985 681876706
802212084 404800616 728127914
810350372 357503379 687220499
276609680 553971459 480129843
397155382 600636986 48840964
741813366 40165067 574888194
420052963 174602906 937151316
377810209 6815798 592251406
120784368 973289679 198369332
3078789 773216359 333748489
101495681 554663791 41914251
488856218 524024962 556590676
896366541 931180259 619080257
986115484 593497488 657994049
436517921 113164356 224152300
152159605 290382845 18334542
432112266 260326103 700711757
357666970 578613298 835638948
436953714 151808099 959563865
977441777 894621185 225714354
601220813 906371536 916013199
69153334 501700636 864894576
102118565 249026113 665496031
867306262 848559035 282122307
387981381 700921348 483622713
962183516 188779029 936618444
538761328 994220443 446098383
924401642 831703468 628677725
116938152 392450784 944054987
710618324 645972710 31559269
360270401 455778887 390075818
730819559 640222799 247013200
983383015 401171988 948271437
52715918 402629621 898534906
919991546 961629093 397528982
241844881 523572336 655559998
247769049 847090338 31847172
816208182 935819272 121293062
743999072 751823504 389922199
465422966 971970682 461002238
8301104 645226881 998481302
984054905 123184324 329569354
698603484 827373440 251632705
531731398 716917581 725918572
835887725 62317747 776216314
436911683 727593293 133784513
180608382 2957831 293218846
445395865 705721502 825529673
548360568 246803543 343604251
999332859 912156625 138493439
986873542 91050702 616402203
270507775 829864714 139262305
342795601 283681385 49332861
967190525 563664106 528048212
904979905 647047313 921403487
163476209 147370712 623150160
703095766 108539285 649853231
145942974 433838142 5087036
263107313 551895220 375989269
295303003 617894176 12348274
299138880 672082327 432856428
944540635 554845118 201421981
359133892 901409849 668565849
907685029 341762500 894548082
502726975 812205155 971991162
810629312 11053652 783763724
344633696 448395902 565039726
521360720 450056477 419074960
900593337 753411064 368631972
651287380 379981436 428201278
648254965 175439458 504097352
892033352 294867810 161242203
404525095 503541584 956810396
308949237 964901021 747934965
702304053 577033361 991281738
186116206 761267388 440295663
498407310 528052815 185766949
842166666 510804893 478358109
264158740 123124199 424019760
151858121 135747231 777694254
982353304 156437081 601215504
30750254 912815663 435682583
814936093 226468508 683425247
103344983 976736324 679918050
82073463 282340647 681912958
665152458 718586385 598156161
529140741 968110341 962663773
18455457 158148810 188087349
866785326 136006770 827361874
377171939 40206107 963385487
313450559 471558769 52700335
903005711 113008772 106936449
586440478 264613516 255260779
819015313 980301823 58583997
337593154 643049944 826316110
598865011 236081316 251617037
302250681 340283238 371897612
26437618 756365344 348451813
616116307 219574796 386527277
438551528 798063930 901008813
597185749 54825658 535488088
589023879 551639086 881580449
503216099 282322110 336658847
834860555 851362107 274011414
653774625 846258906 735125269
582052036 832636626 447004101
22151652 827953723 830257890
472007323 535929911 982547482
322364634 340538572 37029883
687849156 676536645 73167707
22629216 266773583 829189951
166380776 704066390 859183525
616401578 524808312 474426014
130251248 855958751 936570825
174164730 686660989 995268781
667868027 2833229 423472789
522145257 89603017 261698195
342963399 692350576 740329872
221146271 489094009 384952852
732114347 253397625 854441271
636711188 17350860 415484963
782796351 899082329 7233219
244956093 870562453 279967948
606979489 475383756 541492281
248369418 292048460 719348886
927937118 510390577 985815106
356527345 493946793 80033056
946973511 564258684 523834690
347635404 737259713 971047668
187639014 510089693 190387149
657490719 402479198 650659735
740077897 883215406 452198431
106093 477345266 271077196
838770396 975294560 307183176
60611132 515137195 6861159
626278857 343214220 8946242
980036491 692977086 178583405
800289477 680539381 536286767
193842403 581938340 102039029
674159954 857411163 761352610
732482339 142433832 702871781
266616805 348712069 74955579
608717900 376707390 228258336
648296511 149662107 863795865
339551137 697144633 464626890
162735876 657215932 442546180
701042259 723130440 203395588
805049530 785066067 714270622
562945242 79762282 660424982
898723839 845490608 726845705
359717722 82605976 53556837
768880310 988843565 604673496
526360176 988609597 822507348
913085960 140003181 433964049
477361135 716362546 462479269
244872877 688937084 275304673
717453055 749512166 117221243
777418659 125973651 584974293
924737470 855201515 957431821
392322150 964309897 740199715
840733049 227911263 507762488
223026770 659258962 75721434
647946700 894478527 444113691
828708689 161814960 828693485
958620722 595895909 385233
990908978 245906227 373873784
431752478 443595472 472307129
534075423 461761975 112786735
405095848 708885445 438650970
673709576 534643466 731688560
150727755 991642232 175670926
625241752 927062451 168247983
617150924 547553441 113409852
705743491 474481953 968910918
815744998 473310298 823487157
992400566 799339555 534843960
681357460 323066948 795334971
366064051 922644493 910584166
896454126 352574041 295303693
344657504 939456867 549503711
51650473 785866894 724060443
553752097 582237438 995123271
47532116 280741603 347406763
691961092 442410079 626507974
163001451 472915340 933418961
668638856 690867956 698832520
749734936 890327468 556931778
292701750 121012223 330826384
652707923 311609059 905397981
350613878 276318278 814766839
673272762 464395827 811351300
937287321 479508061 875361002
597347243 770183132 400732834
644701127 607712449 721331139
664398089 795356064 734324250
31223012 226783513 273019992
976889946 104583271 234752090
763427241 877504055 152133905
787526954 315553688 119933065
558532306 952716513 869845051
533006259 733245606 401900241
955692163 415142153 468340491
722777893 129326201 816390000
716310229 277004744 464001762
948894813 860238729 437629517
858350791 569509135 482968775
499505652 259577761 87528643
410231134 741539088 175888151
65399133 337562115 658467602
542541351 135418099 799167121
593994174 815094979 20394058
145647348 930374700 238204242
695509501 924636997 733981576
771646123 419128484 402316531
381241124 872560606 665723944
332623711 408932294 397897252
989036244 571016470 105756338
540352223 896213429 934089399
710211960 747462569 680635722
607192083 73644898 556935316
153424584 499453617 308156157
716934893 804501894 8344583
51100701 736155066 20077717
138945707 233353294 809582397
152287576 379222673 173534156
104882426 686755628 756166986
765983068 347033524 527449720
616152323 63462719 313244418
525068155 820275931 240612734
297648193 802719340 663529269
310485052 973768218 951915222
65621450 484642249 44625433
608241896 678328085 675553015
14024039 860116841 39537908
925284249 947569873 118566192
283490950 629060353 46957947
374625614 314013634 665883996
801198671 600128200 166597744
243570113 634040386 920052149
435198791 186817542 387705165
791508207 132588737 535462560
997445818 317826076 669023254
776057588 557842458 328223361
660319155 856996210 593710966
861238242 528238827 266290396
74466071 876881310 243626769
895614714 90933255 32949366
311109959 967477464 736527915
606978328 702550684 167922483
265201558 1336310 537384127
508262739 487834793 66410548
601090346 205502807 25762176
840403326 861557578 944514358
40785585 593194112 19491401
382143572 788303716 672293148
878733785 613003870 515259946
150939434 789278528 654640358
422362362 332542427 534397833
991137394 94186518 955598611
173848686 783817214 670315587
492056089 531348414 90633651
12042446 895712901 119071829
322645084 882598021 400572511
142086543 399931374 616219275
964196461 617118050 767996256
296406346 281903306 90634337
635248183 517823006 350489839
374070622 76411674 591159696
209179370 481581061 390425155
966856731 255623337 130526626
226927348 273174703 850508344
323200473 225768323 225996436
465309799 245888710 961735723
409906294 773488085 964756603
562982133 678004584 645228515
882541589 145764474 819988524
521518447 102452097 659495130
39184657 11282000 957058685
225569383 866642010 691576211
145155550 109229700 24581842
598687101 35364262 246510064
579692746 957823825 182103315
486038490 762772480 627662033
661007060 300126914 565239811
891093586 760708851 60461473
444426289 823301188 185004166
597753306 454164884 70302675
270775531 330675706 376142448
785124370 183185801 582424129
553358148 438964762 657258448
770485904 999637324 928310003
57751260 378264871 691928964
998601131 185453690 676101279
766269444 895942491 599116496
908772545 779121908 174706118
768608677 45589198 533578961
472753991 572338926 581412645
97678693 747607511 363980631
181314155 415107096 517264901
769370755 61983711 144630901
722425894 944607517 155836510
802246229 598420673 973328784
971819900 806334910 612677484
586866178 122897351 594643966
401763330 449710191 957678360
670465413 529906749 35332143
58786540 114940143 893004203
689871423 142896466 82823032
689296576 506515844 246260828
556996726 124757238 16093141
398768979 254783800 765114922
790626016 715213271 41755287
594301733 860957359 169918249
105368964 29040608 580157932
802200888 287852302 872612211
750083598 559583293 642047969
53701515 107564278 926282259
781677306 279627663 878347225
599049366 871541783 209410863
307990260 812735669 140544993
548658945 125879381 743348332
849506411 792746219 942643732
473235455 893180100 591357860
611936835 794330242 64742540
570361780 923936465 456355035
332569474 768901234 227218619
843554134 998214191 110896325
22822784 227064557 931218712
275454681 295905601 518998425
651679421 437823002 788176990
577481229 869476851 269671495
272314117 378006473 259378638
61906638 404611278 864656862
279561609 788847822 158093852
279758705 296079101 13527341
246468315 312531261 523432365
693821011 424937939 245693851
245584252 777962086 325566989
147517535 541231933 981204461
603079245 854353314 94122473
811915942 384465410 86860242
774805686 126576128 508635586
587001085 883079179 130290671
766097176 127966298 91582023
503699933 728836504 538351700
316029969 354398287 296199625
159203504 293012267 619140329
202385536 676878007 8251301
218936095 46789300 435043384
265347225 537993736 621236270
495781099 96094088 31917308
61858473 346658476 439280926
820699602 738291662 273628408
16171900 951379893 341310661
820223956 861524083 765110692
209854015 569640581 249512722
319903842 614533473 897799188
947657138 424669113 600992807
276927291 304186810 821585812
379412329 914155274 133206911
686811558 393063216 823803528
260830721 408979891 403458069
187127261 796634103 625661763
319522999 509976440 517799751
842878377 431756803 10476397
155660365 306758157 575343866
412720108 37672789 263051061
768931668 373060012 537890067
749331761 336227193 876900071
70230070 645175564 348166809
510084825 9788788 141319110
403975165 188670287 521522316
649554460 447302502 941808142
509059867 912247171 847741859
637891461 455709964 964079878
53849044 711452015 349978057
148106817 329263741 36826554
975750876 695256632 187743981
189489916 753087325 884426538
493269392 282100109 208355634
160435222 352741438 597116204
655794746 898872317 229595086
591248545 595044358 667445301
279983522 999249983 595738230
286595946 61886304 477392338
891984156 965287323 352174957
784503193 838246785 353688100
173222504 756585983 122025684
830379198 107956339 5137227
43589019 28663636 589691089
356043861 347087145 975524570
458821541 604338196 166787301
354280237 990301036 544711912
176046289 443402980 469300238
973566196 128874919 662639108
136564743 806051973 519603764
403955155 541984728 139222327
822068396 533297549 70778842
643550543 65864297 661516483
813202925 677174792 539058045
370399727 559570232 452846123
414138044 967876303 448908951
566736971 637916842 113434071
49981794 360199664 801525200
917731713 599908977 482558380
980878279 876388635 151545770
182672183 669474562 46002124
293572634 512758175 715931168
255371717 653120769 953553734
565733430 980303427 915556574
244040812 775971895 633494156
555099497 595081403 908228440
981106661 314190366 717396527
799128983 119644555 856704502
267733698 394002868 61615309
760906303 795802162 252641595
431921075 901525378 729900047
593869533 398903842 914418604
149491231 62706295 367817171
452038890 904130918 745473219
187879508 450592186 619832682
399108280 682483715 564613071
217887933 487595604 384494413
836107097 87010147 527901986
435191737 539693843 666447412
807500615 535455492 227235481
613403627 396732148 955493868
868781539 369994424 32562152
775769977 107025000 662074114
708266176 757743942 972594091
6484281 358611931 617880974
373781888 719274473 42343593
161116187 75194571 877887180
305654230 536990886 637239545
654623764 269334070 648677496
437938868 237620845 865880815
482187013 852197006 233017917
424056783 892643851 845857994
63699302 403010044 442372278
748387913 193836611 407815878
476257872 20238384 182943751
934637900 251626339 57285160
502231561 308431140 900740320
664030480 206493651 705566129
334222112 7647199 763361735
533834090 287206320 524023295
147545152 485337428 387721828
2599992 52485268 135589328
416884472 999447861 734502253
804991069 922598608 110240121
672092593 124090227 523505520
707597152 316309631 711165972
900495019 994867271 329968622
203036791 110326844 796889706
881465938 273469782 524478592
938299749 201944947 723447268
30763235 272410844 459987210
173660918 906217601 521402657
478560283 438291386 743986267
312929251 931870509 808992954
981865435 596742081 716762917
216191687 52539773 2454211
935683979 513024999 523081385
987533060 250192315 755362048
120181767 842407754 188003205
425325581 740971738 196489061
591556640 506606598 901208309
897203098 195047511 606136797
133518692 606362841 542944193
693575122 291912620 475781222
835792879 823276300 144742785
851205546 812067558 867446568
929952770 952969074 614629245
486296606 259248578 175494293
305317045 979345135 994211001
952381240 270218347 534265833
505128535 50054196 754225579
412990701 281315126 518376221
666911721 170401180 986498313
92328030 17672314 805180415
874916555 869449103 971338855
69727159 932744938 229181759
56305324 524741581 614513003
811326203 789392259 915667423
229678336 843265194 785161081
819561769 268663099 158275659
982449575 586093561 240032669
120783598 281201216 622676951
306508450 63562155 464321755
685312325 420915381 651875676
432699357 746175293 746159339
160058453 929616889 724799623
776963438 478198303 778262258
183490918 802972454 201043420
4506424 564990621 403227364
898288330 884901812 105133298
776300094 990004714 359341560
768829397 487723917 433703182
395935517 838435858 829335647
766491167 794843092 291612666
686853928 331899691 758906252
667205907 598743810 610672929
786742401 161628866 894437765
498873787 59494992 106761271
220279223 479587868 217082508
509543426 591867054 837445274
313480780 299877590 170773833
529889807 374957275 115429904
265659942 519572346 803822883
301137285 795455094 242403605
774654989 536569552 556866274
43619996 698857827 755248637
822473051 415922899 155670390
622881754 843544091 527135359
305153154 984551404 826758368
94168898 29810609 232765789
875194171 848465638 69082630
262001102 535282127 142464530
937298237 335279898 499717951
843637097 180398584 512529260
241527072 221489148 198835739
2657850 23935581 216352790
382179389 943246999 693179530
952366232 62294253 640507966
161112649 591329431 645018695
579105435 835936837 327798101
876264364 53572236 558566426
998474997 584539094 362875448
449341092 266660894 245714988
367639848 64360280 960968705
120198917 840512401 621566719
62564448 60232631 582676005
671611139 635031934 685347739
308895251 415768884 615645231
589493854 769072426 235036765
97150687 109974503 687962677
921866537 150338630 527130278
919460347 761524153 297145330
382325797 355460536 596919816
121074257 895052921 663635696
493560415 357822786 460626413
145533913 983704692 581552396
76257901 983868110 760466364
715023699 402628244 539651104
316147599 478855338 332566112
390404217 26477336 760921397
717151077 27377172 591550468
375231858 672298497 494245983
677824730 102929280 314488741
565161727 954233972 62277755
574419601 791026104 125660768
322043637 454451736 819718611
16566976 764228301 521310031
519087134 151472319 682466640
199119238 47396993 560452584
213705916 210351734 91727512
890984506 709044417 144871677
977965143 399615044 472363842
790317306 908994828 590846251
346906415 557972866 737809378
394224595 472686227 940599360
700877700 326210325 637940933
905022382 981277547 76266375
714760441 8708919 608333757
655122464 910366871 732662027
997300230 783270866 780535822
938486061 77682763 272818389
341694411 294452146 535277467
811009970 25441237 894081312
215642997 797491165 854195140
830758277 366218605 796936219
204682131 479232828 14252207
131401671 919955009 852480689
333088402 295085244 89482658
822584058 966315420 369890975
174409076 506862085 408277914
490745771 746521308 986656060
477355780 346731243 754012199
389898183 174217676 844482668
248483314 578855214 940275978
663684448 304035980 199514049
175038997 891697004 99952941
574337854 132295106 57762060
705991238 602954711 142457994
168766872 305701464 201034259
838394235 313445922 679059812
449806273 637246623 378844217
558242443 935586850 40106345
439176378 467687368 615784800
466465380 899892292 985086489
997685342 819565004 708799059
761392749 168543040 326744132
817059548 463788526 134085063
833008627 886118519 718035311
592981193 915810376 620226818
272131081 667806933 50633923
939983029 743625000 158197372
733252183 134080633 735305222
73576686 975552482 187967446
964871773 261488282 138102822
625484305 256818976 924957224
147402057 54427915 122646215
137621766 825645229 179048070
299222115 268164791 659398328
137177237 341260099 291392431
481581268 537128836 98811174
740346659 186191760 10924051
795700274 71245789 205597822
192039922 88616676 682535645
849058841 905016295 537756507
884238471 728278801 387461752
737817165 833809776 584799062
995381659 608750756 83716827
824029518 466264497 865335748
38498696 424177587 971035076
782524979 356344519 137141194
298172505 133176195 52948047
900551022 72664082 358935719
118434274 979760235 681757698
337562780 587227215 301052803
421504634 962061404 562878641
763414070 733793527 440668340
980039456 982484565 482422663
611499925 747400282 331919025
625251366 841809227 58620594
208411605 530251214 95851414
843993398 724625370 3332338
270457446 474310409 502995802
370578556 434965433 155935921
29250189 383305893 814599207
102072608 333898593 357153461
551477664 446590628 715964777
826102647 479024077 557780530
157472850 983812398 705876423
776034077 856925922 639446580
338231660 289624264 994913254
577393553 248076907 382023814
359833993 516749604 873221830
33788079 464965790 628774148
198692704 599974505 993748690
380764042 369023615 273058912
940240753 578840641 390151748
691502641 452728979 651515695
148517973 77255649 707304090
192374008 818111756 747648916
192686494 380634025 600020
944938322 463405021 653649623
786445404 752508137 638741052
16891153 990191871 617038954
792946540 228357554 297494146
604267507 766129487 980343150
695012589 771118833 459785197
893912280 50743895 213111537
785445092 288026091 245414164
506184699 605594150 984005302
303123148 145722590 580245396
982438256 128744601 59914951
667998701 231157738 81456451
142783872 725812634 82286119
606934894 545467328 901914607
412027770 192054520 691826956
496030751 727735421 284628682
427409415 139047275 152635737
150336784 489289391 517114293
769523792 261995671 555514022
641719350 554687661 479540840
647649014 600976995 38175925
36574914 380860139 676594162
972989917 662016379 803016667
630328507 623801654 31560958
193327484 380460162 360562870
24652603 89882352 700696301
564710681 232902771 379919993
872341522 536129679 534817235
862622565 904400581 329069364
341253972 832248587 38569590
116055774 889737930 710260667
771559363 340689458 947822992
507194259 537143215 344189810
241471755 84769513 886841389
200842648 210510249 117599130
947581001 156255427 663185220
354678100 608101980 967591855
649412457 330859275 225657127
162548132 504041950 365171812
833446739 540064954 475632138
728443976 651523425 443073350
946140083 156332444 533621529
762580456 112056182 677073119
495687314 257802933 630118229
430813403 176969540 700081740
545050935 141157389 487438202
14902042 147015107 984371269
376367658 569535794 774601321
660576348 619527003 575810421
913870808 892037529 750284646
110215254 782858332 413389550
677354695 135076673 71554356
74637770 244302493 500934509
549870701 515734002 801459919
876564018 581242702 54947261
222349468 898579847 291092046
890400640 592978680 193855669
194108107 878098037 622620366
118339233 281144129 131871512
441018499 976937520 717692358
48036893 998543940 351487525
67532212 434186169 316236176
688458105 365818995 38997165
905793698 125817221 747684598
236862373 427293491 925845482
977740457 832754517 901648887
602655099 64476130 2120088
870594012 436883007 388519714
643005177 387173010 416665847
829739954 760267364 984665329
30624475 999331697 192774316
559600199 964933696 858903734
952455086 784975901 855616179
682804579 583418590 318324155
320248074 267685413 954109019
342712716 977624718 562539815
209597534 823661164 360991851
189221136 835061949 778529213
705629460 234463954 447965351
799776342 847475622 671048948
969093329 80818140 713127223
953552480 251702511 795683019
762970105 491050345 828181780
990749107 420608306 812569294
773090017 574052380 292928064
161917682 17499233 519993868
282194832 919063051 469641312
590995721 863976256 493800622
40864648 757093776 965756393
497047833 679807234 878783125
852629274 902927427 533044780
297434219 766780035 581845960
320758466 418640277 808729695
868069283 481546033 688943083
523929010 16336140 204526176
560161529 203659811 779767399
197494126 780806874 710964026
619610048 913612173 495543725
287361754 346826650 846922636
220531585 160305493 465559309
18538420 514014628 765611914
932718202 406931710 814237655
300255569 557759352 467077375
965190654 746327671 914419239
781447476 881322587 658204368
254200816 452648129 547840172
913829699 651017668 965238506
130725145 170020448 513161364
874693096 749241811 910540763
597886554 18861834 32895639
941038488 204978749 325839915
181156465 827234126 498023801
655925095 119723031 432698959
149362591 789616818 781627181
925685709 944529518 130418974
355328432 455373972 309010415
270987528 941568187 644456422
954326872 700377862 736349222
391216563 276537211 465486341
273327444 225678876 259469459
20965945 22167659 514231501
485630695 423945882 311204526
530624597 941173679 691271005
439364552 64171815 645610878
457703054 759690625 275000662
914927094 207853721 456667270
8591430 268085805 7438108
577432125 420441719 891019185
671958898 608984334 267058509
382341129 909056490 67325811
572760429 84303757 149456723
185503507 279308331 589573556
754870505 267474492 477432079
22753123 362080893 366134140
866834295 294111047 560144591
742243358 353808 192954603
339092666 937701164 302484416
897230590 636499785 615246040
740700867 806828700 231353102
279561307 253890223 46566477
672445353 766453128 166340968
17573972 245873612 660761651
949887477 129385607 115199924
906584364 170185052 985540590
108209253 468713752 418380594
378507946 195919922 474835519
945732348 582997779 693831409
725130162 145273669 890825700
215741264 904412654 569747633
349329663 343333439 24090891
518470962 690069944 105756286
658064645 811315029 894627346
945989248 626654546 651847282
100427630 881326531 175703762
190486427 866503378 416072474
68688087 213027789 796886210
524617690 475169160 146156151
104135017 366191371 395144121
552138128 894638425 779675101
773299373 149117748 930852909
487052641 492039516 529204373
745005944 353258499 923891722
634354029 604957290 511178729
177584711 170842298 219907038
143350851 587724924 630797516
120159607 859213278 921809832
379608080 851221187 305520349
206685489 698973178 2096045
425849724 840854874 758569999
760276799 509532415 29646454
116376272 685997066 180560506
841277463 284554287 64762905
888141945 982504393 764292482
234576868 860471446 191331338
215712277 9856300 947482300
571965904 246733325 230904156
580425222 930198794 434527823
232425270 533192089 232104937
531708980 45523272 578868892
996242006 186104365 975933513
159797770 966716074 10115220
288018645 334240341 761275009
952035903 689028666 440029771
682974912 198224510 220731619
1571974 600255239 690409856
492346915 429961320 787254445
378697049 139954518 524555340
413986849 929808395 892324177
729848808 266338242 164998446
841005864 73264166 470616251
921743287 467928266 8936045
199025385 92213535 781909119
707952680 750992942 531348451
300997246 133946114 344609774
656485377 155871114 575030374
27476923 71064841 763202346
865092441 940823363 28745001
873163497 190421166 895529511
823548650 681864823 684814917
880373998 632424277 938986043
810173907 712891897 883397315
92112385 429638295 755970339
165382112 151264434 386106468
29338482 676200154 870131326
4251428 9968159 203613888
406079903 872418997 538494624
995922057 623030309 268331034
626421741 649647854 164288327
760119321 290272575 728957214
244564204 996508624 959524434
944758302 749552033 393105092
94132805 234436635 874131930
145753469 144149744 908031985
175728129 830254083 462564591
706362122 370083015 808642936
46650540 258420124 754334522
338494966 405994878 73383096
664749309 826307563 249313228
167872630 275623887 125377204
885470051 365332748 342494220
824195561 506068228 585600618
692692019 672531987 954844102
982098731 414925419 702025060
634006643 361675880 928341309
630960771 938002863 252698678
124710188 13609792 87933792
36493069 17304593 892475332
984867039 337156592 49535567
774632226 532980327 962717806
511636690 518043312 69650714
417737287 864704447 773592217
302277936 606973292 553758922
31709115 999851034 411033564
755479826 692456913 377342017
539650782 920716603 329563070
742426205 611905450 793713806
414071919 666336283 690897818
151011737 166519457 410058999
736063074 625914367 198358246
390562089 21245637 341252849
269749580 161847252 735188775
102476726 435044087 980734653
428126781 856077790 923370784
203745449 58088567 946204022
881212315 584475292 766278846
145808283 983365337 734876771
280206286 121224911 198176006
81818646 848679532 117704118
312727932 673323513 478068345
458686050 910060529 722741897
388834493 614821154 585036597
382486267 698427836 531837282
218303394 996085202 632131958
528810618 542007047 492910675
896019604 278013109 563034034
43960457 562633220 366712054
304805015 862813032 331212171
852944417 653822668 890532203
302091141 257775371 28529994
727646297 281568239 304071868
169218273 303832052 88088259
484953280 824867481 533269299
907335956 320879438 543961938
823630540 919265658 593881384
332377851 372651826 790448104
533610572 489725884 960959405
490106420 474317820 156304119
656438113 894549465 951189108
906856383 126361552 466356156
352336701 79678949 497851110
781675194 296388776 976087110
840390658 892724294 992757235
522868894 802747915 423350978
976381999 262238418 969393083
745355191 640134797 20534478
69772965 224398590 27200468
180014756 338547080 738737974
179608117 440676528 131830845
719352456 766592971 852324675
240379250 266861124 18655995
151930551 92961127 233015087
609415677 758574940 17946983
386338176 859211062 965156612
655202772 944258764 379416386
291608165 853955616 870464034
998798836 780991734 715868472
461151424 924331094 797971405
664157203 923409076 931101726
464255687 933021862 541515793
460173206 470302902 931448259
774831391 183106650 92212489
615147569 140570566 443172609
75381202 178882385 245188717
483222751 62571883 284812966
321930771 50541455 697615301
547992225 379756452 494005915
114223302 440526991 920736000
203114308 533981470 310899135
211191705 905768305 425236966
144125640 157526503 234593990
614818992 230173345 96363033
715733097 524349452 505096549
32234961 271788514 423704815
498071681 630683966 882808256
501528032 68043446 88409168
490260394 394139218 835533571
998801628 520378157 565275574
615651405 670290867 120966887
737794559 52100408 307973726
919317404 450716665 169936002
370883975 632324212 850084849
941735032 664931898 220311126
420887521 689569201 838747407
469014862 888880328 710490639
454879222 828749304 409687677
266185428 711949857 457182326
939377379 969193781 428820897
379462068 76835466 186182643
922505048 11297336 968151294
903549760 240904638 47441712
975691268 4896856 831063219
132643461 420717099 637222752
481690947 959418504 325319185
105842475 579870545 96332417
162643767 958952336 256734178
982905711 160998426 697387302
234131518 668714112 899036358
471953963 205254403 890807366
752532285 365254828 534405827
961894738 867508152 244212862
609123278 954843736 779177420
235136842 975460644 754880062
805443982 447513990 132923655
361571047 951283360 914725836
775391797 365519898 345920098
678450719 303089863 271997730
110100856 419032953 106388023
864443000 28865102 792127237
422305856 498761241 789823054
639773136 970344983 507826153
325021641 619219522 572071441
140316655 324946710 518842264
913665175 236372103 156072793
898652095 662009336 587689659
571153491 624248500 825523903
906704428 589623527 131925420
191118613 133414730 309220585
112545504 849626667 568227994
854423766 422784391 934468946
581905001 428201088 732652154
297766839 653889698 990033062
727379730 105134395 741404733
