2926 8 59
280836964 370578993 977887451
92703951 214222903 745526592
592283260 880730168 937695333
859195317 200265767 808425234
219697934 556582590 670928179
572533649 729891224 494469249
730456445 36568320 997015491
325049203 165107286 204101018
526510948 356492376 5363395
946452135 537399910 880194929
831617287 138458337 989038353
300093139 292865165 713266264
809480729 958751985 686335304
183541512 826711221 83647785
114687275 861430322 592678987
536900226 344349282 945766075
586557829 821617722 527633308
427674652 861834947 168177565
144280644 422662592 505583063
551479524 367696187 769405166
163560105 297595220 443032603
522589015 698669053 108209555
736968974 725280668 800851762
288276570 864922240 52092027
186700711 504437386 956448483
781314565 326969137 214979353
177657674 700590508 522953295
738784512 684984373 108328916
538228004 32734396 541253970
82910746 64954307 10573069
703196918 498359363 863486466
496903359 642057944 92813770
395212546 840564363 633206794
619661990 941869171 524691578
694777393 432010124 903945870
143068025 688280531 179600247
347350118 985579854 113172341
983511568 918115704 44515817
899307705 830896973 370177812
228759094 258713928 607489756
303775250 77234297 366908312
951179169 432723900 986686123
826903041 214811077 961934667
697281031 419137375 809019066
835863587 346360245 934190867
551636396 795347820 629630571
235023966 70677228 516605555
932764003 252620363 400067499
153964375 42278684 202256047
262996422 897388949 144873524
560903746 788890601 81854095
574248864 17481855 920958201
399979057 923744505 557853185
992957467 930848248 300678788
121750441 548720077 283771608
129902352 124400145 193468339
300757153 700979250 967109065
875973578 511414114 540823821
154692214 411079840 577570573
820228820 495205490 697853208
401973485 680459344 398676394
624655941 970644015 24045660
249554640 535364867 711810020
603315946 864281023 109499863
964573547 206481694 120146560
349563719 171815443 157288041
543754299 711589972 192760982
804017736 936945494 843096269
694794224 509355687 853664302
1745032 498076936 417947608
192520342 644850204 753786921
958350149 126333621 718654040
43952636 153981071 502631791
702290852 374636679 340932040
456055911 300072821 133431222
912575145 589903402 286296941
547400430 442051849 922964334
625240119 474208762 325811290
180767584 199886295 913201830
812638370 229337538 723923262
45125016 299113540 169373064
433595424 9322754 406046572
994958052 288970505 478397515
731853817 655706929 921776859
234307244 831065476 990384273
700047094 511426498 984095440
277688607 195544106 198720197
591944639 577647626 887528601
962667187 717050443 927078442
413855675 598098921 381795803
752831161 276643465 851658188
837376945 704919665 205083523
990563195 920369094 438632336
285404342 914564909 359038282
526391906 247834652 679783470
47179650 786451463 265570209
835419091 589757738 493847900
157002650 103502881 196895907
872818045 67815620 60829675
318039561 699855777 211025533
67290294 703126289 107465572
895991524 940900378 602649028
483715400 372909065 361217211
425855063 573674507 395291814
135351669 417940597 631899202
274835695 454078233 764854957
73085621 898425286 123804675
906021679 277826831 492459370
279318395 389470778 921564134
370723009 248967354 313881956
604243751 5144908 38438305
663874464 163484234 318592826
52864987 653227901 374741412
179490917 48712626 510568587
326525287 694491492 131645722
49319389 749822757 449345284
585369006 901395620 651376506
390962402 466974590 230889014
475778376 759905865 283772393
686926635 946111244 604072842
626495405 25234417 673311971
258284762 22901424 129055073
243810639 885798419 193965021
110823192 288860987 271250525
294319568 770644212 174990136
686164802 860467384 384502786
919680037 181097970 245223405
899726474 145880226 899117081
808935908 748913331 563741049
75618230 188635997 229587853
635304169 987146334 53499612
874587042 896903147 393629368
737359579 844455323 856969601
14558750 798922589 231936411
895072884 981664122 502156583
952751970 644591671 715123532
433980858 352578261 411472300
252500503 647838836 992217404
151477678 58288704 600359781
352917170 740507411 314807813
38561982 318829667 710114860
457076294 952347621 866497494
756629717 309723611 133861189
461386910 350443664 658347423
860277571 765279716 666990448
894822546 62518433 916217987
390099673 779573855 557315892
88543489 2080933 702643498
492454701 491484314 430206414
716169589 26501326 402439035
873436140 916726148 822853249
118051052 964553978 842521731
377348159 474716927 63671526
771920104 926791400 480244395
617425936 423097736 648819264
97962012 609980718 725379660
330872091 31135329 789646001
129884678 570493657 678205742
189738066 222546266 317705561
102194714 565152681 222389488
275989493 992944657 239121829
416150947 746182914 953127150
529537674 82684094 769641926
284559547 821764554 986749992
443436926 198263168 453246043
706828858 776023004 520317769
25924954 20820508 380062386
443493891 710606331 987716387
909924320 663829715 328841545
771109971 797981535 429276875
311952409 573452545 650607062
381473121 228023770 737282344
305950151 826162149 23081084
530541932 196632804 461119710
339749134 738706861 552243214
366286723 631618863 153349239
637985702 381610965 949310305
6511658 802668028 77823477
913219956 450370116 437769624
168846976 713196453 887760735
300825065 183070812 778955482
466222369 640138908 760616170
666419399 507926712 47012751
70133713 569500686 770563411
316363589 753942694 641332060
191227988 296850397 373074911
103241019 378207293 188310284
297282717 898464546 633979893
87851872 706570493 303918779
720655043 511252652 898499118
562526185 881853391 325621265
38799267 784541688 297415379
449649717 77258510 211591388
672138653 760564961 408494054
391704748 79717692 899373736
843858882 404496495 891444882
340786737 603050222 462843265
534660765 85311404 93801140
213998044 446125403 774322454
571841349 347685216 651427072
544288741 526195005 255993373
15686888 392753501 609361320
182544346 953764394 63897008
828158498 989219220 393848203
639442403 231805224 886416179
118460452 10356232 618122024
259600793 885126633 214560877
309540455 84058385 199029778
161764819 9567169 360858775
796197770 678046975 107166360
589047890 972988264 590485420
234122612 117624181 71234253
769949385 999289473 831370244
871901532 377845406 439410150
623016482 959664019 130998410
44832091 949101720 529139212
663167525 359866313 259772506
793538783 185161956 510340513
438706732 294780921 791242967
776677167 797243233 898687952
121214263 496809282 544952386
457560530 961734194 272640992
259113266 993014051 138242537
270071828 858096356 624577951
450436159 765748974 285428891
980628972 696216413 856246633
127360555 109238759 185360982
939113068 365621278 775608552
682552268 410316969 715692450
815791172 776901928 466689450
460374370 4053909 342692767
558937925 94539987 752279070
889271029 767360245 534293335
136235795 776451233 462276357
146464315 894530172 719968
401700188 91812922 922691603
818764538 15567092 349121735
390128802 446632479 570402948
46399462 264356171 819204768
308509762 339083748 274076762
53987855 38901632 851102562
127602719 207256984 965745585
151914786 784771031 872547176
197379322 202827507 324590011
755517665 773938641 626349169
494122728 798903727 970548158
317880074 471544079 495545863
689006571 869617433 109810079
143824922 859059908 252043306
698057339 160856674 611052511
766597917 934444192 795914241
980742180 424045083 575122269
721835045 693038326 570573823
351925684 918215639 834806638
682999915 792331682 302345253
799526740 487107925 807810262
784253614 446345796 633175702
837563580 586089251 524422385
297121062 351184222 820075367
996862243 53251129 152335668
983874956 719655897 682121273
361124052 133373659 998372835
932431071 328932613 732984438
461806789 580512240 635581202
705882832 884866402 941629886
766266521 929414817 969064578
150757152 455034048 748647681
188564063 406361956 107539951
680683562 979807947 854609293
693643439 63377330 3174730
149556081 809789231 417167911
316364134 384536074 657547496
896966052 710652625 878735403
796617842 861738321 138803293
385536013 486193252 177295765
577061828 172375669 983659948
693578124 492830297 492466928
575600937 705703087 409287872
517677052 9933912 320480641
15931741 478176251 813733667
123968229 948855674 107118546
249666554 368757339 883461575
871140651 261417306 192066734
575828033 624367094 484355430
412831336 496431337 341925138
919516057 828460926 990175503
290360575 245104435 663784930
291976953 151497926 233078021
908303306 314847126 511862429
168936412 93016867 944433218
603122557 96308218 684101656
458984788 876614985 647791357
454107162 238941953 617008095
320489908 624911590 9622067
767152945 107584117 492526384
801842163 647340215 126245703
101020568 115948096 169470969
838882504 47499274 753998374
388702646 113455619 430276893
952475470 902189602 460778586
358680265 516710214 35750464
597883260 845531624 994473658
953648670 440657260 3919584
789976836 2224895 229492656
126035859 702858896 215211697
72530753 157479130 853548834
681867197 430105603 380824146
580421615 301027265 189382358
437781261 876803230 614708337
602263061 350715966 780592422
483555108 30000702 897985487
110359457 447456679 148724247
722415200 674733507 59218151
218198685 416961007 691896927
64148466 482405184 608126119
342634477 833790183 711948531
307355420 76938523 285195301
586122458 38835802 551089618
353665133 75404024 959874967
134139968 214331324 961001859
755310336 393928513 202595734
31892972 643542775 650749882
775267596 928884134 834963917
286937243 274871762 87505247
578258903 224207994 243907177
248381800 138270721 261348897
29993388 574110932 834577134
287122733 159202724 488393046
284254553 901348364 784767102
675561858 237910897 536307646
74232192 841302646 867383317
911898189 679580039 774388537
134416544 368989863 145599071
964128181 257541208 592468117
635333950 946551855 143623091
299710223 555294076 981263537
991453461 255661982 849606458
408585476 975091423 526406017
419435186 201751854 737498338
836798806 317598134 875014124
529414511 802868008 374602864
159811476 220312608 936322194
682834984 60471113 192804100
282252667 938581798 559298750
502391885 811975585 820837628
335961523 357702015 811197847
925866872 78726113 127659575
879587650 474158950 417884828
907996858 191930112 302406973
835799534 829149192 155791001
261214700 35092766 918424209
613340462 217417502 771859042
791189393 617038695 52788045
246328876 396799436 521296133
689177643 436718672 813572658
374324587 785726550 941845665
499278207 842094141 592290950
453867116 844748245 275576144
184297164 565063256 549812621
83669242 268218298 256844617
733649052 641245385 540830222
502000268 511801240 821004934
998688733 715653549 990995401
600470456 135475338 814449634
434198741 9838518 803118640
128499363 214420829 335905624
236251853 169626694 933398077
961235079 714897938 912265055
702365431 146344712 760943295
501817129 767528538 942454523
961671487 212037191 680135038
180295222 939257966 742203607
949372561 35223884 75683633
909830192 622692002 349574338
140794750 464684395 297216319
157480945 407492392 49037733
338002437 311589290 68082182
394033162 775629167 606458236
160339402 868840031 968026187
4205782 460782249 895877804
463519248 458985626 360946886
249704685 758903731 673409342
776302006 637744877 33576531
805759154 145019077 231992896
18931559 141500240 650381762
804348249 969245852 340086475
363204755 260889808 298706033
444499503 989801837 329397260
943807183 801837081 51611268
437765464 824205029 9050450
66007372 533550275 446982627
346320563 311126777 602744607
103063392 80599261 928101762
950682735 409775444 705114058
103383642 814819871 286370877
743474100 341687078 968309374
173947452 855926716 898263458
225436757 45992646 184808519
382420013 909564885 557029482
226911499 130806914 9091518
655717687 388927433 849631601
483009837 908659898 560142765
74553916 820111039 75688232
689471891 134665712 114317374
927992152 280633037 556362078
170872635 126194761 133816096
657170756 259551899 328225324
505715382 489891732 935814274
319749502 243246783 671842567
749929811 120237125 318889753
61460313 352264368 493787371
966543675 869845940 893641903
939768385 939582497 80546563
710936596 916139559 465244068
552375520 960912650 461359262
476838231 30162936 815056573
537898165 595631692 715938709
309538311 929458532 293237105
118119520 873544118 494071801
450312116 511875098 955585152
988323599 956454228 207096783
210332015 147279261 652948331
378533520 198942832 930780559
416247177 879113968 606411443
478063190 507123039 133198455
269281613 449276011 814011446
931658373 740094770 866084184
403393905 735149827 486478191
135409675 107089400 779221937
565638505 193001510 874844098
710063935 241853497 108630321
343735311 512535721 310616027
918691457 902599981 525472598
824958036 997160411 567112210
506435804 430516210 82000765
957878428 709449960 861605875
493402705 900671935 28174031
362700793 221230985 896058294
500539379 561556735 892329333
385206586 887385356 882818855
475589102 80907874 116713644
837589147 370295296 918612991
497471398 808734696 496789688
436722998 956204193 404442811
850407406 305247840 217128285
61104784 503832598 49633300
64929833 73877618 674815795
419642036 838660930 161667118
207439162 320122582 132824262
965197947 291724339 93329352
145952314 149724626 850433614
378223552 729796663 343697562
993787757 470390068 382844471
158688821 457255308 753904322
88503326 420587462 961620308
815794140 763035080 495617639
833826967 281016996 345522218
734359255 309328865 16997445
48333235 901371405 114174935
845080593 628420266 362106831
137182746 710636361 974506636
788615960 386870173 57102123
713258558 716243486 214836179
285056641 554303576 674051347
592403752 300928738 461621360
407192222 51847523 857123752
247431090 466006363 386544198
28283643 365390230 764408213
955374068 85789828 268720148
376882373 529628536 610804
218332425 707697632 517139057
512219271 422439060 208854196
185846241 235142432 433108304
701112115 965295093 296959684
252865555 523843271 953924914
168597460 753700734 890769876
699174122 916354929 809163654
793325696 731790797 562188968
721684912 369408456 633558194
179525528 299440594 172037062
273146924 22857199 255635654
188193963 183574571 197815834
242306964 878339618 41793300
427929405 277872695 460886110
486657800 587688413 904803623
424986795 475506062 205557018
612421182 994063831 925031774
272682505 791815212 62528901
302803277 644093658 516961070
73707664 720162102 86884121
966840115 716112147 20085142
75598278 968315400 665606246
226806772 409499378 439382990
309059779 490035757 152938030
915280556 828065464 943723047
576432007 924655741 529605576
213436495 778809590 355892504
422091182 415074664 381513503
930353043 759630119 126644944
296346688 509857147 79229175
241786567 160764964 93918051
856160775 293783805 643239594
77768307 209704283 995301214
728843316 496125233 186426200
867446343 476263876 324139910
936168218 674177149 513891867
526147246 500321166 752088375
232466921 190047388 477268350
848093503 508032658 145024850
119808474 323464441 337122865
248279935 554520619 924382777
318190889 373082275 75059669
294296922 909798027 340133218
134320675 592720058 101389991
525029339 122515231 102724845
689604347 812515965 24847017
242747767 646003884 962618569
40122303 693643520 289162799
572471034 342265177 220137559
286897292 475855986 251280397
443545674 461000475 67122606
215131700 192797023 850569483
121579422 542926001 5213250
768606525 843683853 489720186
221613459 557888749 214429038
944262380 933513714 957959075
490581869 210829243 363383545
235089337 476445357 370615722
704189843 381025616 141339449
375192230 315165038 492869959
475856659 819529881 894747373
453206280 571640428 871916978
759407046 391268476 39122915
210706839 422472287 278209795
611482439 368001088 236066282
433285114 968161520 321623483
474867765 738078084 163765458
188360630 151607564 824569200
629897867 261424645 730355176
688074265 989710224 934470474
115086911 73909668 801213680
612132028 433934992 259855325
409564777 999380310 958139523
776227832 672071506 330656233
787295853 969345776 252689706
119322901 504613743 931133497
323495857 573156009 977269516
542880205 865661504 523564267
72712319 483104253 283275538
244550949 485652998 670054513
341128032 277786433 796636712
231552925 208481320 581349270
769902355 414570670 877435983
391932881 189264496 751382327
666921042 573652411 869316664
259925118 824548293 802199427
88442930 444999851 414501073
613406607 560305180 179319019
775546305 419999723 283164746
880356009 916325705 446698568
262343387 615902672 765279877
202289892 679864278 109585857
322074613 160237407 908135665
570045031 898521197 603557248
912255026 171656050 475429322
724382987 786591120 999224988
224895394 790482382 742965568
447923608 153227003 154079878
4615570 663071621 827671551
215703069 944927912 115614238
580685630 194696975 497153438
147836559 765000898 126072632
441382553 595707625 644456866
166030973 994653218 862921872
353679185 532987431 600464
998001893 903384064 497033949
993613924 495346882 419407538
324075349 759266937 821073077
765836466 820550543 618627651
574614920 999918818 178696305
89155694 122753096 288337241
723405299 742625255 975733675
164906315 843152011 460515700
497001794 839059380 182280755
731610185 598156602 531790231
159492034 825012733 776665888
697451114 191974352 819144661
96270845 76653354 676091340
419900691 621300544 696222708
851795082 20569082 266530793
170048690 253408883 614711432
509591730 914546926 108496108
111488617 150252415 386479049
673349907 941388749 995152715
909927838 821800922 978817243
833605469 459201777 448166627
789496449 416258566 560974635
993894887 835256791 617866800
928879522 414259325 831352369
281345030 472742846 249721626
574279267 615075992 462929363
216827026 759507857 585404530
171216438 73745439 376572140
144671584 24736927 827461107
819274409 747798260 146742617
195625127 379987516 458164764
445770745 218619315 601987514
606818322 964540853 306002528
46485391 138750486 135086670
759321747 185093964 292062457
457096707 416870119 113017381
975147857 847326517 266934791
123309184 724666426 495266775
152341482 468582542 19163253
527900665 423783863 216493736
628284698 257897256 479952984
831338510 302809787 57227772
501433215 266845292 554621995
857693226 881661949 630200859
666521280 428283355 595418922
439476685 161901007 166311746
829227875 532297875 180743140
259470995 21256400 361185172
963921203 449634753 863477991
784966002 759697743 398829548
689273798 472513194 989644272
266289323 481497507 136016466
523980034 199947726 55700105
334661657 329980753 115685385
34768598 136523920 15783300
665057248 352880242 549212379
739696822 834621141 462802390
295943708 859738259 826256443
418590525 96751231 36632920
613549238 568902562 40186083
395994286 226097362 37911240
168625514 294600198 574936203
610643385 991993247 640140159
909012372 580848843 568184226
144042809 985297393 467164202
388081768 747629507 404490225
871627984 902005387 342738144
102726667 620899487 363157090
691401225 966522373 81863904
647578538 141630313 306591755
288486089 591312330 499119648
763246625 90648635 748778016
180401237 689095265 547826754
642630485 713744753 905253534
143177223 742140279 889017256
401045872 997490306 255977995
598343442 470770275 159221564
170630645 211358818 408869634
827729107 493812866 223065648
152367230 689382080 661914859
884588633 554660438 125090418
504085293 90702224 306839089
152308483 175970929 874013775
597452364 93745726 186384700
160166051 615745745 563662264
270874855 238357162 679994122
297001046 298676520 875855229
920233610 757734152 329242455
659687658 216911955 32476205
220817611 812929746 188306022
570810741 321628059 966342546
911985396 395073234 638513646
443985272 678442352 444426022
506589165 298993798 384513454
497002352 636461146 758638129
613866519 620155497 97145279
229367689 334994403 663329603
837982071 486798297 840564569
337738463 858005815 154110045
586895587 416358774 353552601
253977173 310935505 95753013
574301878 450777786 791291161
221785799 787026395 247141045
76987459 88438000 582111391
924523573 107596492 672110563
118462272 103055336 131988915
718410203 961345911 4360411
456540923 472620855 878677180
335979130 117194478 309158002
36569303 766301113 77603738
210002406 669931514 417209633
439083411 777577586 902075727
943527813 817287457 588269425
485395935 598371392 54108584
299082452 254392288 463325770
987547545 177123411 893458493
833517985 321882235 986329234
45466783 946286118 659843795
138566101 760912724 562638254
315663865 311817797 910422209
782193373 983664217 180953330
506971386 664043946 192401282
895810668 19170721 23843557
59399973 448473634 700608249
86133793 485768140 70939808
719936860 639264189 813086962
551927745 726031630 992223220
232300547 442250337 153715477
667491043 467607745 633219894
510667660 822927864 726974855
520449019 203041057 397399248
203629392 367362486 629001868
401550193 929111838 164580712
565050298 371260851 852061587
443397815 89897057 540094311
277811336 308387210 779720888
942730846 734701558 70799842
405291769 348083187 635064725
62851373 608110024 257773423
606471622 351545467 734466552
340738965 656238398 604198178
882674252 482931256 546628764
347347793 557665256 674639521
168044676 859713777 596490711
253502092 588633567 724511060
895207181 919007416 742360921
142706882 592733803 585783144
574982 195749881 204203147
823484640 170462978 301852486
740714660 104572936 261857734
270280211 817715311 462721007
154178310 351871557 417933
780876643 288463279 872911871
518839542 799551302 213135756
750113292 617456095 897665736
557566152 473863634 4942014
134065712 575616413 119895944
747360429 6321271 240545423
714246455 900077027 634860539
801743895 956327298 697312632
19462336 732393307 718880590
398839736 979071869 44149145
47245829 36990230 875907282
357315274 416608225 33622949
576112749 143197631 316439445
302258756 749957291 278619558
982915761 621146257 426482317
436334115 152028583 725194106
340722974 101209149 548518569
929203419 730098957 705880171
927113679 18255021 889165467
637607772 201984015 139882840
188920866 8729953 27962242
67194940 121588207 553900563
429510637 294548497 582084027
67550233 741093286 406044486
59363898 407146385 596121967
235400702 657347992 981943902
195574415 967842579 953468564
946674508 729408095 597810433
839341317 849992943 271836643
282252266 835479346 237429452
924060865 250105492 765523628
232533854 95297439 37280349
81682761 3824231 748109514
679447077 600476120 30049907
551295641 202775584 610594532
133352618 486367476 383438580
676652015 309734640 450257998
185373028 635716772 333608850
327632875 742952914 825907145
714949492 811232091 558249510
171333446 787468664 625779435
988843178 747712269 556797308
944258146 139516687 684658273
198253295 591571588 583995108
174144267 9917362 877409246
430318446 714979722 78992971
232473543 485188962 950428051
360755740 498133013 508407200
444669291 519180020 841541423
212549347 841012212 142126179
439708678 679132050 822892964
892712835 347685925 774180295
943494539 473274989 722860045
114583292 377403964 353502122
263189610 403389246 367205331
377610691 704058483 513953569
383645659 16359946 60031449
966657744 958506672 664693042
15248333 309993214 545593627
299306635 846057350 189799716
22488083 37576673 25655130
40288218 428917255 821819289
832035671 905228280 358494186
922309587 531764545 21147536
551758026 563090618 610947505
24456662 22944035 497690513
64012906 340795128 318220443
976218028 173359608 272456954
502490458 17116897 370402448
757438026 153592445 38382193
462422933 1045395 827269555
9967983 945334626 930632860
681535619 150999470 536777754
679164877 18994892 845990261
580248768 617706051 597185723
381939548 498835549 901563771
36278130 253768130 892904454
932352565 846390284 843390334
670462794 619282000 462940229
502342055 191153635 274204600
456550332 681133315 699695798
79358463 988600685 165643839
162396698 983486646 899593802
675547821 147905084 441611514
719426368 911147519 548807195
445863030 586914004 559998562
109832466 929825160 375869217
392870896 361650957 613617476
114037720 777632465 19999157
824737949 231805235 426928690
412636993 871971098 643294230
948192356 686055128 598939546
674770650 997566038 226419099
596605418 604115698 678815136
607237632 875280723 786277905
804986881 374908139 599218193
696474359 66797261 770595666
673180253 678681220 154231100
311338939 820479620 706237151
27068588 838436795 814386157
659506991 330771127 465340980
765250103 766878006 455465740
562597113 458005144 25447288
31212932 514052075 678369167
548365053 745828989 978934549
913740947 247605768 829664253
395157995 71423821 826637243
77581795 692087996 508214400
858182452 844663525 451168533
109674033 37249682 337185359
889897634 634249725 561797883
64901053 267061348 310388333
762013290 389896454 355351481
649582692 269813146 361840331
740363274 971242012 420273121
21458213 810767550 558218448
376499904 330421420 531435721
326467453 879952247 412739152
258184585 142702378 79134214
477089874 769905092 480779007
967474525 434654111 813168314
922289868 161999389 478562968
416524309 715815640 164734746
667643401 486059149 103137488
283769569 351513319 719876940
984366274 931066943 36863316
625836758 137435744 753803777
328808782 595762480 5986868
354168676 929737847 61595510
570454930 344052113 159319590
320632073 686324338 677633818
61079566 970448006 456348284
807314925 353055557 980345652
322525623 737600405 624326779
354842410 734630641 941974418
921996379 617257758 856592501
278330062 909773293 771593774
246425121 26210106 901748522
50432359 172519666 591292282
475825073 143888668 216539777
449329474 119459375 182078566
148035610 814778064 781199747
878324231 531727348 723175446
591796045 271646253 134174781
208106747 294395746 329455704
462464998 17223168 999691444
129942135 147200819 493735700
768338349 142573835 121695343
637034707 618013921 916945048
129558566 760414838 238618451
598471876 401639449 732060071
644259938 508399826 191421473
25299086 328954395 771451276
668179922 742212782 262911961
196856120 223301639 729499382
460748510 221590853 864347185
785855064 214521874 289728489
167839982 39034446 299175128
540061161 7892730 69579356
485556240 417958455 582053390
451807069 361340728 496005675
102840891 378061628 776694292
650502341 720880254 960736849
352950153 408053350 185792628
961775120 378333751 445700229
382222095 785237025 9173099
551009146 621899125 854059088
987320771 621021802 97015156
542581771 792929607 805422872
927554395 494991275 65646252
780639293 267480337 507578065
945150112 39071813 725761313
986352865 857607079 55237959
648233471 254086804 229737466
812788005 783735133 749521439
512245216 488718229 116852963
891368776 331378725 598127422
678389691 720528192 449098651
384500302 566164565 271710443
267063753 29903865 896981783
453768674 697019414 895745291
402865160 178949023 799914191
750186213 189644328 430056941
244699213 291144239 520301963
553143237 463176682 507334148
246058953 622320665 719806743
240064881 208595547 557654725
84603142 454971473 569256366
667051297 930530587 421425781
906132209 579519 911383605
481890740 773480788 862454016
569614486 435731197 650512726
428049754 903786542 810966243
804752228 513577987 782435074
264726869 790098296 359130788
738791183 360071917 702553973
275187860 265134813 130050774
87280586 384077695 119015740
595547561 887683125 497670343
787282774 548059037 672769797
659832713 685867730 380150005
479648241 412662999 981819340
420653947 930497386 440479604
360796720 685415241 764144781
87910767 740054336 100118966
873843432 45393363 424968191
27614423 394520842 358162501
15352510 213357489 455294399
290524380 526846928 922938889
270097727 96633865 437352005
884930025 670780665 943345588
826004806 68188558 122788824
987274031 601892533 431535672
258157430 21977383 30102721
721260559 95725364 958733568
116671324 403627438 890828563
810738028 410062691 902188634
22342907 877105248 360968572
389387132 574804824 478808461
146606402 327940812 652807264
279171687 139622813 896559398
528127364 752273516 530119417
417008828 767880844 891447049
676195784 537694788 919223190
252143232 544989291 522951024
608795290 528444223 863612671
615102809 900124678 240381008
372382037 708765517 908928909
461316905 677805667 382591490
61564409 218112702 879524142
656614002 94662253 78936400
429050705 725020950 962273039
610555349 819242240 36540380
351605884 936457852 680332033
619044688 281464805 450856573
852017153 981937141 566770164
634290340 651586232 363210603
56010916 506026985 341200589
646277630 856748148 925731745
455045785 293504331 534240942
881181541 242071013 503193025
205991085 476253837 791747569
91438763 617192046 150079991
292734073 758528099 77331436
78964673 283278073 445817958
271589509 429827345 842367240
216400905 939588859 573641317
714798380 47049873 672907923
68936744 92659673 528053160
649810845 761536929 491968215
49781789 483038584 855515844
368691189 498448394 81428742
53009151 71160322 130824796
786385829 780495692 936221821
449843338 127267344 220575391
522289070 336123174 321805136
481851540 275510464 149364635
186471323 444294765 862361980
780668609 172499377 797127259
733932126 578229066 267010979
398439893 296093982 800895435
552453562 924990578 418327294
439300402 767344144 890749283
219558152 708102070 954334398
281034332 267017952 333472890
505863456 961669727 477703199
358431386 515397292 811360915
21526795 606217576 294700322
643427560 34694152 191573895
500883161 237709560 695657559
165558548 356118752 772119709
22322282 307305981 738011358
970162801 838781752 718299953
809938669 354193108 992115048
992787663 211685729 790495522
308466807 614294604 555943664
210858605 332132012 98665126
291024903 914028064 811075973
178802625 46134420 616432071
382850796 512513335 311046089
65910434 1688762 508971402
370478463 299654292 422977395
152070764 216362740 670346719
104273681 741659953 472720059
566572852 664130177 86490015
888862350 5245592 629183472
7051377 774255670 971736736
881070645 677214077 658885759
716367250 318842048 675071860
980665057 152147641 409807748
492485081 425547869 479282471
618394531 176295658 360259197
86155900 681400043 27721625
163596132 869670450 116704919
501676933 940983043 412075171
25391550 716306104 468782797
57681729 274098508 170012045
48990485 294702603 120297551
324084306 631457000 50107607
921185263 73649261 547040266
244958453 475500116 19838662
601020269 88385023 481040243
27961775 617264260 39776985
444218897 18810444 715556665
297506047 818291690 492404964
318624185 71207780 233956067
829448226 452396213 858989205
80094485 801554643 102356356
551010869 312124536 684334573
468335160 622894078 473805488
547514969 845579368 183698560
859860577 937452083 22176881
515269170 479540207 158646553
449333126 552293432 97288215
711451751 921986849 633889539
705991665 170327523 802827774
747960595 61504629 40481952
266854863 931320534 608612203
865787384 332117113 893951410
562759174 811544748 122099853
822863235 791300461 106547553
880329447 430092165 961411938
463993848 228187601 542575475
651991505 578380656 142515084
874036049 494026833 164129341
979987991 90991916 12616374
98798457 121803182 93314802
299314067 692308790 784913437
933795149 498140191 111873563
277488060 35276435 368281736
136019989 116806116 240254098
560352780 391459742 747705743
804967476 47734312 148284971
931815513 543497311 638181194
855766570 367476528 245513990
338764700 599049396 968327555
691296548 543606495 41267277
530215920 554611948 42028916
76014894 438261215 587083044
809653159 388798538 181382976
914442404 979792146 481980687
207855601 138233374 636654856
206369137 535750428 750540995
394873715 521833269 941707071
111403961 154052459 31868485
603268999 269375299 812295245
613520960 713827620 586503564
806325303 589318390 210260436
856105466 543453819 390628147
686808397 760426546 819222227
102515206 262740145 628745793
507518566 13682044 519998390
172212936 164714902 213829685
718897971 219163447 252206766
951634771 787781368 477593495
396617418 352308457 566097103
702733359 382897891 384355727
789869441 899589724 159327133
751317710 46247242 482655066
455063459 679509880 72198769
181044263 195210383 684782435
49000850 151465856 217722738
363456264 169314116 207740943
176743429 777163531 502154040
178367053 125339194 647505361
873511481 822110077 45872027
104929000 402542524 344735494
396521221 186900427 599986564
871811960 57118184 517471027
910030306 809104197 23171148
240976745 203060642 515189325
64970676 562025375 541659547
598662776 425023428 160898681
529239883 762890586 868850288
481016892 29325627 687736745
630836235 338213836 609499072
253824890 766965319 623163613
723778382 243174177 738530283
953092 308929211 611586892
681524855 624937262 116688012
823969445 443501970 654588641
804239975 797318304 104542351
473701217 251953126 439627002
881667071 948438020 399954683
396418805 553437517 248635800
24600885 682265452 571334447
716773928 567958402 777084153
278795801 787948901 472968572
321767508 964958858 201170472
154747575 822546423 265232088
456801648 977119485 788448728
598440039 411594500 824486506
790420457 533626132 447869502
877837603 969671107 996120377
247634446 520904354 31717105
175166978 662581585 979939505
327953980 919762652 463833925
349371795 930766822 489605203
145921260 912522841 63605864
193850812 553481562 750912214
330294590 600308908 593717605
980366006 473222301 964111753
22483088 575219787 187256066
888094560 596620619 217614568
311399751 2118428 797871010
747981870 679053489 701227171
905491150 446713160 374848950
533273387 902291542 952984584
545228861 403674109 894400764
730959544 933798906 960422137
960187634 906976103 555624643
886572880 625073403 604272438
400122704 369583570 170589776
838143982 638420944 868600541
691976958 576957215 451023872
642332780 634141529 170180274
572685805 988372189 192103510
406450843 201496243 401620600
238871956 498942349 631672642
723952758 617102586 495118147
174192263 381182417 415647105
615949592 200465287 567314565
843760281 734060748 428802225
422002152 743395115 245558748
412462997 134881338 104885166
10054572 13985141 567354873
128132875 365981322 388091592
634472113 744940313 304930709
126079725 565790642 521406789
524168402 586345018 221175311
976615102 574514899 176282980
765611564 518363205 919634361
387340885 418438011 286705433
321883860 313992364 123593487
176401780 830205423 392013863
380370630 974287168 643158635
111435017 164785385 926413474
788979569 181268 334763006
471099154 430051559 6602510
103472671 786617447 725286522
300495913 950125789 942205792
267881611 426621443 289406321
382755671 201607294 766875455
307246709 389268004 679447442
120320529 835691365 62380218
567697252 245337066 142864302
156455134 733863577 168701203
887202797 862288470 336568164
919669377 138475450 609506869
558634954 528381935 754186430
914915849 666333016 44171588
765078215 517943196 944997256
783399832 872548742 586367669
157958962 223662302 875053863
328122439 138065939 36185913
373602623 915008425 953051086
425825126 445051352 453992970
190694623 126510749 751641372
446646173 348823366 689907333
782440984 494433125 116109512
829133662 252253607 922885358
394258156 999422335 174316781
44920538 846976595 118011419
340669742 429934525 290178469
790319022 451845035 91235486
123548516 183375953 23862261
698321344 720982843 699249135
948211322 589208914 377582235
947839904 274441987 612813704
540219014 379165469 828882631
365798472 205388205 695033699
80421747 842821270 579469503
508771610 699885633 325491807
411624695 781687280 18573299
71189223 459774685 199430409
475721953 572747770 211486721
71161486 555562016 131430105
245456383 340102402 761191953
204271401 192175356 32438329
477244256 904742732 817720458
28512217 259558870 756152598
295474638 750735925 294450981
236979037 158919847 315151313
941688277 936997916 277327544
626948057 115497581 152222339
985796271 308382293 402107463
423454948 687739049 370112699
284173757 896377949 637169516
187466502 996216709 490072124
373522525 97549619 418810705
784623856 234808308 529680551
352381372 73238656 687720373
80716770 465045188 667747273
234352039 243153396 680715548
819452927 321840125 184505453
56983650 542966953 335771062
916992291 830636853 609166522
194629181 950885496 400987629
836737514 220699308 856745561
480397356 810115385 615008218
149184475 259097876 564087217
737669849 232060798 961213649
409703648 57162978 732609190
937742736 870187050 282823282
541166456 64038682 43719603
549071436 587753579 909716492
279438457 739546498 59993980
689487964 810780105 692087681
428167190 380092643 285382853
25282054 757605548 650046049
672652702 805329486 636048460
892750565 485768147 872698940
830887504 448721172 326276207
272209098 953271728 763396660
626231678 164397079 7796491
578735588 444940498 42153190
105630319 445894417 101834561
219810860 335738481 376674636
358905032 334559811 581988545
276062449 97079099 210562497
418423322 130461259 894277002
716894936 207083540 886476937
91137723 340079664 700084233
18168355 315620034 534961525
999141577 817203565 428889969
539767527 669153497 891276653
917132642 619857496 741276775
838519025 415066960 447027401
98484411 587789151 837801310
576561229 256352121 15389991
281818038 216174716 420638701
680311377 799934532 304697836
118722930 632533753 371042317
293002 488243409 322298910
764535095 619676792 459702858
732669309 239869629 94358771
613456471 320217783 991177338
918247850 775448457 605495325
753234098 552866413 725675710
113327445 256155535 442748479
111835246 623157162 221651327
21936501 712452943 979720664
173348399 713172089 466489231
133064662 469797843 70379781
563367546 497635766 909368144
613352132 506469196 428652159
291685151 324835070 794919036
852403856 581213447 401820620
431114418 927471454 845755067
639380188 348636412 705218797
788517216 247642084 812804545
966567505 2341234 400836335
265547503 672252343 769455586
637614669 302916681 962764642
858530136 21678475 432372724
350234408 653586478 711988188
776842404 2413957 257651103
861135746 36868748 546811056
508081904 458482199 519584795
452844969 556106429 406791872
888776198 731133336 219807465
774778240 618210057 624655826
731180018 111608820 741366414
77999464 786732423 415976559
66121201 244678908 660292242
722519943 770628562 664805456
774282907 114115018 958165375
329748515 159488820 957654603
527701580 662596087 657954871
116938717 867856482 533659765
167938043 329819630 646037270
453382586 831840244 85812207
508081545 94395702 615036368
436664727 366223859 177888724
788024470 805643334 971183223
927859839 550423024 870791872
320074207 21613239 564311428
6490446 995050117 812693819
372267337 686364878 701598808
351976689 864994805 412569486
229112572 923312136 652073061
555533529 228002867 163469465
227794910 961992741 621058793
976985553 291831711 887909630
718847977 13123949 61437915
726515282 482269959 357764904
902937938 531007229 803786200
579403272 330421642 255334568
782428329 327187424 346056334
598280935 447132345 627568857
550029284 305719598 49239068
489116579 297853359 755565873
899188589 827538137 467710163
100989573 907080256 757306050
932119681 443023473 547362471
421015506 425094493 930447445
917534670 486499403 629830215
960492751 990780896 769597774
291487310 725059230 144679883
43333249 225565564 330798913
922234058 675006990 166673823
523925799 799361383 153197
277416557 757271109 231690716
257137272 524331777 111985900
908553933 969648786 64083400
266151451 316067590 838265712
777131284 781483522 916829260
25609278 415407868 406139048
484938032 939760482 357985513
295257429 593483279 199655049
602328549 200838743 222372636
396700791 691289430 222599900
667074094 785183495 583208062
353235592 552287629 792413620
11113043 318868524 335616248
36151315 233030450 638105555
496713332 503357354 302759826
496909373 412330140 403739933
39513300 736174252 570958294
954260131 478985193 38367602
305601698 94295843 72991973
733950964 432938146 178965287
65035493 635123065 45401600
536102302 762999151 7964383
232426702 384909180 386955019
717180113 76822708 202744391
656316687 107710594 269116676
550058147 200998072 434631801
53162572 345525475 504105007
938942525 419403839 938095791
816219950 545734761 733002252
380147379 256646785 326116935
549537065 926989859 358293028
792221755 146198924 743377839
39214154 767312619 306472403
744302230 985972203 290792871
764977731 774098398 951626427
693720027 987253689 13787970
71863253 987421818 118763141
63700307 382408730 304803527
625437884 520019423 982583633
816182228 363034016 213101057
317349624 706863948 321706363
551659548 886900026 954457002
40076021 931117328 983964223
41285921 510912222 259830635
80482100 94480626 795711728
254332550 230035269 744355167
773368858 951132539 866767702
130908030 196597992 183563417
810252243 553937012 272405675
915465503 826350344 64384562
975661283 786414422 504042897
601393744 793688000 428636832
702086468 953561348 178063358
792141560 397472882 273252190
196440447 189219293 585053148
475734159 628092025 419447643
805368025 750862918 252239487
825992046 762783883 642971068
349392866 36476614 587927546
66567717 81940332 887217828
586600266 289576520 180493888
361646612 336942056 138699212
916548905 334530412 312637570
226767649 365742159 976116880
703021496 2206346 900849303
604894527 915384042 524196841
492532744 752493101 72251706
975722352 31824962 212392274
960865620 874175092 981703080
660680988 697606243 846034829
643876389 161304831 486227065
214046234 664083230 808917684
645736214 71024698 375506077
318946818 515657918 531930493
138300716 639442520 60424624
414672882 42256860 516528296
602159927 978884444 89361654
190326899 740912814 201755839
176642376 980518943 840271881
81055167 599225826 452554844
785676169 868958867 908660437
528426125 850948985 196935669
782702485 45195242 191773766
600577386 434765519 99150619
390318530 339181512 195420023
712448595 534463894 828956305
727346315 887138381 828860118
784012587 996158421 342008353
88169284 53058014 218334767
63451817 471752739 493349395
888799700 318357673 613814196
356379420 417739683 757123651
459029497 33589661 29259574
85245721 704823850 127274973
377831049 450250386 976767386
106737876 644192650 189842400
678028878 897005055 625810027
957719562 704721735 369571695
68676278 444693809 511802963
552504246 680231466 386885079
879846474 873675381 76558168
138653032 540862330 849241228
339920880 417424343 905220957
326847234 183761511 169258103
27348049 193195647 676969324
424369953 850058582 424571522
939782052 18116551 998951841
93034485 205216855 325478507
568511261 495648200 136384757
138853729 420855643 607125398
40484953 138394043 785299493
827062344 515096406 927438565
69135194 815762247 241960989
994885649 209415928 662820278
931926600 697507639 759678488
142429031 927457987 660182079
213647803 779672276 219695773
774939634 533630105 632271629
171289433 537987888 646808083
421985159 636454141 228542522
24289282 303788423 927338339
169373362 439054807 797567515
85333231 793793138 280989964
979815704 359342045 315221487
577373355 518715406 218334
395883440 199416080 285078454
892878531 567807567 395457770
38762632 218837205 983676098
242171027 41693636 444301803
698969209 89298762 80802926
924682229 953928410 648464528
145127283 884587473 311067660
156344454 991753491 34124994
907836135 447962052 167788770
556409179 798441953 369042195
978024260 382592078 328965720
292443530 281562653 787895962
607265513 862654539 414594335
962472505 239996064 465328328
105861336 985279422 214957576
429285917 929446135 881693856
59165557 272812840 161080444
363236575 669505374 103807946
577119216 604575994 207106025
33501724 520101466 633087481
899446241 987843855 858801690
606088063 568706998 975948063
305830475 978878914 721904225
302422361 221806464 680169130
318778827 514769547 365667043
154616701 885709102 175200008
316382353 820009579 912108053
790421 831588171 186253666
693559619 804327005 696357871
527761009 520962172 352881280
326457145 921301529 778026188
308248023 492388337 411003317
140680388 244456631 478552302
125477198 162344092 425058772
891887364 159029446 762929811
255501771 741408302 646862225
544932960 456051690 529251485
140399848 455607432 345312426
454951185 842913254 424076049
818848423 547988710 932562101
7576328 959637299 479343728
796043315 735078725 231598753
258033746 377177113 740769746
137080349 783905294 77630536
559155916 599559234 551306379
21338704 962095766 993585838
116325080 766237172 591730344
945109070 109799243 601243785
652729231 557393098 263127698
158447184 369341505 70120061
724815883 200503535 776330193
68107298 785720061 882026571
701298826 259567512 47054865
770428678 276364146 993703013
381875602 473173953 443925134
561922870 51238594 504348195
962824082 84298229 102826730
213755532 876039476 395344513
746022230 263531382 800480324
791138267 166449094 200293338
431783900 643037537 128082016
604276366 955504713 300003587
359282070 151537563 982290255
650297890 255543132 414762096
102089035 538508926 76653622
386008051 72316245 524759429
614147692 587064258 884954464
788265579 7876331 76452524
854738537 72256121 976269995
332012081 457681877 408784125
405326257 770347750 94927107
412459066 286097531 297833349
315050066 629726013 74599677
341838161 797242382 723468659
593042379 642089354 858594710
670710728 767813314 853914601
47550569 28134429 154472710
551428021 874674006 309284441
482714592 457443958 33771629
156528987 578683543 770052187
324705711 945528711 141021077
122996227 769638527 179411725
590621192 926084902 458478014
469820568 366021599 237986913
125842653 746767579 386289387
742445896 639718195 516635107
459671641 484402130 806155771
661696821 360613374 411060059
595063293 32551364 681747122
157575813 917625642 320158621
864356888 998587170 499359642
623884945 11243286 24905722
503939158 245555679 991362935
806480294 60848613 653655501
818346642 502037401 187964359
785312895 623530898 999449099
673048354 357718017 395756766
126284328 595998994 786018235
416777998 6314071 956518968
433497907 419364912 182425612
472411780 275920803 253024556
751057347 491658658 825249366
611473229 748148528 426173934
203029744 793805523 547357642
240695357 144953828 246483022
818307526 557548902 524856151
716143306 416983939 90837547
214978773 895426420 512371963
571016290 582387717 830260119
344865752 845271555 304193044
323893437 418720028 699894608
882565173 917912464 862129524
291650948 988815573 110726311
469590605 788007815 599350314
890705030 536148651 730050258
994085721 117109926 384198203
589575225 271371119 160034632
638034246 454538027 683960170
436073633 111834309 639833837
392024332 319324151 173016804
232875669 671595263 852315359
28962498 257185546 845020010
951599505 320134147 771396467
790844486 348758557 147832516
748164791 877959703 651892379
630023347 815530019 638988998
286916402 155514414 781678083
567428859 178464373 161262668
353778787 974635429 357510594
935388012 782962332 767222120
364624097 729029456 304575868
870307907 710649077 503614630
828668599 374745163 462119665
452590089 622082688 800507696
631889270 374241488 164232727
775900033 505791677 98364026
165566965 503584340 860653318
603714187 944326783 295920272
483609337 370173471 341452642
231744859 514085426 883521389
15160345 207310158 277235847
815267517 368207184 306582567
129238936 31522213 696619441
62533773 273934091 421570236
237456532 371734040 829676234
798444591 395313997 199457447
905956582 811373660 456246479
863917492 678757676 97164045
728878089 934330920 785059019
708612466 865546236 881899820
306380472 233848975 180436150
646515780 743964497 39347338
987219761 450112627 916833063
627426357 262074939 515139944
385106469 563102021 575288269
11263607 450072580 604065101
303093750 343009996 346749290
376912125 248470047 960190878
520617035 219753045 228385747
605524610 445637356 697557332
751195643 57611245 833498266
697630410 446837976 921332274
448032602 608744037 978142573
273494515 638278491 849068149
59522612 736576973 457801106
10470290 413101797 384820293
315855574 752144179 913233705
859297757 15452459 785444043
960023925 873687650 531657070
939280985 761828730 855240325
420389301 142142081 929556894
281868937 526273392 952415472
902479365 507371042 154171789
9182917 606878101 616056391
391528762 677236422 983861932
11272838 573857920 502498295
871064799 496844383 290700975
693044364 467191264 806644523
902082289 343216020 630174068
501506628 590734710 774273835
419710956 150723679 304382336
764074416 222617829 799356379
381745493 916487555 988711363
555244103 938660920 443248999
260153833 210578062 479685259
900323871 169687152 615425605
187187953 697474505 300130027
628113750 249685766 709522068
635487831 477734284 117046336
805293090 437179647 570861351
531080450 482810057 178399186
126298575 836399820 222234392
755082894 322221082 845257607
363774551 7840415 416994591
733412325 708859496 123307681
675407230 717427207 975229744
951384217 327118459 555962778
220413879 126856255 16594457
301467862 697327639 728097143
769218898 826575970 204451242
862694927 314966917 538739775
433669334 155301280 247888599
176369478 189185084 544021056
473550022 113231065 158677104
912523505 878807635 957196784
254838281 585024209 459007337
260529403 882160116 490485020
149595800 265010709 677379567
680977229 311972273 352096211
827228295 325228621 705786186
548676456 129814682 884644129
627683576 690398412 739835641
221261684 70871640 423923837
42831020 81609542 465549642
630677093 556081497 665768740
915380673 951222867 274259233
323022533 647346959 229233631
44185677 740565254 727741263
11923650 703719834 627726232
623661343 764732132 485723734
840944070 578072914 719132955
154141711 843911619 524149949
742431457 810727900 146504001
682784364 67347018 951964253
468462276 343429696 945137315
595520477 395581829 222514245
611341805 863350879 100531858
317237870 196088046 315921035
724580183 227762305 576782331
123963373 793619890 809120072
156753970 835444080 785527627
430517584 867968994 858301616
202891690 218681967 655947747
111176950 624128087 475175246
785591062 449980775 408046063
173384479 597518904 560978364
818368718 588552868 17473613
436446146 139111226 264811429
641112475 977822126 574508275
704838306 562651132 917097569
279078481 526721116 191305788
958540064 478446070 668529796
668733045 135847083 364631176
21067563 634550612 618687048
664795776 704732738 320118758
140297885 438819811 78997906
89889164 987075211 397992013
253251168 822605308 350649894
145625987 102242781 196225030
957837835 83216301 497132328
733455245 228599914 362012369
326173487 270406005 640785195
705813768 494461447 524358742
377298503 331778173 373289040
437227288 374111484 40121236
356164222 786259563 627559024
986213618 661440757 885359308
117184462 185976506 305065303
222304285 461080267 59140291
69218752 683144923 705219887
664463620 317224574 385621787
707262373 72723593 687882885
117769734 482006103 917333643
921255605 488205474 183566197
994597512 805388758 530653859
766131072 502645399 841662990
520352286 300489144 882675440
639905814 482233690 509984458
851296316 383019987 992620889
678754964 223332918 328859979
192485216 368440465 851840024
369684439 828494842 8807128
469744926 799874801 952143449
45202651 786186902 923906109
287416310 490127071 961325297
639389127 874793235 886183193
481740144 407857743 696737428
35753830 762938440 994527055
417620572 11174467 323772599
139620471 243210702 86122092
677065734 965740084 478824048
302629223 232890900 621855041
575752 862707477 580180659
697950597 594569052 406729507
379070026 376995082 536573874
539197157 890256275 689327721
742011982 806136124 376837478
318142248 588623652 542783675
359891527 571171129 631554114
238936730 600867559 169595759
60620941 494595743 452140966
53552657 41762487 907405317
989975268 901952559 961988617
775053791 853502067 750667662
682235380 784218731 220070369
823336286 225141354 718723037
450599893 66573744 6415115
268637812 535799772 335795832
291142646 389035543 974031371
692460886 140617212 394123693
280899089 541428705 777725158
938995746 805845698 309146159
102820623 444392613 707682440
307974915 216710026 286545585
98659802 418874489 478734313
176591646 201633498 668922762
6237907 122561645 458655691
447248189 322997928 781916418
447892852 653211820 362485657
28406673 957797430 964459526
870578238 992470115 484460540
750865237 859252283 403226229
548154467 430861352 975306653
503797482 880657615 486135982
774629592 357481422 118471456
269773311 303431374 683067333
438372385 504402737 194867979
380855803 390998310 684427371
680897769 249058671 662639790
889954218 981127206 892756382
981982341 921050132 77872999
715556691 211049503 111992509
149882008 95601791 106151712
306347648 233904380 181096426
535490757 226962287 828159657
132983227 326584901 44644099
331245237 421130656 616032489
266633775 576378511 551427955
45667676 369328057 925550645
207836340 785303451 432451048
946865052 896285352 148849820
64665436 91429825 507789382
608552781 664866124 495811212
318726839 95226380 397493373
788473985 145378794 165585352
491106537 601298783 286394991
377270273 713727120 931613278
765406664 860591602 831512946
166665924 324918047 87738333
428521406 690640737 943543539
475583793 416960305 674321809
891895661 648907529 951700065
273281217 599287411 954264552
491456994 267425536 550786812
178439287 693255794 553116505
535948999 611492955 197260300
527196166 210739602 900522796
700582612 732256538 522627283
60338909 821077999 10485505
311366878 717898633 16089347
737587200 879473769 131731085
427961372 643560028 572269535
481881941 148700603 446501429
765490405 871759819 5053446
669801213 186655247 788256973
885657478 589497201 256419450
373030420 427237146 620129936
811695184 999432258 855929432
752122376 509462943 689991729
132554549 107113305 482453490
243672041 239294253 32511926
719428539 308671703 411043047
431388299 581582030 652448522
861057345 649760240 514473052
606608137 779802095 244274334
740705105 583363544 617284313
275165036 348010723 360780656
153274436 474798933 806892122
546313502 178056871 239631482
643641000 126952812 866642531
374730798 77922459 941782673
231820447 805207237 393707546
552128517 988204470 880629226
446096675 4310275 683514682
566967289 41913791 483889101
560280573 75736345 800463407
930909180 158101385 972026629
273048691 611609123 29251899
841757628 536973167 480015881
59825246 660220823 311254237
33092056 484412643 238697354
394706749 799381799 400292128
756450259 869173981 36837949
609720300 933315185 999258810
348048037 540033018 677420904
975953276 951812165 582422445
640830763 882392756 19742132
759030507 467117399 92227019
954348843 434569190 443297053
995533504 448092861 978901106
120713568 746530032 621605345
697326057 797424891 597136044
681584720 956383082 585338644
314077075 625518706 867103528
558034062 857693967 347370965
339876192 35283399 472465277
253339858 808531440 440054317
239571773 783326078 235541082
173488253 578031327 867019787
949788862 225789949 745107740
381927553 950031638 817625738
300153706 588980430 209664945
688575788 664917837 718382854
807627861 170147693 185120578
107398162 913337629 108761319
844814590 359804317 502988242
560025280 196849712 916410126
935073985 55007237 779971987
583717177 843312826 796029322
58011696 889972205 50158463
699385448 758106294 546069885
651353186 937682305 502178419
491251447 650034234 263850986
673335860 813731693 333016375
950498974 154291375 176050916
977381751 372500756 615186124
22272823 779104492 668636139
25563367 134310355 192635122
470947707 897416814 956809098
421857068 893250274 359550000
299217724 279349560 634056583
978291956 772017940 354408433
794623150 552638584 383540835
519006194 310835277 249924487
562182164 891840306 383959487
648010090 3173446 15032814
989817856 501688746 951234086
906317651 876661848 77084052
644271260 346999765 750550887
402404138 304087983 236450236
294955780 948011382 262058441
244908351 754799815 618683175
481811378 125522628 348582616
336753620 515398760 532466809
625612575 221355392 749651687
31315432 367179522 328357729
629222048 920328738 151026066
560885801 516210296 881676348
897823917 571112712 387511555
398869562 788190788 663249586
692935487 589959726 868218616
666613331 82990820 882221173
228924065 425201475 342229208
304435202 142923493 975488020
14366067 204287982 215127633
967673453 245524898 45221794
194147611 901739100 99418107
527780170 442655672 86935642
330908727 933236065 517777327
259291566 328313608 349221498
494987323 348581869 233438061
129216029 580228837 885005350
752397467 481797283 252493743
895672628 325995221 711736977
247629725 325694889 890207192
686602337 12507184 43781146
718946546 883622217 223677117
553307166 503148862 178229581
215172928 419295166 485450571
257747714 787081673 312173129
381262863 126662313 706951725
1941040 406739593 975808212
515726531 678397859 83259368
534348095 266370461 551777258
844735044 56207851 48209812
736089449 154787131 948682386
895617169 151213708 638181400
608939306 374672906 20638448
417959631 151438045 254675436
947041010 374543720 869946562
558141183 877713098 648121815
696648581 816809454 877957447
414945861 42213672 964761337
331514142 133632616 509331890
804897243 575250441 729199326
790007464 734808051 887815253
131001249 123047154 225980624
550174315 172456467 703547366
283366547 535155779 955766226
778984665 614985066 687032465
173373015 406484766 99889831
644030935 117558842 448954529
485478115 830222117 370952478
119646666 694619569 17682445
902115135 437915068 62123784
283296309 298747677 64386736
694527861 321794858 893119923
756786607 868469447 225010516
119393656 508455541 129247143
587360553 401526049 87417889
197736714 869353213 258339096
851385513 697580490 956348556
986579587 663891186 3026636
200099219 711174628 698458304
284921105 772705438 113557832
472250670 143966636 929330213
839608459 415751874 995847911
391993191 887663564 53761566
871805349 693014462 183903822
52048558 51012540 400552045
913009599 900438606 407600073
612817605 355132640 538288636
361661682 308403279 5897223
258581117 809810066 429534639
604468117 345135940 970119533
888307862 140936446 566147807
902685812 47946738 692270671
453750416 266382293 508232041
459460160 372626246 28917054
911096994 845790565 383360786
504729409 684540046 633991202
703130331 60992116 906944733
213087519 622128679 217427967
974359863 459083555 245907096
508678999 426779542 221560429
636189222 219211227 241530006
805367067 784281843 652835586
690487413 170761081 810163793
456961578 111547606 761177914
265558355 696027115 273733623
261142925 605771592 194628157
620767558 693713983 38656653
181207078 985581213 800426457
947593057 891421077 68512145
806907967 503845840 457710201
273137422 24823825 881463359
752055728 747668291 261643779
280001698 42017906 577276749
133225492 617375082 987537269
919576030 544176631 382229892
442211460 99454793 864490808
188913990 502146208 722868269
566339167 832819488 311861039
214067681 399402151 606353466
261876600 469472632 80237254
736076971 671921350 181428220
304374427 258260970 285395008
843051313 871967898 491513283
460171376 575778431 52120192
569238504 393224985 531306527
689954826 279834350 811946698
801800595 144778830 950855903
505754381 355291555 405141245
57516959 141893425 775630326
520971825 934648651 383399074
850243602 567240069 259759792
822158798 335031341 110537314
414807458 591434660 787259437
641253362 493977660 802537831
566691516 429854451 632571281
946905888 741140970 476632875
856405575 504748364 253351161
881668972 781686782 201123623
737841356 121371279 915944015
126887113 812601813 697402448
554091740 935926486 756785602
117503306 75623375 521643968
420023590 54103607 140545880
856133271 610783740 952058929
633077557 227319757 716686202
941065331 594756037 14567598
439801289 880301059 424777932
313579634 274293657 709556487
377687893 3803391 932959873
717937500 467499706 404951717
972980626 185228373 597814649
380065654 772270001 421445091
664706289 506557786 773243612
507017326 278651920 604820835
50281555 17105412 927294629
374722763 730955937 124521713
836104424 51207352 758771818
171154983 978884650 814604866
131626951 293890914 727088758
451610121 410682726 800190930
613836630 587902185 40862531
765333167 277001523 863929010
414023676 616302525 449495050
875184424 421508349 168465074
962068192 545526549 309068967
8422350 458458406 613946184
808457681 409271155 443919254
191210661 772989072 513969140
89075045 118803788 90162707
373292503 501486010 733166952
878839558 240648843 611158654
922403049 699077647 758034504
838749098 144698637 970667703
130478123 403954064 46180968
101879165 558107389 999275653
666864058 780561045 832064898
930950828 285465509 690991054
491344961 335280465 548835284
414905675 576471998 171641341
766108621 892423502 739218141
358676217 428486814 609735930
155956516 41565956 820600850
789018204 738873718 805735302
772395576 473185708 272875032
747695632 570747235 775773926
763763610 837381233 439545042
488537995 625922706 940144924
65145067 300621003 977471826
299553636 210053394 375332575
47456763 23626794 334345815
822778141 322019584 434020442
744376135 361711849 951507358
9994507 291938220 201018559
930683425 761716077 858459217
937759100 231084684 34319919
454086614 659070494 184688846
500068080 979291605 190771754
846423405 250028036 393515520
164247652 854933338 320497933
412553685 540418632 627780438
52880708 180262004 328840605
697028163 754010241 28132505
722502114 355417150 478708116
91436109 107399864 433399740
367433171 767692273 621008012
600375324 755974962 339092232
461153808 566386979 829306876
907835326 479339791 426745200
108638270 356276115 142471740
50137767 470808477 566412755
652147283 273705493 979765501
696261948 50454775 335648767
16590714 852551169 402430674
810247831 158335821 616208580
138469993 916557939 862185006
9010982 819340889 174354492
835177794 766019423 263237153
46742151 975992301 252366113
4589036 747499812 293123455
773948812 212653894 604426072
4171308 477625036 89658008
997873689 456816805 756341276
917653313 574534505 641569704
69607807 885696883 944976080
606063492 135130583 513751764
862248667 102003123 786201460
758720953 799629908 654050532
848768736 331115631 953414259
61215909 356897143 771360873
511650344 910511002 20656960
454153164 629364632 300710418
861776929 236773732 352413405
660604148 445610162 682053891
60520242 306316807 403763835
634199200 104291529 992527289
385252757 158887795 787746834
641315218 528916528 888268861
474957374 924377392 399047462
660638999 655457029 226589136
622827788 447120858 982453826
697613022 105561788 136811583
581385235 887115286 359308201
976199369 849685611 749242146
510867621 903620470 591183875
157163017 855933043 411942850
723739989 976599111 950490148
814159698 309733498 423058432
641895079 541345294 514618133
826066010 239214818 641258052
844132330 371395976 297444502
907908994 8028261 812675541
681705661 393458544 630646437
338716 31595710 984952299
867157744 68662519 862144146
110954318 245742249 516602357
594166504 959293592 342935169
872774492 346685834 369536125
923206231 419093281 839820657
957426376 852953279 641075877
847853493 426663049 891867933
416376037 204401447 730340032
832098257 24253713 407487605
527386190 669380781 337522038
717614413 940714812 804519785
657293189 382729073 584858555
69514924 120748414 795720780
552674533 876650601 285444041
832615732 414470987 625676712
275777014 946194982 453029871
802289863 878622793 328473340
884467591 469169616 578579976
220057049 893860785 779631894
252080170 783413516 72242583
201207952 776111713 359283287
560753469 459342829 11263593
985067304 316787304 424177592
731831518 826226452 207409704
888429901 907783836 209315167
263099010 770704618 320315862
341411173 259048852 409969605
470280466 851779232 117719773
12372850 365600765 257328382
600161837 886660699 259910214
477006244 960891763 990965111
262064566 655209249 335133867
709867837 149966396 787288099
985917670 696205187 830415835
860184121 296535308 516821646
274926812 715656856 722931457
185764930 195777731 297432657
771304699 876598115 162921816
319072759 614467774 705259597
995664828 608959006 21252411
55152519 638217257 253015183
838712216 330556907 907332945
144922955 24991880 309133918
932304512 623989676 282625809
880614990 642682103 467923369
170528078 777501861 53208737
12659768 680803888 768579862
993765986 154387925 949489513
682023912 385819044 612455656
219154557 956405862 974412427
62644115 477506927 564265779
584470790 343498150 98056952
211179210 224165791 918940501
22366482 17885141 52324316
957609843 631501659 608479387
230240888 612093128 239169974
120264747 402989441 942769332
942229124 763846953 318477492
429580535 34863449 189677553
762938935 936703064 627221657
501006326 898025948 60830991
914606565 290350558 992238862
865178281 822910384 918149172
979192506 599059812 882833002
971640186 276023676 332343965
593645576 240765401 399667231
489833009 944152938 456385327
691106990 925971463 382846297
141056711 534537603 186223556
508791072 982414031 909976920
403775706 7486221 267171813
922414892 562273806 847330396
222548916 576775357 584596730
253019711 112161115 698060617
417633534 656775166 757260387
974759385 31592201 4214724
242479624 706475365 596369593
300656546 343715779 907814529
912427337 74541917 520101102
120539016 20111648 192583049
351381789 849619781 840661297
955432213 629356020 280953804
403255014 879572562 446667875
83450967 362818692 748108300
697419471 156131240 413134192
985422528 632615530 659522349
327995015 799049162 80320505
956936646 178117076 634534096
780419867 800375755 788303343
13465435 257863092 337764499
452717612 697462355 428412747
457963118 701979621 233517332
436150668 256482769 948336210
263842361 283682845 94395427
784836153 256100369 261897409
363319145 811807555 343833793
661086997 387923553 973109086
780787361 44834269 459825380
679195937 11511144 604732663
564202364 500332235 658675685
176521297 980812938 786969803
915606860 534127896 602756031
995320562 566488662 270399465
842414976 478810922 97247180
768938812 146681441 955959404
448634458 974505273 946907526
941757438 784073731 709669620
577887685 719621224 791514955
885971473 64366995 307650944
309097445 845846047 302340883
811867339 632546908 335706335
923266197 721164146 122868255
524414145 535013065 21327974
471790142 214400112 297242623
564933269 952475285 400861295
156164448 979614001 234175430
705387740 662263944 420821864
390799697 650259484 635475338
892231094 710358590 558615232
580501707 502385748 636085951
576970274 164817746 102218257
34042952 670514275 588065575
332498184 106844456 854674764
901603938 693325412 932252090
590055379 516948206 397515328
104848719 836361430 723278065
687523477 125227250 857070102
535314679 683860070 804279560
100000103 543939282 109303312
671499608 896233796 77725220
242872325 425906740 948216472
313900007 663307468 363054931
377065125 833883243 401095171
410367200 717522980 506306391
743032771 204478915 835185158
748587854 96638364 429517686
509258085 999526722 442049025
927614174 910748755 788960673
550532356 818634428 17791202
844892507 96444477 235558694
814981517 191912021 638542018
901606470 713509961 533042934
50186206 952470136 8869088
608122247 474121910 122143338
390560524 221564464 356531500
225332370 419243072 51040814
307633630 231085700 26561956
130797763 445897701 5061679
915901662 535449013 958538692
215416407 584821151 809900570
673268685 620579822 996483549
32236160 490386664 565856244
853944099 447016969 295439982
319980638 434520648 443592447
315301205 88205935 531045161
733534523 101413075 364373656
612886039 836248882 836231587
975931636 719164525 689348870
609097909 359121962 332717754
185773179 616656647 848550645
192459744 917979729 579071359
465514629 861976673 990573833
748207812 874632310 100040744
502497601 52350829 620701635
326777994 606073259 548898292
449537140 831381246 298100891
334789653 5001023 164826561
329934600 155103475 830932794
44443871 199530352 154025863
664519168 240103103 765259332
785879625 887012925 939721823
734630465 369081980 344347893
725554276 766155580 160772479
212879227 246252768 841423560
334053128 160115200 184923684
577477759 581188669 345932256
798072273 14420216 630776508
317991683 859758429 479669024
1307983 240147153 600377912
989063017 520941945 373624845
386737859 370297142 898310596
959523230 365847040 337738810
415115619 850239248 52003848
646737128 58368387 699462280
864200540 469812512 278684455
580154070 882674458 695253708
250189221 818013974 570325343
62621460 708966062 31855859
954417648 139813984 774123452
770546742 761299093 508057491
130599468 184630116 380804462
937010314 584314179 404394186
534177370 552026667 418381136
797110642 132004119 869165622
485975302 791219515 757470112
133983599 528836683 601521575
434166576 77604292 37330825
570776909 300257415 231951984
353072550 56086228 704902121
688345250 24402446 889728083
501381683 575149925 378265718
912776614 817817861 434875109
497363454 232807100 944085844
398869774 258470296 852363597
673784898 678808609 311464188
614255388 327754623 280660106
309902859 23408193 449158348
840212509 659439378 834807768
666157495 599161420 470663636
472810016 258476492 323191332
280823376 539302218 254798473
859375965 812506825 764409294
263331876 598324213 309739590
315402850 643268066 28441331
935316256 894122429 338586047
34633101 570413982 234202046
254177109 576951470 36480295
621801898 515671233 815551958
73391668 591771185 781151485
848128687 13726999 682876128
339488277 109762818 563723377
890541389 443777150 363630964
336463468 894438198 626487744
659583379 1394611 794132515
26006580 493288152 660488316
251141582 457075524 57948428
374684641 489733992 97374548
93225855 20039907 958797495
85928727 154171282 752969121
120691387 737943701 185391952
53374011 79136113 990871983
155385426 913625138 787106489
752436698 590789430 887517903
188730148 937943874 156927737
141709122 984707525 504612569
588235697 852842382 558061750
168008004 298955003 311384938
280535592 548226090 75140438
614771787 914546223 654040949
58877599 741197551 168425421
951257772 940559786 843029556
602574316 693746432 908319887
755012279 82687930 807568177
616437953 370216912 42476961
600225434 991744976 194577828
546786730 417688871 445990510
738705278 748318188 337529659
285438242 300165709 686156434
311374516 458590023 911972399
228652065 912152720 624180519
981817714 809171774 940406516
889736959 491350046 563472147
616507395 465806996 576339078
903951387 554521911 8454095
958772642 545161658 519418941
925284787 182717918 140105824
840196558 161547599 975394019
265667191 992578909 377978505
234393574 86526585 234820293
658157911 618020926 899763044
537602818 971964733 275514811
313268153 136140867 171653112
563038932 510571835 97049474
823349954 134813113 433379093
970739703 311415921 215905425
617927301 366306066 808842706
336614931 620112736 129639189
217485784 299681261 133815569
406312645 934804520 492206086
123738973 683782703 572285644
956221202 679281801 126950021
577562244 21515957 17406648
530704229 22790315 231025328
236968345 554030569 26117371
786449138 704616400 793938603
588398938 621524225 52646100
956703421 693788898 896000482
331520232 302111282 406924050
98449290 101984188 23021767
438713598 31188137 438949116
163284039 150632428 818295524
676801548 81383315 682366688
387368254 851773957 502839455
205254313 540637873 552056215
253790786 232664157 368024565
924557461 690493093 306929635
758019433 351739462 74355034
830993356 78854134 108288151
333416401 743334622 160759901
783231444 230561860 428077921
663478286 67136408 56457573
890017818 968068518 973056303
555586463 232134504 465077823
646031966 780668904 13749780
797606438 886760213 646676795
98078292 310179893 765932583
667284331 886579893 511481118
328461418 348644521 433182386
289640443 188156827 86979125
175849133 937544025 41527536
440537838 934068387 266507365
693880035 893915309 541981242
868471941 691386348 942639920
558193797 418860662 861166313
652836927 297362218 767775236
988331821 482690853 579616990
965007034 422337160 519837474
445016350 490791435 833077728
725604795 700690607 596647555
246165594 4884094 340892229
47733160 24487055 101961437
472056284 881780847 200735892
543270966 2519057 732184104
507365497 606038555 59914765
165245539 561893607 801210688
220737850 260364795 520484500
124535403 654880738 611846995
804204614 639609842 691138107
746010864 787974276 562241041
856649512 434688754 51155221
703873897 723217612 145615798
966794818 256969868 740640269
258720458 134501644 683062802
931733803 341046403 113561927
117418627 917785081 312733165
551957851 999503089 975692656
715386953 560099707 909534342
646914467 279579208 249916070
179437458 460923451 502842196
506020489 674067825 833103170
708346289 315287979 986915165
375905733 88845668 333010511
136918452 699619788 93473717
753276588 316950741 177768885
424360497 774569753 620631960
393165592 585029717 317904804
410142450 604283578 699576141
916660610 867677607 331856806
528017175 825582019 275545384
604082994 636827193 116027041
940437028 80639410 647088719
622703810 321499163 210531387
428187954 146259445 517821168
460364969 572304960 331711005
262588399 732975541 577110536
714289174 919205605 60672557
29150724 642816569 978016162
644950046 709352792 372247060
375624646 907915510 292682625
866825623 541516426 586118039
641608439 621401439 670199661
484603321 902200289 922065410
503312687 837745893 735144201
579000457 774275313 404857190
269585144 512868638 460449600
496986428 940761056 422698608
444921167 619205115 534709345
178695518 825797243 629725308
449360717 969924950 209249895
880778647 536699859 944029888
661646688 320923165 887192314
712279765 573481944 818559563
270999960 816437470 414790842
132571539 686256376 112848871
234395049 105404790 899006185
61437962 570951563 294507319
308562374 722970869 105173900
389201386 802270301 46057239
307191465 682566634 465982459
996904686 463657929 385195730
87131345 830059947 919774595
607010588 90955385 98761311
59291757 726116578 63385952
456192822 206104113 598070302
904122104 73441137 799704611
414867798 767392292 203316677
730721825 404869357 690590912
747375812 61668903 996685002
46906964 923963801 542917702
943720362 333266940 945090773
65328944 735136215 920213720
77413927 23516941 434100416
152405940 114546886 657743786
677065134 185376887 709067454
613892067 43062666 935781684
961338209 591404418 771251900
684609367 778496048 132099709
749690921 41465309 654630916
633496894 762320457 624634780
830460946 280468943 662838411
282280324 781409778 828776735
338503719 541263049 462006027
909803491 273970923 642664572
19325331 574386395 110459295
563760069 681286304 531937791
723296697 525636638 98134287
745469990 156386199 974646833
569126834 16357610 703585205
651022477 264237795 588321783
561084973 794367864 510316848
607851850 288810322 319083974
36556031 456455105 311412843
262411287 581658773 612103842
114663343 568123432 23593946
770755002 778979110 442867756
28476767 6821365 187955814
253561501 70220941 246341541
868245636 181539658 302378003
906722165 704513758 396634053
791002961 860013300 785694949
241003832 781495293 443588830
532931719 393253877 561737051
830725262 572616108 720359919
641446669 486919828 738610827
852964627 738858051 408416127
390283639 271717319 517141356
692422195 709625434 93866879
175484577 583931296 720060228
573207691 102720129 647087565
446059050 25853732 806230780
104698668 445850162 916157519
264632338 294352668 76574777
634984146 283495512 914438589
538008605 750974959 123967551
61459578 475745646 229464524
754418623 444827694 106783136
755046168 856991861 418154469
71177175 990072440 578823853
694101649 18926644 676743003
343691289 790165328 821140197
29564400 589688686 916937148
790217001 480048691 901825458
863391434 122690810 794557386
62052260 243606783 526070231
370815330 388092730 371545213
817100418 998747751 238104735
443642480 292452945 575051150
514406749 203102098 37227661
622391171 102176630 201055686
901180086 867390084 730989086
766610265 156946625 452410591
157675286 233928759 29661378
504211958 96898656 186596306
898272878 353113152 397921433
406035843 946855458 579721703
847292888 828761942 450394865
288502381 500239609 465020937
798265041 199124598 725912173
954014820 141269031 885323093
277600967 367787088 609278140
789208593 109377816 148940679
919391287 172033201 351121865
522426591 373396001 564555398
254629814 714049353 827030715
694314980 449476119 386402378
278880253 279095033 13493501
170984538 146689631 129463428
73550491 241691551 394823039
32350128 202401876 894809709
589091320 483942382 248381949
188619271 458942898 143110880
911616096 360245912 964042529
601457092 530986035 766675691
465210136 843459125 762159699
553625888 346705112 341661433
283090616 265366822 619302603
684081576 284367882 725431110
566659266 921420598 625063407
503911519 111887415 438281476
970144165 239101954 377856564
407231860 303461114 695028100
339382157 884485911 67586113
909193583 524557569 364034857
354472278 345958930 518424197
179311702 681593048 833531307
870998611 729166730 798914996
300516041 584902818 343416572
586665945 348084937 857549749
850494858 783759713 995183677
453489917 948758664 166635075
511592388 812893244 185640949
219528841 530792926 333453928
683549224 534269069 967839677
534382459 451362102 61159047
175817146 249513523 986193891
434764456 977212575 456175295
386754407 681246981 672777562
540099598 412087911 230252457
137217039 315545236 195934926
724030243 523790999 936400424
497588811 9652946 781300125
335885930 888960068 694055359
103575851 898938693 703462631
856743766 85050216 163695136
585669533 741233897 364032638
501938267 568062125 332452689
919832612 871206895 494261852
886137510 733005542 120824014
517970872 524864885 784790196
460901870 601034052 237688578
667101071 782992432 53923165
992590436 554345007 566056147
54778966 434129275 282375196
744641757 654193019 815342274
976723073 418139473 154262913
772309156 544410337 587130634
29333660 87944195 357164579
152553623 998123716 381452132
461860706 512841997 706420116
406061028 815163986 166898137
755853311 588368553 483763720
386562697 181889793 101261404
503561136 2917073 820143438
814626222 659591154 420528037
319530434 402477896 312105133
279128226 73519355 645172803
308302820 198049033 253362840
746546949 746081259 362870961
220522032 384571485 675146513
424922491 821640349 171981766
635933300 150006428 871902187
746058019 826007493 45751405
519522312 833354422 409605999
257893883 316954352 587663594
953612919 969403054 601450218
591880495 652110475 296821951
372427035 183049356 69958555
900684379 51567413 712869269
556919186 426517616 306911876
741327485 858307174 794449544
602161334 434685287 370876266
317858509 341612433 600287402
743377965 671423794 699097291
375123013 821708106 381707448
422063446 438553343 958086189
348077903 534573720 16725644
633837986 284377805 809690562
684366573 822109248 388180006
160071689 643882678 327923930
429692933 118170124 886482437
65891599 702139844 746085334
608140676 858989681 167434807
744723826 175180309 449762481
148465333 160719468 322012467
837650761 946781079 687353501
796688058 590712194 329069530
699283544 728903191 62856231
750489160 785567632 216032343
64296757 265284011 124939950
536205253 165833040 859764516
498959922 661551126 201822602
669540926 180578890 197307587
61625937 391678771 404550170
586124160 776998701 248195372
552324408 381081491 673655869
566625654 783335566 641428450
825766356 896848084 924342992
690690611 463039665 144200745
14498294 978840506 92689185
4891315 239520570 254464178
20619739 239644780 109807326
597338660 546225950 939006785
233819928 795281279 226695522
914485929 11068685 789197993
369270206 687110761 843053145
391459467 130036842 718022514
42595956 164845740 836077258
665261978 814182535 268768655
995260076 107084298 573198190
963931091 569134232 502452122
62413806 14697532 77614676
435063828 101146494 963888382
639766878 111469307 145801232
506914704 280412059 952135798
788170716 360128907 263534019
943190905 238732598 345502
597015775 63833150 385183671
516796129 36173551 68708092
956755343 175945909 27590666
772632497 137824026 629242546
903553915 88627902 88065308
832663705 659629164 604495824
642899017 412442886 735733655
329117339 492274811 474205893
16968556 394757000 96668278
527647242 320116586 350876285
504336228 53999192 105612600
533684394 29421221 16938107
415085592 46377061 658724342
12141270 914706811 749958301
151900101 828877419 965729693
583786406 23008718 567627728
661360916 782074599 90012034
747725570 767088575 739082598
564176602 344150961 5857413
723255747 799154154 689421054
322852967 812636064 838994807
381733141 127542710 905728594
620858069 222268328 634411535
321158223 445563302 767518615
760317123 739695593 705962634
631588561 890950751 160528848
702305426 590961327 778503339
752969117 275521503 341928270
768584950 817114335 369842661
63454936 248112674 862667898
705361053 669306164 919918440
122037397 182882685 699065648
477917005 347805753 820852635
19952082 620848991 256721778
301492503 670517423 550329134
163399935 990645662 645309264
645973758 404195668 994237202
352549021 896536918 84583600
871995882 544912430 828877380
929248322 224660002 789921451
645379513 149621700 929631567
481186592 665585407 231436301
279143411 423540065 998657891
108654274 370039478 297668422
258251264 301076396 866929569
588807017 537516206 865631262
842813522 933388488 920620937
887571948 785895710 230126096
718654524 348715010 541369881
890285385 669277984 791874601
112162213 527676759 206813904
813248996 613379733 218003442
184916269 908283139 131045805
798996043 506356763 571636669
952903572 122850391 786806471
471320662 909116610 320244621
139034538 616584897 28461050
597422895 575974584 548319039
229709682 617879411 791269298
655164637 757386765 371594222
835521179 827773144 290858481
727881054 397851302 411288279
135644475 572221909 310069172
159844807 513800065 394813355
995679035 853770196 784518577
999447867 983591411 76573611
726808087 799622704 917569667
170428965 929220166 122712088
600334595 533424910 275001641
827620463 437929710 425716404
224552788 89893749 452354633
364125906 554870262 363211132
184688986 440511549 295791121
325437793 516731974 879554139
522988848 274698060 339796468
27581793 48381823 122275343
59532133 717227078 349348899
523134825 22765682 191569819
310937924 926806040 92129976
274624536 744247382 667185617
122237345 73266815 67868440
578680090 64294384 299169265
123620549 256400340 641349334
832675383 429664392 5084885
899118717 206727355 922376138
672216097 145057836 982237630
257560127 597178500 546597047
638029630 732403921 583271547
184891023 233550016 324098302
46476811 501210442 807492247
432702896 126159989 41678928
538455893 699399201 931928401
639631808 680351135 255142317
452716180 128751232 239322930
732700122 496467368 16646615
31397287 453797241 801749701
688109279 60950518 27826732
182594480 460266569 721647539
436227127 49661092 395773312
985167297 829672760 563617562
152266104 662472153 412803027
54147228 368282688 508592785
604734649 769614698 840341573
606927771 680470808 520445314
391225573 98871360 338635202
836328957 252364006 907085913
913142193 418802317 916899925
580556245 465442739 397212866
402739686 970943607 268543803
467474607 845981970 385537678
395999811 807106318 937217361
667654472 554467277 453222375
681962865 22551444 744792328
281578723 240690528 824060342
165380478 942703913 838755501
661739432 600468436 487726583
885186272 476935111 893766338
470841819 677661772 384326212
684400659 508136839 488596775
18791781 300248281 203068206
538903081 975484429 104001377
415640239 678979510 267142476
439076379 192318667 174707793
158165959 32621409 808618534
776624227 919564777 853135968
507713834 391496617 981415203
36244337 874903527 39566286
631718023 68768931 735457758
619959971 734986870 888875289
962263103 708820313 733352645
784166187 829132624 14327360
719283282 934479880 964833165
796080683 813870248 945762555
571287092 538125632 847048749
824104713 611270267 583936062
165761655 464737426 368079143
677852833 663193804 188485043
873362575 894005622 8313459
479209535 995794158 845323102
515564271 905856446 946950096
737073850 977997586 654433743
243520411 119727981 566988041
899540804 678800775 935689078
954105883 259806229 472061560
969834662 802002985 521164599
155769135 991304456 181576896
632333714 604144506 718223226
65807307 534640495 965104605
241598279 954038400 125975224
790973571 659946833 362145418
265474695 486948079 426153601
996799735 318462091 466660431
785777443 490064927 217505898
641465573 113975689 3560166
24503730 988906401 876751655
476491323 774278424 499848440
544330388 440741626 55785257
414379421 83409396 165465056
159450800 759989340 399612551
505438562 632226958 412107423
286934659 221960569 172612433
326523168 740613546 122058001
366791903 872106672 910713598
153692206 190171737 299486556
18203794 949478240 928974697
627723451 62171525 416574698
311539184 720393556 77502235
479819022 443268592 945037419
696524462 736289670 959162420
243290789 870388290 32535630
672419102 66870779 550843573
199260908 431546954 638963329
839357073 980237152 516035822
396695238 983191763 976365524
868855281 604365545 255453783
482429122 748126233 459865925
56256298 675654327 505261291
918242987 114930772 630565665
128798960 388055250 849225937
766355999 293378153 968512712
610069730 408020878 968014238
82298480 988228 224478610
198764459 208918904 595656421
195576477 246915580 847771240
745686316 427971847 535442948
689419319 67580604 114509606
562454270 285468727 913058938
721792644 434007332 83297924
914389273 895344397 786222105
653664452 401637721 772346287
928220947 209151146 137292135
482197047 904872900 368113880
529413052 950669224 916569819
477516011 698186490 764500717
871465945 745703820 907869386
347329402 310978972 656350281
623111674 215283027 888015254
847847295 904729646 85670071
671358842 593600400 386632443
413606914 425381101 47802080
981878202 664176627 591181816
967907209 529976174 252969780
831188197 252697944 364195718
826284297 129272662 657646653
602609985 256874760 248380339
998325673 43765292 544481407
324614240 761443235 366080964
705979746 786305483 59637941
195203468 380939799 833081805
519072224 252608470 428419398
163895859 493898182 654339842
45220165 319986344 905099806
240072562 919585954 873665843
658112268 731878172 276151243
929093164 980437447 94397069
620507192 577341831 275759277
738184752 118289472 567144193
570642051 658675550 159492654
447124364 750459241 664594718
608809391 336550381 493289562
912883199 822293073 736618935
851812539 786639910 764082877
844869223 130851174 792292919
659585631 251764743 608904484
346048535 398656049 162455809
249170677 752787742 40819028
877643084 549303177 326586217
33903600 39806769 611289943
28548457 557402326 760838299
850389313 635338886 809738634
125673418 991977121 697494760
563201246 129813344 562168970
957802695 349024674 621147066
501131360 326848561 7543110
305755351 434995964 128413571
907544075 735706655 59830501
855093900 444698879 349593262
800187406 261647299 617298963
400372137 996803086 214663311
261811395 45935051 939585389
117402287 324908627 916441154
606546560 666464117 85319386
311934268 204717163 997576910
348369929 702906939 344273826
520849896 584868647 952089550
241916897 285107305 826920266
681107150 45126069 702113863
224324971 688342951 112893216
88733991 715536406 36208878
357696003 463662739 325671171
950573604 406293676 572149098
40489243 474585559 860724770
48592567 153096288 337708751
849521496 611361702 943063753
885726744 378620023 332842615
950091420 150984951 32046469
55156470 864091159 795302709
36169280 813139502 786626567
36571983 689558412 348630052
666581659 612012122 641575919
598865470 408023915 931520118
636494398 996723341 468458667
708859139 652353343 330259249
325557944 817822581 147984854
813304069 486668629 956096007
567204669 753274091 868244057
11506745 359274873 786225570
154699785 557628267 263744186
631491052 334991142 187596415
727488594 380564243 415303942
730741203 671663969 612581009
486797414 449287145 123530994
771601933 554327969 718394882
604278986 980939103 422341694
440405393 97825490 37762770
525595819 594099868 43050873
443319121 221931034 971170844
418960875 953706579 648168866
841420406 413799145 87977919
821990494 229471570 313617995
245565078 512899205 879152641
794520612 259673592 518189056
61516728 300987347 460666657
185278698 469407854 676006749
638771981 675952309 867349086
633596714 612032745 34791075
188645084 345784320 739010829
105897989 363240601 621938967
159465966 810176692 148639747
226555861 330809897 121628120
937221881 681155159 832310988
510958326 331950532 455290516
34975553 508367794 517354854
458111429 156244173 247399716
786379225 529016759 766163224
