665 1555 764
945169043 339746903 656859241
35884228 992574816 455153595
710079011 311838331 668007434
337659846 140466892 617992539
530792027 712511880 487657927
671127790 563232565 655174334
824571412 217107544 513067186
43510587 147602662 946641227
738943202 297819545 320549836
787738559 614360514 527337957
129646628 680403903 533893472
550264222 863036855 46151847
73048371 198694690 731111364
272011785 290653060 220261019
281555159 878588927 499229299
793474579 12836983 983638578
584393681 439522890 381614382
381548064 726769974 720219189
349756171 345736228 997055893
151853042 310252613 865544473
413491664 469457132 163049087
197194965 952123179 644807022
882688506 538966395 7948275
226616199 864079804 232443355
819711527 883582329 545394510
565742599 670872376 668567583
685177732 744701912 83288185
408750941 178571268 131568552
499510944 105544174 304342995
851144831 867910754 32155159
551753531 626037570 913212756
564083511 823266087 580836350
704124040 331333217 697114698
665652218 437273959 378690294
192269438 265661742 405773119
53823110 429580120 701552385
284896173 291921657 482725966
993863957 443090711 274264006
671973718 195565489 626695801
51332287 499286620 324940148
217192430 818648790 63964713
482075647 436368234 699502272
714247984 604905465 999519611
137248988 41044846 374171995
696729312 708707000 243938477
961365523 209984649 389566406
660603514 773094464 185787697
498133971 747192945 454072281
981875434 103316264 213334796
26406782 580338844 795378911
749666839 912716679 916633460
334140802 400827396 468951377
703776251 43474194 642738372
303076260 609089688 94259486
534061668 129615120 297359696
790650208 233381205 538428543
308590937 904360060 588296284
260892073 341481660 715776343
653280906 313052680 342420644
322913878 879407199 112836778
350860397 474357106 339956310
865290848 96276820 252109444
608490312 329446836 721051604
613581180 971603337 223209978
686309094 308147439 38401052
9873914 211100234 738894730
484098322 146199256 955631867
922333361 525931834 845607486
704120460 910118946 609935164
501081605 576165588 643095123
740584022 409828326 882932595
988869336 705630817 135736697
146741738 917383665 66659104
797298850 912916514 230269487
972473336 938472698 312471953
651405636 73594373 134939749
961529635 183258996 780249634
961203301 546861460 991512318
848174286 863246312 886901777
349423979 316686099 433280802
995735657 614934793 745279047
217884253 942495533 8089962
238597693 192852649 678938425
15693306 968164213 422321611
161460372 82779081 155724284
405002219 794410969 288392752
270685938 638194224 585874802
49297870 849441565 84403116
151205287 302610915 544190672
380499158 837161793 273072492
274693599 600268349 114240983
143546628 940756060 350357200
561002973 466466784 605909007
664913334 515102440 465017399
837309043 464785084 270992816
919162954 124253549 556534487
263126172 541743581 27175845
427749158 246621870 145547248
906439151 967956946 629985609
482015790 752143213 209133978
151502679 13227872 219412119
753891034 774888702 519295209
336296679 160352710 7389296
395400591 715908205 57035742
246172605 95368288 528872965
798090648 715581156 215389514
650173329 27472230 537659625
789203476 442026695 295109576
67657342 552163385 514514054
262101536 77132814 333204406
685975551 973256996 776567393
672073537 326517601 349219478
899716401 33623714 866805671
176697702 11789605 294084940
135322985 668794615 864097075
706860628 776196432 312593786
746545406 7278960 957791556
835728262 635921381 692307588
676698545 940279323 220106550
310723214 741082231 432199769
176865699 47235653 837735643
777494572 793268621 383419541
847392185 318814959 460900067
933615860 149282595 962843137
391703911 42712118 799364446
167316984 210556871 676709599
589970094 280036716 96762977
978626588 691980644 825218487
495774413 565100758 481657469
53231136 19848142 457176499
105010736 989385174 561565742
478540057 693833847 597842667
221645112 421302796 886786948
657692315 986256568 814192590
522381123 968861864 801764002
333124332 866072919 526379728
108168365 178204735 865771307
37255440 479136482 298766138
405893402 801776949 228567667
998052989 716015775 349335142
907821196 369226623 509113641
636606807 457372282 291517407
136436153 515537862 578431584
768874015 30592937 345182060
804576961 772636253 702972522
442040780 650758251 259702137
665607259 962794971 151119283
176303483 465208652 570386583
225155103 796933635 188282354
535942538 927679258 183834120
569356094 404014360 318513117
428300845 634999703 411234832
830174415 59197508 380722184
362953357 790832164 833372183
594609033 938645161 152628843
595866123 730042558 759254397
717671569 743670039 492613459
917502744 297767502 963388985
479150309 326901833 352541272
834646755 887927665 315396346
779687521 507853512 817447683
726154153 491883872 579117140
110863082 556794237 160204044
479723640 551099421 205521565
859353275 605793395 517877323
557644117 46049788 366022090
993240781 221939056 352944250
257008883 330777204 294657641
41619692 983436828 305451057
614192369 501989865 190357928
600772712 239770566 333346960
270864591 436342236 633391123
483587723 768154435 115078981
385465693 13257175 787823881
702184478 494429663 303460710
592190886 285386731 182780552
94748313 228238893 331694825
420073270 47753248 350183579
55911570 895235536 492877689
647105118 726713335 815393484
466291166 34924733 101733204
171502637 912182595 610562615
400703332 155670395 281867728
788511605 543616395 458608995
862229093 418800920 299670940
755039404 934451146 441792446
111201641 334875091 942256075
102194255 267690614 852542938
83264201 75663323 177587892
617824524 251405990 310682264
53011174 561052642 229746034
559711202 209320505 524248483
350147503 308613217 584204426
871656886 465920757 851689853
695182017 990108054 436766294
242976431 266771064 781139997
465131108 183807718 984111360
559934312 997677085 150969057
258771147 95864068 261079602
295578818 405687961 615342720
855960183 68530139 346888281
630819190 672101733 805990214
874564938 760101610 960600395
727857435 493358946 179699064
282266302 881578336 587177694
671125529 73749354 410013692
485197001 2614401 510337806
153170160 775196663 702943622
472452621 743178068 727213096
640936479 23264021 386739378
266452801 760770839 588212569
984553638 538878974 847271633
71515391 237836138 854762631
704442250 284952627 632793551
568263692 84631208 689497471
721923775 375867695 482001165
71252887 406785090 770387370
375281529 415939265 479741760
823538302 27786223 197291405
587415796 630298 479987426
578240416 649477329 262939444
400170703 55201079 974503157
351196411 168203876 985764338
798894426 384764365 794355690
81954138 121314714 127306448
412903347 636540243 553946893
296289699 523667432 713719582
528384762 573141028 675690857
46247297 538441372 593427714
992980204 231704830 45194475
465823402 499700917 40101071
255998374 343121961 868455874
718921295 319606537 442405311
154242450 196357572 751773175
359314885 342312042 956873425
608170537 777113366 479463099
562731157 129277650 891198100
487194996 519633753 853907666
90528694 568552735 495948897
341102824 535358511 749820078
550037486 42578218 891987694
518079821 255829848 316305811
642504254 166917392 613488950
768273705 127275468 314751207
288300878 848717479 97488242
381112282 86140318 766601708
19200235 865881950 575973528
176099916 860055518 755986642
681806898 1555010 572675830
427470035 390383942 150638094
862874586 636528710 53552924
164460522 806441063 834102604
297775852 302623530 266806305
612262029 192427308 633614046
459951081 238152755 352791090
961746535 777882355 276721284
113210501 998119812 151573536
891963302 201615376 436623971
442386980 759650333 946114569
815943432 749504586 798099462
74992472 615011919 416154480
879805260 828560081 731693382
815038370 517786234 585785797
250637794 114107737 751557182
549263003 999071228 696555601
870906270 774321015 609507372
93464079 937599477 336076450
464972834 487372500 967845468
18399156 327962670 179753479
451977923 624864162 731285493
830708793 803499222 742527519
30993107 531991889 189873661
850599086 569076751 773510697
619327530 742396811 169010109
636116284 632225756 307197725
780416803 277763784 198972637
825159444 155634631 230628505
260661125 992735169 678363036
412329443 600737527 273325286
893361687 534819685 195770644
991884802 23505652 323484604
201567151 367400964 91470561
459665070 125373447 38741566
581207873 622851720 305297628
495298029 395080035 653066720
315371099 896621356 895438120
309389709 492927070 77660260
433696441 833768366 642108294
427406139 677534080 882872823
164405340 517570827 361592685
247496087 834335982 250394329
919848744 923357887 116075763
69402599 433317299 82446913
482815069 476674304 157103440
953469301 641589366 905161739
147510774 138099846 606001506
866138813 909279947 198432815
253297465 636635897 159568334
288545680 221206425 208037648
104309475 23749231 150392168
840754296 844749759 948237151
701697886 206068904 370072431
241121575 804627515 200729039
69030609 861607665 177807442
810679255 675843938 581494979
27990040 214070835 172188422
10031685 50761135 567456145
452526028 292290234 142872680
950937297 145223243 378939922
165916750 164848814 55321751
694855897 682284987 331558654
674307571 263868258 94554924
589406486 774419712 99727041
181892944 732156002 214974869
888776199 551829147 675857694
689403222 784876828 64066300
32770374 788446862 819524553
175653476 226181948 485851046
113076683 347080736 799064784
714008101 724524125 560925106
364155894 207014647 401233847
69537601 175864846 947616940
624704627 744706632 20488902
85424848 340656880 283418521
939126503 1671236 833983204
997546100 210294632 394633718
629612750 874895034 674408896
245240102 650013737 863574302
758037156 419442196 235657720
824663540 147988398 595278049
11528146 74600413 612816176
686990401 543791138 62992240
485094437 634280909 118239595
657447763 484443972 49632997
80169580 971226768 555774601
377051047 527434358 354326206
464949104 866794318 849469581
939965455 979510043 715931173
762371033 843131039 219682767
966712999 948579407 573403055
397818950 524392288 527016508
563076782 292884120 125847512
464215129 718506858 919335104
148847393 789828445 994399212
147746614 325762897 621207184
323280616 327901053 878944015
371185296 546572121 263605767
639028584 239569672 745575086
464296593 751191699 337657122
792459892 818708399 839772472
135453937 518435827 21369341
863267637 6360085 858338590
982940009 951923848 945420745
514612525 104206664 286904323
492394322 574654168 52287970
43560151 400488621 232189059
55872011 44705048 692417880
96781958 58133474 545953024
326489011 733519388 218771719
831211570 185884082 927954449
592460123 247162621 159611252
314923710 310916574 357632391
890743367 888856089 640274717
637605351 712880061 370820912
742168318 286277916 303304221
742190728 554370042 472531456
806029818 795565353 765565342
566136763 944575775 434375444
382328834 679431386 768391064
863914077 338604061 400364510
920219498 845323452 911033396
2211052 757345331 885108876
709068753 70973372 636041619
207441266 90880589 135442076
783531830 394730742 349010451
838512052 297328892 218062158
620582943 951687350 549043333
233882324 553099481 997174368
267421437 434301115 197399849
522792523 474778167 381546307
882074161 634829118 844923565
634816029 228613538 785153812
369580355 878090513 192281390
116271903 363725832 708397211
551681617 970274026 235609845
958140115 481727913 37091805
343942829 485800976 315231883
535155978 793345390 533083249
823621608 917862104 152128136
439408462 863566671 380233371
956021982 344275249 491158947
13567896 949211200 167335787
931356265 224860512 479033783
206669333 241043719 624661796
794658280 885775947 619222931
711315883 155543868 510661500
68170176 98406590 369977182
462553877 637152758 978398800
631663670 267867678 796953677
243212132 466432292 697931562
231471318 2468443 968769696
717675533 992097428 286143927
887425338 512548280 424988747
772318449 460644075 236452093
954945200 794183288 128730501
76398701 261982586 910591488
607649269 488726325 334190827
633921039 331526221 866143958
950673567 141798070 592065206
327021431 476192261 978503763
194155252 724462220 314013549
395049778 747096719 640019445
912413327 119392572 16861178
893577647 950676669 370761425
377348918 159982983 708187482
55604194 274286681 272433271
777189014 158961486 419394188
669917756 184067090 590392251
249438005 685187714 66346305
238762503 353344889 954295838
327529421 918402329 44326367
931975636 380366582 877920213
411232742 9200540 475774496
98012354 505171044 485351151
668188409 481315122 879818435
876008696 215484946 786717660
354745137 998325204 154962858
51515792 90384654 129922444
828594477 516333542 657850212
732164021 516013097 828028990
762957668 327478683 593088273
964102878 276704171 222974080
286978267 473025424 264366535
376962985 318840911 585842266
585944110 745826656 359092778
84083785 54957916 508501898
80858103 925893686 135926485
101284904 541030788 460727637
389923036 86584162 764268114
120900064 845757355 508374571
146515682 837127172 52736015
275236220 331480954 515891458
426759702 632280279 751897524
407680081 560134763 986601001
324914664 344450110 433764482
473872811 412228250 442912168
948272163 879012099 935033569
322382789 702150430 298064970
343222815 64985914 70287807
809990739 289743450 30297613
971162551 43774447 619450222
170274014 359157293 814726358
627450154 721475362 587350653
334278180 652889498 690432196
390856743 545894486 42734260
540028817 563230405 42105752
784029492 195336756 734807699
946780355 735423371 753856965
13180408 953147798 975894207
558098012 412771181 253628157
444581183 875407683 600153987
644763852 610349169 262718922
50624293 602934126 896102012
501454061 333572787 612355552
346048143 635799248 446916496
653172387 450972772 359293897
894623872 453795091 526542357
448337443 683197802 24528043
888472151 753454840 611826000
656025897 785088072 420960122
220886492 116881499 652893501
308469742 594299449 374733200
328617593 918303044 421111762
639325564 790569980 64904432
179396184 681382428 126151381
897261300 217295492 563004702
341415443 4172057 45287433
25675175 806442083 201491471
815397143 922093973 771063388
86964606 397042959 152301597
739532435 636309157 498813429
753377814 853973725 658388657
271163385 856244639 55483884
768403398 365592834 931870328
666208665 213041555 497960478
211157374 64667684 609374918
240269109 646334004 601431
405470960 802577230 507541405
281833736 696059959 209772537
246312406 748580150 115231040
542968987 98455792 672613168
889877212 509026809 943747697
865533081 416100334 942456335
448031410 27997872 72106885
635484996 146268322 213109801
976098179 865723068 43003111
569739604 279179553 282543490
337155524 700490413 573995209
617808867 266757445 543071936
671196643 76033288 81167979
138202984 747330415 213427387
120084110 647972454 8559020
315499385 666263211 797864569
397832129 672623183 565570067
473867000 576061062 23899070
317357157 903296521 74047435
263080519 430514150 119989823
684490857 287318878 128927364
986439116 37582818 263136908
643598653 510921704 28602084
329376426 620081560 308914816
885835413 483991660 33070917
230261672 144734631 482817051
595630774 784533206 399804431
562229234 129047974 403188643
944057674 455242805 275696278
80807100 121422277 36030083
441582075 313180804 101943077
888123572 7846105 435682380
580459966 690948108 935678027
14851287 149059697 910277778
814724233 819091950 237952673
689804632 294996450 28932031
130489678 371385955 741872672
388575463 254513018 90161146
146096776 920396132 92159222
433035389 248730829 836562701
359083859 16313777 991550441
268101946 445022343 939854341
352344338 797772901 270597459
381000082 484558062 442606989
771025755 483187156 951591315
731822754 535891964 31952638
228624975 138313697 787399817
804343939 414906479 277043790
334068420 619826123 492796464
626410833 71557551 480657826
741598075 671925555 978024589
172961217 583346775 777932718
386296972 353903889 459369313
249899779 545326937 759614079
702055696 389962722 339204465
301158139 952779981 326938567
452870712 867408307 51360953
609122772 111525816 600032647
558429310 500170260 724899601
869024832 57439853 147317055
27535377 560763510 765116720
368519872 617221764 955126824
891222016 734688057 944812508
790744102 836585927 981721189
136973469 400501088 651805120
765577904 35538124 248488171
409611855 927373414 989930806
705833396 940480139 120381305
935115251 905936004 747283393
484684865 252620098 913069177
216076569 790928400 519234595
486260420 71150019 581406481
559601870 189043423 169805166
588618556 942030939 129450435
244246360 960093441 205851699
347325903 672587212 231331513
977684816 71404032 678609479
916096113 674016372 237580702
214422795 808220797 81242086
884311958 719745061 495946293
962156230 880038932 235807811
936557981 984990638 277414138
164560727 618680465 345395852
308705386 642486558 744359650
641068074 612255315 9920309
919581483 727457685 849582213
204381553 946670749 403472362
195566111 317819729 874244527
646043122 988892136 454491921
406219459 777407643 869342298
711914536 328484000 806180392
111630902 363326272 322781521
513461088 104481934 395109074
14649358 138105636 414101557
49533859 526664332 355178969
206205519 507493560 947823841
934698625 248716661 843947939
880219984 621483601 114615872
415987447 613317425 965998170
914352718 974827221 952952752
611376304 707485851 656351437
468709499 441751129 509083514
502769869 780773671 753928398
336936129 51549335 864729119
889788857 812882518 605222857
420489417 570290104 989110986
356068922 841413180 858243000
479984020 377137271 109159425
764081158 616609984 61484291
493621837 337031514 412911633
142793459 57119644 486193812
597391968 869488032 607929923
700214001 684625952 264897730
112364356 620695810 30670517
141378568 221483060 219785415
863195493 855648094 494828685
381901406 201024675 46884608
802802113 397131684 120257464
907215258 89657704 589504455
543741017 979114540 782596528
666525391 284025083 315600046
995164375 238020370 934997201
506585938 525216891 91770334
977509653 133059147 495918799
842278317 244591291 427842577
680930435 711055979 8662658
823768008 507193336 474162209
287769996 261511272 753779085
111784299 950446687 18354221
822263588 292132899 823484662
448175718 524330496 779772044
732036036 70552173 244626991
268763345 798182919 51964236
630060101 47604497 129121339
203935028 932243165 595474007
219256978 106904904 704388624
894333350 814390666 9806370
799689973 63714451 832715473
713576777 816332137 17225850
309971762 19804801 982383715
398814091 799054157 812446716
609408542 114963015 915680588
564385102 2505098 168258829
342379621 71810090 191782513
475456782 289536880 534232195
712875735 129227876 767771302
788998731 900353876 434979621
395867960 338032542 499580022
231429177 322930082 446690880
219630862 470645270 549172566
481107671 98553119 996564010
862519818 682074620 271277422
529796865 233353396 930973809
940816858 489078468 982472998
266994870 635441808 430761129
787974663 503779179 28807183
855137286 412365951 554554756
422667352 77082034 257839336
659426141 640700135 266776916
227899631 485440862 32370665
602241128 775086684 908469003
721385489 455870637 976966281
888313892 348181559 445946631
905195715 973007204 950875836
716927518 488297979 170733821
28110337 558143733 511486466
739803045 215303026 152398241
908565998 330423927 668297934
823736409 431088649 679081266
100774852 478670249 525773529
723674883 864082314 239081071
629863194 576353037 691793535
352311425 215110913 869576813
419330056 998334092 683718076
163313951 633324394 256924295
969791464 226951451 223642691
466771996 826275471 423052559
790817298 599105620 720568104
375696454 359767112 95391993
451599184 332951454 321063023
113165631 257704091 124908788
940185635 299356269 318571796
9316590 290040748 756832467
714913923 404434555 748343065
29846784 472262287 178458667
414544259 742423661 334936034
380439456 67971988 479680104
955557115 815095841 12121713
470603973 410078547 75901064
468414487 170965695 45764503
729948501 762521693 763875706
551308952 454453346 548046402
701904856 858380886 141446892
325163729 935790666 753631007
601758213 86837800 422738716
300398343 129014962 254575170
110308967 687765188 372355511
815880393 801270780 602384356
391378442 258576124 273022973
172419104 457890882 543630367
733122493 618489217 574309794
187804648 543186842 573335997
56462940 102154350 883981517
175838396 113112675 115725758
303591189 186089241 81656888
883677926 548437187 809482723
543356635 690008007 21626720
747814282 618600230 460537622
110765179 350139143 8864639
468904686 548623996 729228049
321818893 692996828 947631125
460461183 667417858 538338020
569557480 982816505 438031203
37431893 88225928 700290100
778449770 193003347 813947858
75238276 107955605 694412531
129629502 844806123 29267342
529484305 492437164 46000378
479517982 556835836 805516237
941713160 428536862 862179118
310840654 935858709 837391230
373388931 542364871 108650387
611702917 169932342 253664204
818929320 376732378 381606566
347995869 985179745 339726139
570768793 871735460 334933410
711062731 337020819 232109841
950920884 706177670 705692366
278399906 505394235 131597713
194790644 187323171 545708972
5855591 603562689 9273834
31926379 228450412 147339357
219898253 918827873 528022552
293312750 306706002 251195139
658353432 437846477 215553640
447321999 555194710 517482679
74024272 211525556 840992954
886782118 793141852 402531173
978673437 625589678 493830042
18898188 266181929 409497370
678833690 157142786 941443423
74522320 438130089 55597765
233057845 143955044 428108680
942102197 917420288 747747765
267040005 150923095 302924878
624299645 783443290 796384688
588456504 540290030 108922338
41185929 889155768 648664269
603377711 197833642 152293753
26826315 926084587 626450713
319458700 960133896 442890480
763635607 495292693 561041352
394422025 709451753 314762600
823430331 308036280 669178601
909240152 636170922 85086471
547234324 848795027 715920294
102248979 359454578 590719118
175937965 247993414 537245345
436878421 40457782 388553576
901249796 324026783 672890364
756387456 234247028 958864334
495359479 646025311 617933249
380912190 11910235 158890747
368657921 539145223 907150172
271344075 42512861 512297686
634872344 151246422 39446349
455573801 685545319 991529580
438127195 190951134 643115012
788280227 772571748 383790113
708131933 356009690 629151219
671858651 556157686 652463009
9228955 145993227 624602906
709414282 577585730 189088850
582332628 548235802 524666660
401112203 822036801 5160845
585545669 354670221 341608318
814174888 616379334 555946036
726488240 595918441 831243908
967918224 153597673 943583246
927424620 135924256 767687812
27054591 322557444 613632020
846883437 691303929 728120640
719416643 645568313 727383985
685745306 152407269 159842990
482971762 844159391 86884843
671764666 35486323 193359360
371886176 790451277 429300059
280259538 412399072 917088512
948412979 869257502 748591763
460844428 721893360 174458867
961758643 891709208 30948697
872855099 188444090 663443160
804444633 812564303 199693336
760502151 779347879 885228369
198198481 761619549 522708825
654104941 36006984 697689698
120606611 77340638 206089748
31130793 541523064 946313975
97863145 871432905 273288816
167641845 19445588 179511217
928679166 921404971 959670628
536992150 734878583 687371599
813493407 795954501 405114669
77499596 941298768 524633675
438116387 589706488 375853774
368289508 149357839 950523091
596447114 375191139 739977107
457481264 197959619 746864406
562170120 47662584 355714342
664474891 670810538 879430317
213088309 906037673 480838668
565384969 902635646 149249368
512236210 443908177 957889025
654981545 761240787 841702681
512150859 316139130 102328525
305623704 615511158 336193452
466252051 79598584 755310687
316241833 574109451 113055521
214848179 229027655 855478017
855667448 941237857 960961590
257726604 404353727 354213472
885693342 183419547 356951552
367433596 27005595 85166130
959401688 360469483 730067611
390572186 38405336 708974708
773139570 948409582 937590922
42024411 430896168 866732387
799731652 616433889 232025054
322122944 942274022 318404237
164624088 661200132 384968905
936889854 958235645 317244379
48378268 515550031 117526306
974860802 995737875 27101062
39934752 387329512 155372775
492131724 230551010 412245940
264211685 166766929 21850530
390175169 574056866 558034075
13102881 969598086 127386690
79262762 150279762 217611679
935864508 845667289 159088210
683750339 960475559 33639144
800532203 378181296 279989679
804977891 354718010 721279751
746621852 753437976 890696424
361162171 253424226 47546027
635975291 737719547 55053656
963164906 161735443 96690589
718340488 508120744 272157297
948911437 436010642 866035957
72264392 943986489 632209437
853945797 266066075 27804211
898278239 414985652 456818947
708193875 324031227 119908645
735856407 650726746 853123426
794988706 10511680 214849135
926864082 849362725 912092763
636074363 350369185 802767458
40616791 610716499 103122271
756186700 769239962 261318979
202776387 663535955 28509345
765330706 624456475 841702090
169619521 575067721 268235970
856755470 711766226 167227229
551098272 969227490 563372696
169421997 27869559 362039843
293831219 82850994 573687319
18920338 814690703 356462032
58387454 734735452 307531430
643251670 277007654 423959550
509161831 183451024 163189056
57223080 924221902 53636156
636433019 819573153 904971523
992247196 317788793 635167562
161723401 138610530 733231383
882686298 525040351 775697278
164695177 303217298 393662353
813903299 397815888 37550962
184271906 66874072 935290811
901008352 216171374 74868721
574876935 24482040 821041424
683774461 98252392 456195643
857542772 709951407 726586422
939849084 703272983 294038935
957868207 233261525 981218299
722459672 966761358 933143928
258901471 459233861 494382731
863194449 423745913 162993281
444383274 193434107 469485897
849085446 498062324 862255856
15831287 696808964 529122268
499384321 889840485 624056048
507162021 656893582 776194386
941478930 609375469 400274896
762328331 715229985 484520996
211106810 5057181 367346621
393133754 482304385 47881095
112911996 305438440 666474271
850455733 235623266 227707167
632072130 61756684 963440139
759207241 733411148 363913205
423037100 920002145 839928219
822023582 630251932 819052670
984745082 990568300 792638710
403831726 420975221 863387517
844504326 855900443 708546596
260385498 965317220 65539990
97534492 842695617 476211365
45357641 563631039 632404918
154193825 564070314 176955736
624298178 995964828 287354493
482223228 313002677 992681617
819901658 869891854 634949123
185901132 264332392 228552324
189127150 876992152 175552523
222139978 75069207 791544318
592459984 191090907 596681726
275542213 748531052 194315892
889673107 963595374 306567824
489494885 750286662 850075568
728647332 480982780 113831456
140947483 35992839 182280952
523587049 32058922 504128736
345498732 611622081 246795262
546018558 163152060 811904397
515877276 448787165 217383304
673693400 227575142 581688257
39322032 179900281 130928265
560552371 111397924 55500083
412354579 929798313 803996858
16882006 120061136 339971646
287461348 50393884 589562104
476031963 963875769 125429301
286115149 384663435 574260487
876267942 407850624 1349136
398512401 129920485 917941034
619114223 594858016 7155522
311515884 5307855 793517899
213771268 686016951 422666152
287081157 825343842 356508826
640102032 29611179 858279160
507685003 92297888 527723011
760775812 923906708 576327092
252609343 420702358 922716431
471762472 420603788 121217877
888008098 886876829 752991118
407524128 525309266 967276990
388854183 20241945 665791786
633027845 142390851 543113552
177800590 398046635 197855608
8558896 326409169 64976943
109970369 76778874 241224120
106110717 351512260 540830306
534423001 401260358 372819039
485087557 694079799 8064165
595853377 299440767 510536497
889278635 220434308 833335474
891834682 804509122 151003651
63809762 818923789 75946381
489795957 155565001 868110287
564220329 575446691 310535741
706019922 477740553 692313286
273721923 821883962 887754115
126315805 512783377 962589031
560845447 570719747 370866770
879388379 18499030 642508876
278028374 10215619 460049750
821636597 101757119 986862428
330342874 940139481 789447876
383669987 649252084 249405019
987947123 646175298 361956590
632097001 552090817 278826054
340110728 621873210 408281778
931479450 677820425 119487226
367700979 579319650 715271643
175747124 600768885 51444880
824944345 988180127 79372253
147726466 958116394 746789557
609848579 421917877 488787956
194224429 212525688 209281009
836971340 302660575 409116148
555619828 959069772 574675846
104220949 188426123 867760401
793222131 630205089 456540323
348438739 220904644 58940812
102867708 409052671 121614631
779960095 760965834 180559879
413069221 903666432 518176180
474749599 158483300 934948550
637953143 161744764 436534796
474041851 610318668 204375692
898495599 733697548 11685475
427553604 278625392 535331420
418853126 986756472 151046785
960218950 165502933 830255573
853421690 636472643 641470812
318936610 705786439 257440480
632347797 568368335 758399477
135859769 504981516 550358558
898322808 152859513 874297451
872289587 599777058 857522941
929587713 887745084 794926620
113236943 152544321 220496264
89279008 869501481 68862276
531504950 894668263 453426453
110949831 278391626 434563671
218033228 83952984 991642500
544599731 129034281 298445199
713760009 409083655 984081192
953392178 944695534 981407545
856747039 541665676 278784681
679810612 87278269 915271279
882147915 212567962 102381325
988061836 479523952 88088774
526432185 118654769 38502383
735222700 173313671 856162398
911313123 243472231 113193262
119966183 824167843 424103415
414100585 342081494 971738583
939207421 707307929 822378910
480030253 95526236 650118368
39899106 974945793 920056228
760245466 520660294 408242031
524905257 480172890 474717655
122373388 824251248 91873729
564404432 425904720 769363794
386856691 560877203 454386719
151855258 218408412 227882047
114275351 493535961 421476650
957269083 680616252 58673127
483763122 706226861 984247829
887297097 843806938 293594634
632685148 333274516 627463381
777869652 901109098 955330941
274088820 968340308 490054915
110590501 601673483 886375107
513974535 655329697 712265101
898282624 125287981 320259593
557051558 122928976 333784977
134899832 915381438 311690158
983150232 50902275 926924274
871420525 257867807 264285428
102149965 788737810 15801624
5096679 178861406 114956585
406822248 920975205 729365939
228558063 655524221 636840797
669860323 180732888 348745634
735613376 318646323 443539735
141571935 202962053 734751377
956506518 714156881 113389092
556503928 558204739 674977657
378025149 463439165 358522423
262650890 60477039 461914985
943555761 959513189 634104963
495542081 488605408 652311472
737485386 315297224 610616725
801511671 923051235 675612626
301665004 852143479 768380919
492609223 296888950 665619853
956467174 497711608 812846553
419072859 992559651 536561003
982720046 921372894 769522320
409958872 514187240 54939
107807786 206561160 484261651
551081700 465726813 413500305
288584558 454988285 424612290
635698758 624790972 880457244
254374097 492452993 22316803
993209814 338702232 810688648
249254111 604307366 247229995
421146455 433697237 449570689
677249683 187994056 251339305
942968962 941969804 777243445
544030595 817628064 482035559
746616556 752300371 462247694
942034611 72610277 908271809
620467892 275153119 697567630
921649074 949095479 602405418
814805319 10683797 531264018
976117248 72116184 183420389
118702243 306486832 343700740
449472984 100905970 305757315
563973946 939017782 673385780
125879790 194741217 540374642
724279128 748407704 841904365
761752338 771526279 301831814
824942 222307795 947872673
116344802 575318580 679376577
701806132 863531060 799443537
345071289 656602799 346883595
509404848 918365363 414916503
975107866 921628425 194325683
976533436 498514206 101952194
859128043 707034958 377804793
231407722 894013411 792562999
930396174 285074464 29364230
494381257 660668605 207971085
301094218 755732929 969235468
806372194 811899611 593374817
437646266 506427581 176268949
394872377 735121785 738605187
132171561 283069737 517288382
97762622 235989044 628599218
722161739 76557139 880022232
581019500 264884611 725337646
231820685 643450119 552849399
266437872 394525388 883867532
150433414 933040477 197867886
530206992 611606794 618587255
960254815 306412489 754241744
340321737 170414556 873796609
185269116 525708227 610874745
681300297 298244449 128344638
764626935 684154140 502171050
35497114 920801371 157190193
542432710 370519848 483703837
403855403 562156939 418644095
276232768 2986642 658930185
66159252 569797421 2967756
245435758 854273139 808612075
193383916 635272602 505487666
325000042 731165399 926958806
410712761 999890253 516009334
621793374 880235204 920586420
326725364 553874283 506914137
370519282 739414117 386581218
971956116 931303098 902597873
612027936 38818623 505394504
894858117 847863976 694068998
968810228 997705357 381531148
754806595 125848707 83693465
163250343 24260281 287713175
31668418 647185070 957244046
270048511 226475692 185392228
385568821 882291049 986579159
274815886 560999072 611990033
27945063 98067231 549813792
612497750 114479004 522846793
651458041 748895686 532098627
861634961 651912334 605140088
310533474 613284756 802811213
991080118 360301301 29810477
42411687 301958406 516922259
264385226 212927585 460681496
510336785 724546889 786361161
6016948 499495518 386857261
278939 455438365 847818698
751319598 222922656 288831068
362004187 776607276 104485204
620485619 397016086 655095157
303749428 450259433 345603171
971969061 905692486 715116943
245707953 4712497 209442856
922621157 286400079 291232790
517011636 56340455 706888003
374222820 602886555 365371801
60147829 482696493 171679530
602002545 727787101 164695361
64485357 711934239 586976495
953145762 658789530 884485662
313235869 733333430 556267642
308261447 972519411 817989236
752920937 614696420 755904773
734486547 729379529 156166815
462431573 701127056 563683374
129228175 940212874 734169577
570667911 119540894 899207618
603483648 990132807 928342446
689281910 728468101 176011906
975919841 787594920 599591797
84295002 303836368 145046647
905506459 652248849 958638839
137747459 139978882 2777826
418332264 522153533 294145060
160685623 776103521 668675182
973986242 567012671 224708592
410569681 908762143 936765145
791127859 21890295 508993447
85785485 255432211 280671605
78346624 243681115 966210225
597104162 906670044 477142879
143401651 650217136 460634054
62968460 82197151 553193629
434048886 556995019 981905624
567213136 31728376 169967686
926055888 308263514 632626411
634584415 91867840 848068583
378465360 642177737 307899700
489325367 649896956 563407338
60399529 774783375 291167825
877762714 924610635 723219516
684339730 530743312 407013422
659770572 390189322 816484628
718777932 166806765 823895344
144320370 685354916 783109878
478159996 663920562 53984320
861700301 184294421 630856316
728312084 180328506 466971427
21277055 792078842 953670410
65940 116733397 871269212
286618965 450994719 773886057
421860038 157798760 800749076
867571049 679372078 421957931
227199408 21836128 503717464
45729734 435912723 91947107
196904636 166903390 603512274
103832740 416985658 147775530
905341498 681950198 663153732
29270279 604954947 687081980
652923770 679652747 794265695
200547000 181801476 116539125
981218972 738015689 476277794
716469235 714469323 790095655
54911376 74193195 973228735
252134054 574101894 196450700
26441102 955160711 468785217
41416137 517605803 952295759
502719392 262988242 425081304
916205238 544600009 286213200
695730411 54837858 891016106
375200690 77394328 426531019
918396931 836630928 416390515
736233945 807045694 543161418
370676629 214913898 987994533
667338749 570787726 747643427
37202473 64701240 368072
522344766 141697001 435069831
566768896 811667170 335760976
687994271 818492390 20154573
338017675 306281465 759599720
583440194 853491343 217403625
179926078 937203109 306729725
615994883 880889318 1862361
254488854 510717938 594322321
224404937 991924385 309308740
259571794 892671535 120819521
817808048 822873333 147002222
984006187 371767507 607178568
944613239 96382052 715088936
310285884 383295864 562058796
852820390 398009343 386060876
164987221 140436878 578880407
113818640 510785730 933329837
776318940 623912990 220270896
839110381 588895554 104808549
120960624 741364082 606024683
638478044 123475158 573334274
818801722 973540834 186898293
417837479 552498767 975405204
198771509 459683779 920292740
925575847 104995025 214806631
175109883 855740116 13644625
516884697 909010709 304431019
677135296 130955527 714258443
422928087 43104606 658083106
790015944 554495040 154570806
566235726 978069920 790398039
631236668 913943646 866066918
426774442 90218975 986383488
322818670 723020744 303048762
754318522 186927350 180030240
901885625 970907675 579732866
128577654 659640650 546226422
564276472 639625924 118101009
988791245 768862027 556306285
457999616 849908412 594494102
325231988 556956612 707653017
658017311 969301481 644109842
786784960 975641701 533612535
641929498 956987883 267561067
230376844 291021273 91308030
729628012 505100400 318339847
525171276 142547478 414697009
488182814 495521267 61205235
139035452 332639042 407284975
151953020 950409777 590855532
282405396 956560349 652187754
26763861 794719653 98562302
318020548 870320659 638207438
191080791 918661133 461841474
386012817 604866216 839319495
380077887 918056353 529975905
315596441 306374577 888930358
154107850 53795008 343248301
294680904 625781524 597480622
518930548 964113817 740592543
7913798 879027513 743795224
807434209 481839434 267408268
85832735 104806391 200013393
179053948 451022399 128030565
845892657 938967217 429102548
452660629 977225126 6596281
767753112 612111120 901383083
565838663 97606894 537683142
434022519 736456095 118594905
217424708 271146254 913035555
495366589 1342891 100037383
800347317 416241153 451529472
300441312 579019441 235346045
544249270 17857487 375425733
365738952 940666034 372836272
853144872 946511484 772885638
54979894 451591208 837140051
291692210 824335805 50563219
621432720 714506279 323157253
818949859 831974633 815625838
278675193 274771158 710475738
1758378 833911553 906379062
808043026 556879331 170622054
471860991 423805610 678708335
42694939 961318911 358929783
674623391 412370414 55571755
808763095 363752668 49273915
585924441 286166539 631122518
73705794 803876395 606682025
380591339 583071281 561450035
982600528 550780959 529138200
585252616 416922401 385289779
731500324 282515017 962415402
392137990 535594451 575283134
956827543 230045417 852887461
709617450 680610317 830704590
327822628 839636995 622543079
242914090 750280977 198797144
216588664 830438891 991808100
160320761 561695523 300174148
537968873 344816166 41537889
712600466 382835042 406219167
421582058 159220979 398741272
514599706 242551814 885965306
497543925 433090596 443048654
567582028 406155347 408541131
955723947 535758616 919482028
881348649 236921767 383716268
285459658 292385242 592252602
776566029 269536838 419836396
41643610 117439002 439939547
412553244 200522153 637875342
51592952 352339267 710454426
365811883 327353765 623669452
265500925 116379612 535664110
450441505 893362440 837254730
585801243 652890402 2900265
790784975 857677596 361456850
658590518 565018009 456564683
703629257 5521826 996897977
299136281 695484525 161037261
385299850 371803447 535126266
924104787 408661591 514711384
847988061 868277565 525498716
16460594 285622571 406119593
198699981 512874051 235741346
781329843 632499079 380133110
606396198 620825701 809402470
542508209 982908559 112320551
933838093 548201562 39664640
282138143 128377715 660302417
240025243 664837066 775816868
76052778 571422161 433331231
525433768 43993910 468197883
661429760 547040525 82301622
354727762 903803760 435248806
798539134 128021955 210984094
585580531 182843347 942276
584491057 485972332 696282628
253409328 326665379 55642294
737799470 103170179 821812883
353235906 497575782 284867378
984054270 522353565 71975008
306858081 321627605 143586148
598008065 575306820 317871211
834498151 390392248 17178277
733079419 572719684 195025382
31013575 729286294 178509849
111215164 818916606 949809942
440375301 646752413 470850897
617670873 944065101 821912527
96808715 982189760 766166025
846671205 707269947 882626969
913071462 735965452 94287361
174650361 853750841 734326378
783740208 840153133 439616666
809547292 15076548 324082714
840692902 64084377 790383075
723445135 605173147 603580696
831661289 164964626 344240228
290438475 731009985 312458994
293914701 449861912 840667771
601867587 449535525 904743393
78168892 942965543 439146255
667140004 368534970 351085246
623626614 992101149 618102035
974272620 235223256 440477158
497412688 749324052 688101033
604107008 956923009 164209531
518437341 510577286 203595451
351575639 707807751 126662300
380513327 879581452 642018279
543229861 737355808 58591625
366293854 21608219 708814672
102095648 431147559 598795791
913209500 961740485 669400678
480986074 822884385 121775453
8801977 669785251 289996997
463861267 791403863 593328175
719880533 246930655 76453665
921560547 721326791 678734333
70826242 24665254 355430448
653979585 802749047 70719670
20651229 439548691 547848221
3881827 607075528 837139394
717927208 661131708 848848156
311207172 717146014 792554567
929484506 661166669 216429201
201359489 57509482 524872366
8810126 149806618 844525418
642327677 675924404 55715998
530696286 421995047 474412569
124713136 850093443 212838917
644898275 494431732 321233669
545419243 779885345 846722687
585507252 919047896 916423152
198484907 264452177 1807538
58640812 45215142 57027049
953180607 853565699 350175607
503249007 386619247 323816339
847019479 463959784 392187596
791060951 135770276 571044084
74907353 113539413 851101036
999330539 579114466 337342180
270767293 477225254 656616405
682685500 160155406 483516158
398523038 934752453 934793226
517902883 30007054 833832211
396476447 182106272 776766273
71314348 276829680 584006349
241081837 536024438 926567159
223530603 199703203 421058210
355566510 763882640 673168540
286397983 484745864 439264377
781290848 297272775 454954174
858269400 212136328 276298442
752137605 882349115 439713293
222308857 512946628 226017041
534905683 702530559 745187197
718949358 48086774 984560780
483851001 264814472 48752863
551433906 914526381 799559268
361435022 587496974 715774148
237949096 485032103 372078982
845911283 29984658 638903344
954319329 522687907 125190283
483614161 954995209 393118164
439598977 443858539 964075890
917074323 832881399 452787206
229772516 488438278 976441114
421981206 522971111 358106315
670103848 90888226 964285063
102583094 592567597 595227679
944351981 284821365 115433162
903054325 843708647 853906140
632739208 9599944 156130007
662858382 653653048 119849012
404646695 408309279 896160306
126735082 528710703 359209310
767940742 498849625 160211141
279000422 45185846 556073909
9778154 970566175 773618590
867908744 49972183 240091350
463273444 924432919 88575213
799493449 826856037 830216171
802139515 482711897 176488645
52686812 961926100 381604822
658662213 986841047 683892218
740193925 343035769 2927938
187306608 443251321 977945354
459565787 631820653 922394448
718794362 409411746 361027258
836616451 12834681 22430052
742824315 382382213 328290783
990481076 947993277 376461241
213810577 944529738 185712222
223884027 530357083 548458912
678342301 606489540 287139502
246840762 994393891 936058064
940014665 491423302 263074932
72414377 913963200 261035094
718032567 562451515 665648036
444965655 238268499 898680430
740855746 930499775 678111033
620817177 517623575 834629388
522585694 734247476 125317509
700149107 379856446 767864507
769101617 46943419 150542609
757764714 381784228 184481478
976430271 367785043 66071490
189600726 97707245 834748156
190817208 828736610 187183515
144948221 858401509 100334917
792414130 687918772 559066672
591687213 207289791 303171355
507404460 377336528 341161111
399373935 242428341 103649362
847753568 414716395 44774542
631519852 403020876 165832970
184874714 389641213 238741578
55179855 632614493 422724802
99227484 403277451 849443896
165031303 141127755 951700960
172933926 521240744 991895130
297364390 876931039 255903804
545567988 581048116 164138585
53199031 664817297 36391421
984114251 712867648 25331894
509219221 11975558 123595472
767556146 176197546 286999105
838644314 983321288 171176868
808858080 478064071 798342985
297269819 363944738 869497030
315639365 830344541 295610713
746591198 744425015 101484155
785513861 662405367 738084454
39268874 727196911 863544435
871751487 166154919 9005634
50275259 242608431 275518573
653865216 704206766 272459141
355952532 411080275 6213498
518396634 916467501 399573964
94967271 395701474 295735475
79636235 839139865 376571328
367836226 325037063 480196787
1889743 121120986 482604120
211130914 268496482 56990207
215253695 337476320 546336904
681477264 42367453 235629010
674490133 78694593 39351965
681163028 174318510 731297421
374369735 829226776 609382691
174885642 695951190 373315120
655911879 867361822 420975930
977673744 439988388 972399142
327882469 643295599 346090765
940633004 412091685 456409692
739157569 905221736 870309024
931393556 445860061 249490496
788087456 164274342 969146084
320014023 923328783 107077580
586391438 657824001 979416940
345842746 868759521 557735963
916618366 38540159 449040309
663834985 3147611 206247639
72619919 66856323 797218568
121317096 24283025 240453566
233891824 538784533 140416962
616525708 463244016 538204570
803399863 855997069 152330045
480143966 968082649 604090303
224558423 119915186 525826586
381092455 613070880 366733682
781510438 335926119 101015539
730831837 344641862 214350766
849075035 543673149 34013843
204885757 15513166 849776615
49212151 569667856 975084432
150731807 765151336 696530070
450287485 450453840 414959898
547702139 3769583 177299620
147585172 710986160 479504671
979635680 783785058 164281156
419340645 5575250 802336360
169017088 72423563 151737454
296181849 531285518 305219110
964821979 200029708 628625594
792784804 395249917 608924207
390912960 213532857 386496805
695009791 395290586 425135482
19589236 715916253 683897689
397882176 614654389 97000052
175934243 265903250 301726562
882457220 877022277 925921101
382967850 42119748 152928251
339415475 898150434 899673444
562133108 288388247 510476754
989889494 547113206 194853580
456191288 50591667 1958399
555787289 459057881 269776240
241673582 11136966 894312560
70839897 774609087 631555829
541223563 46928952 924182066
302804007 913912932 956791249
869266055 202503874 582059916
223037698 354560218 983803477
560498193 785951534 751534073
672754811 782782023 198848029
608336241 57140255 324759998
628001397 270656119 163255773
311784553 95455919 466827049
608746582 679524686 101992288
682486281 900722503 874930009
868919719 25881784 790960535
118866974 53133133 14302188
275672431 920895773 240101175
337873362 939573674 253225790
122551377 355764562 813367354
55368616 47079493 933313532
376922612 164291492 347880189
781581891 288522653 184054998
972590834 263838088 305780238
324452534 571970133 891421648
967030939 840300725 134292075
504938689 84446027 334008903
151615951 385068706 357857975
636737997 197921464 974733959
443744073 991965072 605221998
901441049 54455111 616876016
450739500 498839626 29657788
445873469 826170456 770930854
353221569 567799161 318037240
435384833 62184324 66747751
76789350 170119664 317355396
473860175 327567607 369924235
335312089 955367739 244516204
266095101 682315031 786282443
570733203 245408124 210872027
102149904 444765367 91351724
591588718 366587375 448557665
700354760 198980252 595931187
208653035 761063904 911402805
747478082 510479706 445731098
620394078 184066014 283312806
48891225 225779032 588413962
834259091 180595043 461809151
555231193 400300813 275609404
975901575 591789211 948794213
129838210 22013146 212279480
523813786 961016449 810829845
805104906 211299094 918825602
490930391 971596762 893445193
881849536 344910899 38467203
160976208 85276344 269593342
468820615 580738023 110405888
216975229 234163373 998134659
879955065 701923009 388219404
234553823 789692442 600538162
201561644 195076448 591653208
931089788 175423028 322640819
381147448 300019035 611767533
64209297 510511621 91761990
296516060 288383052 983940081
731842271 619250622 149777585
505561910 313091737 166706567
189488647 878186517 10249815
372059383 749159192 720245895
170314330 426258766 746346918
151481693 682780865 470709915
506872076 990664218 478019769
24959068 91716998 895735218
839811169 916910102 487264547
187364214 700810485 687071516
308737667 432081486 300113362
356973139 717479613 415515242
164006519 42337271 173019066
508130651 291182184 632291659
74969364 697716977 128705931
161353399 176435097 76659155
515376676 973820945 636771288
477915682 513032425 193724134
587136888 848167804 20820816
840410740 627466328 263504382
105593295 910030159 898630248
211078212 314225542 864700429
105489154 668988154 199305917
729568063 765121612 898136309
413684620 125728237 356753643
398347944 265326008 482750525
89700202 44660680 48060948
725740293 664976200 126240953
601010514 658642762 862835546
37111795 399357038 595123646
530445018 649632452 752148134
771917821 965619808 986358558
659501143 231124437 338942309
640045044 964883505 946189675
202578207 677091077 464445342
671208432 492794400 769582621
335063993 88586825 648488413
755177613 907118074 989114119
807924026 529718619 963980468
275191324 589234504 600571082
549766029 118194609 537939184
812925297 692634590 252979992
990609453 220727048 344491681
816425536 141736005 21445316
232393704 563157086 647183564
467377891 702208596 787155468
21218915 186556147 337915621
764411900 868685038 636434821
603705675 554901356 364774653
19396242 91768662 47028334
51830062 641179978 154048167
153010017 347432802 913690630
436415779 558766454 383373996
80555455 755158491 514227043
784378591 861980884 827927942
835304509 961575296 472206946
68182180 575488330 639606625
7703545 138301694 784145992
258249549 85330897 566385869
261365407 781804258 672055577
710290699 810475315 871385404
952845283 972113857 841626438
718767237 584066996 422402410
234717373 586051028 886411225
358552410 176355762 538101681
363654211 402504981 204132159
238739503 560816855 928838803
753400676 662391374 653357210
286410726 847807438 207647235
478587595 590275636 261841548
340546499 839070599 927671839
710781963 370032014 833703347
22278064 511087945 13380344
126890334 240902151 925302334
581894616 348706385 43814422
702990976 456174866 173370798
542510999 361558849 833928930
850941587 984135946 788789179
856407476 934117792 174354704
130751635 748756031 179876639
491425360 390516677 136690675
559021981 382319782 46041727
959133819 822052348 537186632
71088657 2517423 485204888
776902730 719537582 977087419
852417944 874310972 62582253
81869067 352346087 530861493
542763299 895563839 328116315
553607921 869731226 532699661
244958258 640761749 11685864
17362424 864520817 147042786
208974109 36228923 85304945
150065093 556065671 58168905
778432882 796173927 837051615
278472470 678813212 255095753
930934290 728401353 734411002
953923516 363118067 599855248
879811343 617689830 974317931
767142058 178306482 452817916
743102709 219221532 160420310
50004840 613246885 4623754
421458538 858166293 429710381
552481820 172098093 310219212
39833510 746351289 228396518
208443602 853675473 404544815
545659352 98018126 476461397
720093850 313511074 192648972
182691050 140673057 819090520
676550575 564679995 268281409
923572733 78848195 849114087
253283826 337457325 700306677
768305857 498115307 384056908
54901346 923368045 18536048
884668095 421926821 667049099
522374659 939559712 896832844
4769181 353519688 342348594
691903488 520062496 203921578
556576968 134464993 787579123
341669242 70448103 736860645
97983890 393832300 653996580
611097415 669158085 902684547
760564430 522974971 22995791
351313989 280255927 954268132
258786329 472998119 235944897
389748302 163471872 211798395
882746322 89070540 298406127
871163356 528879297 262401701
299344003 638276611 815025622
464849403 136267183 889415832
456150590 610122158 370653046
613374012 706385536 488801687
82825058 559323196 438893707
404726839 443256809 232057596
745643932 21889704 603300343
425546863 57471168 538812247
686308215 128132494 168049994
863697440 897821591 300878957
448319385 441492310 778912788
673978500 104807776 671246815
261759753 626934702 946672674
102521241 123181867 44020999
774587519 692038945 91935592
655014303 355885923 131068388
640890513 546453740 149501827
672433180 797919570 541704014
852598012 752865742 252404774
266696064 793727816 71035525
878893581 526415287 203530010
835780549 310188349 954832474
217373952 433517022 342629224
794681524 698546395 143705935
818327765 825695478 579173021
939595180 864902239 986288371
392861834 310589634 856812291
716186600 535832044 158761135
936842902 206999852 850114691
412710538 904882150 305862459
316797367 192179443 83865437
656481144 601500385 518847480
138187550 276061327 628557769
532884397 324681776 708300371
426024334 577466771 443920682
682464858 43346978 638983532
106116208 344842219 615668502
33546496 863940172 774940147
523281142 877648035 337633747
625280921 100890031 846913768
945278396 617570094 102636038
291475514 551044550 784949349
729549429 803439778 529319111
516416397 287726263 241122934
311426835 925382507 828882712
668250564 386804626 215618544
191600925 896225390 641874699
714251463 789162723 234968941
658552827 278630859 612892745
403796959 887366047 279132157
824172012 544200426 913994953
686125136 834427514 508631545
474111824 997189627 721043407
256881540 304540086 432862389
910481402 333763482 630383970
749690569 769250074 920047636
705136238 933585228 99350237
835191122 376736370 235957556
905004829 715832392 807999401
242246965 131766481 517631646
806794630 391599086 267010233
804534093 818272313 724052109
75473251 286045774 315037691
77570857 923068551 84261357
329832316 385644170 761523468
155426014 879368642 190247485
455844967 989647315 409780331
853778388 553845437 270275445
317253243 857237301 653647112
966422446 317054186 654256356
49991862 924812466 918128109
23487734 91005192 390398506
501805983 310486082 233134115
106632971 561215641 67583708
924781222 130322608 218412901
36799521 310838484 188330482
326250482 835518629 171941896
590880706 563196223 527532124
444196898 299162476 834869179
768817807 895536987 87813544
415551337 555167704 650713987
526262612 504152947 324320209
663656890 156341913 123623046
654925007 460624472 117529676
239031066 629401877 839023076
972624781 181380552 305611338
22537043 960981146 145879882
450551940 487896370 764476955
635669906 822792008 831954485
993197357 875810591 890666594
481328772 556690722 778826541
37158968 927471221 494706910
768832783 728581412 851892287
987458503 763344973 769090430
900377207 611193094 932626744
750717148 505957338 499834618
7566830 802204946 422064624
697399030 123103013 527592476
902647598 590572208 581532859
160066807 267239833 677983304
42400476 143720691 40802560
861541403 200216629 713107238
732215424 278658851 41885603
976445944 560858003 913294454
748714560 466788980 161390654
372541118 39064103 949486710
830946897 519780121 824760340
733287785 271342285 410723505
745738857 810578716 126995547
849512215 706215456 973879328
884425169 296265552 887376621
115265350 544008653 363571054
1515221 739750451 608446000
499034987 120887631 530974367
521223504 117316206 29915029
799678888 121122023 161471529
440426779 425709647 276890872
565674680 75371931 498852442
651702179 925333857 124268190
371197063 160490418 850975519
698289138 582849030 902478808
799611942 993691454 626186981
997545897 895417985 452381637
243154370 123579555 479173510
660577346 985142467 573295335
674077539 334797137 65980293
319817169 994904350 385927402
264996269 410155035 297985518
681076837 910510754 735909837
50277234 57524783 145457760
480620348 698064840 726257499
920457046 925679537 894913087
326936173 987673393 727898492
810234539 554088699 230135
249207796 675721583 192189299
530877402 273611883 40387511
329693714 119735383 844143483
864394004 296027535 432008950
500202006 234227267 879938985
609253337 69887622 805695891
381045165 570945768 854708963
317217413 978986593 957747206
802656766 818765156 487825271
315192110 9630319 557647418
990595745 14450931 782816911
717566402 509048430 496396113
510289199 677812335 631197719
289818503 261470578 706140187
159292208 670122565 296319786
275686602 736485316 842087864
119780659 747981595 642782250
127414186 625524433 699065381
420687610 685065654 807137609
129101838 834210005 656105037
927600701 280492782 724564568
90947626 747009035 294364679
925837128 466419147 226408941
137741562 236226645 931482496
166700381 997708777 103025302
245133091 414942819 56678451
366844200 280946949 734419661
519494428 177573424 551416183
150957573 600512767 636080405
234540541 572831415 995143597
940626663 506707222 301654402
34822694 581003209 866254800
981886544 80036132 786158401
431714600 693814765 765816023
826070492 738295496 147110500
534597453 223340937 818996850
5257301 239867738 676077488
845390251 441812035 61198210
764619453 110316137 569820158
83371027 807459882 747638831
901608495 226863731 633959723
363836852 294855968 475579697
865325785 821070565 201299177
844650807 188173329 981033135
487230601 131260777 895363551
515831485 165675586 709297831
879763495 851852296 835508177
338169633 542039159 420330135
731797764 331918719 437518662
18430963 505942267 312772096
955583954 854163740 903760708
746658802 394297416 844172682
51452683 866758532 54940697
507659034 896392304 964205225
673515715 802868199 153652661
69814295 71116206 254879312
165618346 112191611 985192274
715636589 830009716 660071111
950553673 94268604 85692620
953324049 420019041 643136425
831361910 381096381 226680674
961986615 888678176 159719497
568227461 367224357 632781348
217592870 643586651 536241366
271718464 370942896 305691139
954157750 712941897 840012602
997150734 664362758 71393927
731538511 871055428 293308973
149171402 855155902 250516457
716462683 974959176 243932647
436945795 109579825 777085162
734174556 703755179 300500744
66103855 511237983 935237401
96271521 336070741 72367939
610626985 366675406 737715242
988114378 273443576 212153446
692557957 291170428 800784889
294561299 892383363 571831352
414438035 447757450 675567351
40138908 515109907 616532957
931402054 308553341 332056135
34584330 823854182 931623939
520348195 152496941 920527513
826144112 68965534 393444658
887523522 721152637 89723444
490077055 58939825 39234032
850558943 787598886 544614408
818117776 129557355 903797870
251443289 134674479 806330131
150946028 702245844 668420599
834717346 291658653 146702468
136089224 568756568 740782292
182786352 652350841 816564059
910271141 125035910 55721632
685711718 176436098 841331150
584201405 623540162 572231161
320337192 997610115 61017182
742131929 900039576 479210457
208322111 140789343 296258532
14679143 63094482 379611809
151522106 977403421 531495913
664471256 873474633 488666819
936950524 714313926 823383893
74496222 511429504 721061882
411592013 844029663 940269819
823839616 772626561 510728076
981126019 617613838 735116890
376754282 82823818 569887348
8242633 43051712 675876614
354246449 238301929 819433747
518572604 846045022 961109148
210940789 473848306 619846136
832147944 320982201 60501323
361020620 901014012 893129435
660713778 962263800 661804881
354660056 374887405 830651283
374035460 337977531 418348758
723775377 810631639 462608535
348820677 420120009 856220062
427578280 53583760 191761620
107175696 230970185 358587026
104162395 745964779 893057637
903530777 798893476 294722493
187600257 933561646 130770768
206538834 720052907 340542915
275917468 226768640 822714648
69443909 884050024 11143040
590229771 429750370 784214617
923219867 26002510 573390762
738752519 45274941 565543965
773061859 43745479 852815896
520514012 239580915 484976517
192436013 73155215 351390167
603641057 324304108 89308013
344087409 78990352 361541774
795228580 161122921 763379818
772567263 28813594 802989158
764624992 261865395 497607170
355539076 990531391 295092287
327461339 529676979 567462594
732069921 610109874 599449443
395772666 849540610 819571203
794063068 770627575 872044492
44417211 236865951 853484985
797391119 550122920 786358744
41891999 83118735 891589335
746451123 284428224 647927385
378249610 495226944 301027310
929704032 232376135 155513699
582567229 68255047 197492443
493116224 666502497 246127582
140702493 955639173 732267712
220013156 566026005 710079168
850010731 833370525 245357286
64870619 738253186 456485611
920256773 332813035 629149467
734174104 15871678 720428074
702917754 189372073 281483829
640410935 556946657 29649682
181894466 521814230 963411576
483765449 228773107 578611421
223159223 921042217 618048653
892800388 396807072 524058037
713254526 995760659 478061199
408904424 82172164 135894260
643025043 536469926 466151100
130487472 163491605 848973378
81054442 178518076 664291295
375416310 138018909 963744800
534715575 734741388 44856893
217999261 222740137 484940633
127795952 469887819 771579322
289182690 476069639 64030686
209864119 533058621 58774343
863253584 738926181 458972898
527436313 113652996 691058957
815729506 882913438 578151494
710315145 316290079 201456495
83810312 189405747 738508400
636154680 22591303 789169032
875654399 991393338 804809807
160006447 960146814 60940658
150692893 734040597 903997026
680988884 818025406 344619860
381024062 429155303 624612866
430443040 102309528 976136335
211333354 489198717 880344531
874477103 391889724 249048067
419949187 412027564 866547579
192714191 478240603 119767494
376460832 487495119 730479644
107515853 806847016 620330250
68300375 972764685 466194056
496975428 617846688 409866847
464953081 64109507 312632558
738035236 41858834 131616008
943075290 359338325 175061736
978585016 269327143 483417382
729420840 873351082 629776540
292083227 604664979 847986921
469874032 350737923 963325396
148499494 986625778 78200259
927386633 816387760 389176235
356464603 878057349 389456421
523852229 514915004 333790644
636219863 157889027 234752716
265246865 153913312 774159420
694757710 700117080 157941811
5281154 966120929 410095723
464113145 321882491 980605147
999563043 315096481 158199390
183212328 403791293 827522073
95675336 600864124 623287139
848460415 76871255 554958960
761708047 829648089 576251882
985283469 94330488 460660907
418446932 144505332 323782933
338520644 825770669 788977272
7010954 98959818 866438631
412656084 477173819 572032977
521430318 515524378 212406352
995477667 444021509 705481543
841676978 845582661 232755013
500351282 531545486 787197514
20501496 218625981 608877600
583333281 34888786 988403726
849804960 22986852 237477592
454081732 166779108 326431102
625918923 417026107 945490072
659015380 283475934 75128425
543459514 550121154 479238900
997809574 361643607 145666758
925872613 257399656 808130399
608240013 168266381 683824661
445002714 425080780 913001948
587312412 992869459 829164068
681541379 299746374 800499966
507275193 119392349 211316650
413704463 634693584 229989953
191989967 867322072 952131611
651849823 110631407 786228610
565693766 890624096 340932671
302731839 141287580 132984248
576940077 146068796 864395048
863892195 953492124 688690105
914996546 786612993 836686408
398756367 821126531 350741249
667362306 806317009 318002657
872113643 69354532 41009284
568386555 147955563 323905875
75187717 798804638 707936752
150278990 137710038 585169875
458304487 369108946 872463387
396324169 843403606 236623
548735027 95505446 295544733
98431097 545803893 505925081
728299404 586631288 796840341
786321458 204619592 24222797
878093200 64200025 383008547
212255500 188098399 87520429
950375060 443878560 544682800
59347855 714985692 320298382
693687064 216623685 683653971
526088388 911282434 749810814
290733043 126811013 853943484
43240897 170393573 473010367
672927313 568953451 139262080
583314611 535719500 283949242
64592497 386836683 6490531
500836855 400798823 809120026
379161280 913038987 240823624
145271247 16250693 813181164
325641252 561352858 290219573
746669947 844299855 21648796
75328070 823279033 442477142
972487495 346951975 612050630
544374188 826301700 527022491
915732238 499128960 92802231
629917724 559299458 558297490
55256318 689931424 175162801
302940719 339297592 363913825
742057318 231630989 815542531
949711594 748724919 493322031
820598554 371886819 48832441
775112669 198250423 342124589
266270929 717935860 916470889
706297696 703220491 4170403
133669641 97212123 964382429
1589858 8925894 665048568
87876477 42717073 787882949
763844994 702559620 909206060
988683565 463504726 981808142
333014941 302632200 4023051
821720613 375777459 618145662
397410847 120122477 648543928
381997101 611271560 690880973
67599543 978732591 708709095
167430798 189749762 459504549
321902437 944029884 498164708
911022723 890072430 470672218
969417136 362731323 889430932
334448423 509752689 12994398
523023084 902388828 364383235
779303617 714575404 335411775
554333095 672459485 983716911
998474160 695359892 61272413
353484395 974554722 197658559
394858351 823359598 75954002
346427577 703304878 270638148
995383563 621296821 244512816
600257915 402259217 496639312
104294607 21410261 133389640
987830439 151549351 684594225
789526706 773746183 519202638
950276295 463267681 548366924
416133451 35704392 974587352
993194274 483966573 600688087
972311835 639986136 874235123
115625764 531709299 390523578
301004929 498215 347572239
362869396 494133100 474724358
355294640 221232605 436743687
531432001 701413673 460459335
18743103 681177501 9416525
549706966 937402299 70566605
175009051 966700536 270142388
968440106 431112755 278695724
196933308 780804761 625968287
627759558 977145772 793694057
28282589 144769872 433057518
861365102 860936484 955590587
32232162 207825722 962253289
865788144 147872095 830803541
579460983 433138868 416590665
42092124 640817501 875063328
887800983 878353074 439292893
846329426 326848475 961021764
544945090 366244005 500411194
365876341 428312801 720755415
562263833 444376738 666774645
191828172 213423807 235439568
942613438 830094179 295742250
429076342 946631837 947654980
369754670 598919062 60094596
709160595 673050490 128994253
373736967 671705443 382700457
383318556 293680545 359864229
676004266 532507463 889018782
926028867 249512939 498049674
703337326 440901708 217979938
799607912 282383458 591092582
41491936 815911353 814574942
764694982 619795745 636349213
619690737 544562745 607078237
29770529 420717228 535731245
262878394 341084264 410798648
831665557 815929074 58177706
567067561 402774197 903916839
68268252 756223991 84301453
629712974 109501142 388496540
248594082 818848749 226287290
384420016 127557497 935936556
747891712 555395012 716605893
147942196 120810856 135318946
3676991 603020423 803712803
850367802 279276044 742188375
400430924 853862090 180239534
241853699 195300279 559635239
439090416 362233863 302428624
301083566 755789887 392825987
971614165 427946138 59733141
805030406 424100063 12044191
190203441 35170525 518268318
434944118 603939632 811213099
628147318 273719746 233396821
895703236 874317371 761065329
794140919 344839815 960245768
662152018 726615335 999612355
73236955 139847447 753130261
228624986 257927959 268208351
169041945 48992277 437955455
501360874 895210348 130341516
522576616 400516304 106535922
138864729 959239352 744588866
472452359 776574306 18569849
494770016 676430843 778762132
713067399 63986844 408256356
583056305 674548852 642923609
542813833 553567084 793891470
903221257 152076288 453146653
25383802 577319437 10593117
496992633 87343266 426583999
902107520 988248814 885719932
859864729 421883565 429247455
752139820 875033870 546059520
992114063 548454455 247219022
75084153 338521969 263341834
966959666 920920473 944394297
539969542 561806048 416092620
674229152 453191600 81419585
704602733 148110797 278034980
321082254 2867285 338823993
181244140 280402716 283352104
125096945 302062519 599126175
720202324 138962998 744750721
652544480 241708163 145392387
718853821 967954451 542170103
226442076 720921610 994742812
988460324 309462046 11183923
977395052 93111360 504068118
607414816 770811162 482539958
991027803 990547309 763501699
875576026 777723793 905273012
381957636 287095832 899211062
59243970 555867072 662695748
556496107 51782477 263876126
732990826 674967961 438333051
5835003 827716072 825781567
994369496 280241596 179578563
27868924 670838900 441412064
886297881 71354946 507368094
283938018 641237207 846287002
412729974 4981366 864452151
876479666 443414761 238982426
926143559 388429655 871010345
310610806 956336639 265782939
712715454 885239177 498326807
871207431 378685448 921938450
814863557 497740579 16528315
95272944 794423881 832763980
659045149 852636742 137983802
131968658 968917666 425252503
750147000 727624947 780957966
121221890 440635468 522288157
549800682 401173121 709624959
150263273 987083026 506410981
426168336 749216589 743704159
189627456 909633553 576381548
317842103 721426742 445196078
180917800 236756185 698766094
3734879 46204702 98944853
21088148 765288126 341705348
624165497 642223091 380384596
747208553 703977650 153974764
877188323 147820527 131045693
743258916 353411478 823659058
998898372 840285256 468145921
362809673 765573561 902501510
785374259 818203542 180349208
424391692 480817693 59061984
645209649 824278679 346318661
299687428 134171849 510174538
414260429 878606878 89815154
866673444 657783564 191978948
679642026 29285176 430603536
140064165 765000600 161873322
760744125 439675186 162874268
597295987 752785103 803566533
152726882 709573257 835785722
913759713 49557929 342488123
505056587 274054198 755474240
442723722 766109478 351058455
703345261 844491643 377222428
237175152 777565338 847917499
249572989 170914438 458009884
43616167 431644801 555518576
708444394 898750906 150998509
551791791 712461537 943631860
920300944 296283635 376193042
865038531 95807118 878650306
237088972 698581143 863987484
506799549 683575652 834503668
863889086 125864642 132439569
264157629 415569118 991020189
549419614 172664038 626279325
222519277 872179866 708593629
361966163 319113947 489997169
180850978 738183939 980047561
401858901 177637964 423589082
322984596 928336021 66905778
123365801 880716766 356628367
291689000 315275431 983311193
33235021 696725382 18914206
242185323 386959399 652319777
175984871 318652441 810106676
267975109 777518068 866172580
692499056 157732411 866948657
680545374 303333894 934613404
925464177 573654360 248329963
253047172 567856842 319187349
686515172 385909408 738262814
844072538 121849622 969750
715633796 921750433 74942847
220703631 834907302 745002264
73509484 20546079 578139379
277816575 822718230 635365138
894780235 714521775 139646115
820187173 929002436 319456398
320361788 737778934 372582075
379253716 442806398 19262979
639489570 11057786 887862256
587161743 254489368 968272267
396034354 700398493 357331182
413493258 579990659 892871599
42128088 748147200 102143794
668647688 761437276 208878324
246063688 41468334 547899990
646914000 136440228 857454621
149674576 967717764 815499543
769900457 841070871 279012983
924842343 612351849 623483155
153298931 391491867 496742166
395578205 171352996 351315746
945713760 834067290 728375212
643952768 790484813 342919703
14149230 657340661 757957216
993947651 310066417 150918122
578385537 487168565 253313569
46666370 950030144 48135237
322742797 639493193 313223501
391019904 692110577 326067837
708530174 677304924 252349946
407994921 938601347 50232747
818075448 20016978 289817642
5674755 925202571 422692855
906717431 295678586 194980052
528947557 698279991 634065068
506861329 554014476 889512075
92492350 168803363 182786887
455514624 408315933 747815859
263259996 656255367 627081279
965960272 203263505 955028623
720134377 107062287 15263082
658752305 352751741 261397069
848534362 943246785 371510279
935287606 28902229 809376514
555570299 497489802 55035188
939374519 400163964 556880577
446790784 965815365 860825483
374163891 736347879 315452381
35546856 861616078 332470478
120603035 644123325 85616867
653926798 246638320 183271727
565025356 946594338 666879630
725217181 238625473 366472387
820563941 539244909 708864913
530302076 180199051 117787384
775097061 905184698 531389679
620699843 316556022 815637586
325479945 340163946 825987166
115036718 544777687 618609828
950080396 853196650 459764557
531754710 158094905 681477161
518239455 202443574 321483691
146706107 774885499 755825626
867387043 229166300 970333523
986039684 677264608 295086662
434560157 335614103 59000492
253937295 726496987 33194288
167705410 98503365 244153992
454891424 620118389 866749017
198261527 300324980 745987488
818413705 352515323 257529002
338960284 761109163 962944117
104697157 408306156 613364960
358981133 702934198 980567401
8401847 864538587 48332043
685337777 637678508 171549491
602029906 618584240 28952704
735117612 747949204 973248618
440275494 518196436 223523038
12130462 744464912 587923665
823427883 641506609 550450088
41791120 308394850 506801700
833096824 666369135 500478692
501875410 649661517 119846431
328909760 481839100 226109376
237141930 396317849 777958064
76075699 928604151 207240056
293193311 997133264 445316208
496341843 740796456 120747138
570174732 624470270 610535458
791279490 633236840 121040098
134552635 743660047 386563781
216841363 203662665 53326223
364100275 633035358 773850809
312278250 678598407 317264669
224900224 63684196 400752846
94398536 89283198 656353264
120553759 277848944 162111119
744214808 617207118 427909789
138214705 348805557 451231417
51476342 35774867 255926712
394386299 459840092 247317696
497004649 172151913 516912504
251033681 347496049 422212323
825289514 112322789 293061139
819051997 417727459 53021761
636170084 547020879 678115633
716471394 470285258 815639793
131333753 502016104 159019916
113356724 836223657 473716934
273616492 207988493 287816183
93057579 531544460 778394781
313042488 651963885 460109402
496866281 693330241 831181933
684918878 942455333 189250602
141157021 193594383 227244250
276138772 109923971 964076736
21934017 411601073 588080235
524658283 830785038 356834393
627540298 874553865 77966107
306247836 440979778 356649190
697527496 475561346 61961551
254723464 944808699 180302427
592673697 10050436 928538407
864115357 429572226 26749827
236874618 906716610 329528151
704309265 343730218 760103043
61193150 770654860 861108221
161950804 113498021 861910313
440251744 913926391 757135246
149841167 979584812 636008182
692210234 566898621 209261010
332798777 45607508 243995433
471367236 864145970 505891483
135544611 841034869 813585531
438943593 201566910 576935016
299150796 435370466 939963425
486545694 354222376 156302567
160013399 378872138 743751999
163979243 850730265 700722544
578977805 599949262 747506794
451997746 898196597 281903920
969674893 904100379 371380604
995318825 151007746 259402748
6306473 150578378 645115393
706246744 680001393 318697279
696063505 150582885 372140381
431927341 846424472 670414675
761034328 701745627 368819059
906558907 767922824 228059010
60499475 377483081 999971530
240692378 853013227 607919156
371839487 835125079 467449264
350034221 591923768 525805072
709928751 129095869 526594128
334363094 928339133 994352911
272150048 943735244 111234102
473307564 432671086 597204765
608018321 177459703 885138414
809190679 254485599 352200824
694926329 890369437 973918815
181318281 542230862 471108525
404176224 349045637 261859453
19227173 916622730 873955387
107878682 670243039 683377243
81629441 98522016 155920983
564564762 555521385 11222328
124947910 56405783 222084641
61961751 300944168 989432120
356602130 84812876 515103267
867643926 9878906 461722069
744916250 915043662 568269512
943628200 694837484 702700972
2378072 840341124 150348175
473921157 754517104 867032063
25807925 819487462 188718311
986426866 327698791 108001215
323594563 662406475 978665553
683275249 649082634 342695989
253135073 425507047 229213783
677509863 122086663 762595353
29359953 883751212 938631854
410827709 852435530 575682602
745474614 46721062 550291454
915791991 722088704 723098368
606326136 462022540 574008490
21150406 9210011 740128957
708379757 248661550 916853149
752580555 946995839 490754143
252951769 743075737 404877078
331573908 73186261 425356523
985055281 352883264 701254846
688620261 75910304 632711156
791820379 171371391 741848353
897178073 357346548 867601155
472125208 192375362 284843674
282338546 341445104 708604390
208217629 985337278 986264286
909098939 445114105 692724339
54858236 221247499 940879602
546360769 918720641 987349024
858068030 245725376 3243403
884992180 884151731 326938565
699179518 210277010 568367169
971946325 929240692 51852102
684009804 764248734 912110653
222467058 887851982 15092639
142618536 573652967 655501715
652767169 423296846 820516205
965237932 86722873 622731315
810788823 54166393 11031923
714091374 998013741 234335562
84188933 688429450 669224062
711944573 351364719 527345233
143787798 745388097 507977415
719559501 968923783 648640702
9811834 135065810 246308508
152317171 636266701 746377041
448355074 346080864 722742310
509883232 86929102 629777333
584373389 257788312 878192759
964772698 362681069 795712077
189975424 58348174 761154605
787676333 273145212 143304165
261784084 427354718 689085782
253601566 372924165 750994702
142598783 212125516 145749882
755204292 618322887 677622634
320833341 643268844 976273281
326782557 238744160 342742841
729032420 834632931 181695581
782889669 919531127 281717698
902078508 321968691 308683701
331296984 398001919 600108201
204655825 412317756 328670705
212328062 14195343 387277837
133726806 490980005 870348691
972125566 297142156 484018034
759747734 593315432 874720671
774187388 769166670 787082674
689708165 422036882 372295218
958823159 747203689 14643746
182303079 942019807 927341132
335408479 46222177 994036347
993556076 260078438 778574158
954296375 302267157 85818364
644211774 755818224 279725462
893798388 418918230 214349295
635131201 992319988 655930666
512967272 415664241 76474902
779024012 707400043 478612790
619616433 817893157 384669190
487590239 959657422 930408619
594485618 899235226 839041588
630500287 891565955 373064871
637859086 124097326 562197947
143192059 43451251 625285189
489705972 456000343 421643008
393224218 543048316 437116380
516008480 731152237 851624578
915946825 107032258 442241094
870412950 349844835 433107077
410399625 345257510 462847205
992417294 966390767 881518448
386904573 828139554 523948580
735759222 537164178 332073956
451472226 107140470 283344568
925301289 912759471 835824886
860754477 215805225 783741052
829869590 774642955 37032479
711298883 241175485 3492796
158618571 415017990 562497062
993515964 222972642 881894431
3512597 69224064 183812801
927932157 806201193 878169960
112908073 227274458 905133306
619920604 57092068 556690846
693650701 546813271 852986274
375533359 709739852 397445808
413149842 447618115 912293079
535933824 255468716 476521422
84240932 364439230 479938293
603006729 46801835 902475763
399257425 192427714 404534629
800443415 37792843 541133136
905668163 631119720 72152787
798099112 927858451 751515326
290727447 275763788 120117028
179587591 909293302 475089341
790525848 445101670 788724407
436079173 612776495 940757112
892409978 237684475 960247432
894648452 491565393 13673675
104533639 250833076 905324374
963956244 233235387 249727572
722781877 735645412 446589817
303863866 651424253 275096753
570697158 378404472 297752787
2421422 167932015 588832676
662215057 969223166 941332063
846253546 470666278 611992518
224127907 899391333 434252108
991313616 251620971 88314391
819694399 275611091 109385840
273105359 120936074 193678768
633292854 70344915 408749150
210032605 817104954 609479263
498716339 480926411 347461851
577206898 191406619 342298095
412861635 466589608 986729395
846247329 269384841 104314323
80118879 50317393 174052477
13311067 805623526 416920495
156591833 145885427 266809926
820459916 109437822 571387369
314501211 447741263 807472520
976725953 385019098 982946630
541918137 829015270 316248211
493290697 528506750 236428729
586797067 62083645 45567979
654567439 263969151 654604233
287679958 202697599 173720572
634620602 261047609 338173981
105672419 964423108 60950498
168461215 836353793 135118164
283407886 372763093 984261207
399846764 815878930 575453859
396814031 71222281 919729921
18703792 998172304 543660129
225176385 616367184 426354220
946971290 462556702 213855794
364042272 613227477 421264058
928146561 128809385 105059890
864058320 873018410 929614193
385952422 887324844 534349182
810891915 707450036 189017048
87788352 661903497 180800080
984243826 236549182 400115558
376533214 632818110 603754393
521864998 803120144 382847787
78247191 70265549 273293147
700708969 891501933 607033407
369583758 674209733 184062326
178123148 953194700 32518333
394970734 822158315 758234582
759173786 926243705 820868692
663556493 675900035 876871335
811385792 248546186 667556335
814861142 119942050 503558611
889884970 503635652 835505515
600211520 579120443 959108498
709969288 345915995 441089494
640527895 820963077 593731960
321040214 513350126 712257573
360197539 925704047 684474477
296229096 248417829 140364514
958866571 811381208 861818520
392544242 241333849 93619522
306922629 460270496 313681488
688401404 289076089 433185334
954915176 295217397 309013898
226145121 145658944 968593676
435259083 774434238 920124354
340976874 436129960 223204429
490951676 552840119 476836035
886255557 94127951 434626644
643366823 605197715 656290245
19395497 935862579 683147622
503258792 618594200 533841058
591941621 25556577 975220811
244768488 749012047 902400880
920457385 143016638 350617079
780250615 200167766 735022103
342574830 402658053 553995692
84112029 706060396 922209762
233695545 976711385 776494458
657840929 84972383 479718133
416147889 614194630 79135242
835669181 64342931 317497566
267538814 895831256 755341712
408996835 267002212 488568641
78558891 455843812 324504924
525388445 156310528 397026800
100662157 610054556 697471876
391267569 8080933 632947842
719956821 822729266 958762907
331024784 827358405 310440980
260302389 749035111 343327126
997303200 616929247 314874348
791538756 362726539 795734123
785666105 874183231 624690283
979876077 109964281 89555830
17107382 696284861 192976300
805906204 461911596 857016761
458920460 443807662 996937418
951059830 308061823 688602286
860536633 601306363 576601142
288577884 76113841 745915636
716701450 933492496 813618914
339955318 818748223 486212083
873996297 487718759 55722973
549369180 37266103 568405188
140956274 928796512 929875446
586381412 380210910 654267254
671757528 852127865 669987569
642072810 925928614 42292098
47280582 939805752 543316610
524633361 147081582 208258577
187388121 957767284 244827519
584446714 551048891 262546339
384960622 497797502 16729552
296695729 682804911 474490626
171510335 557550833 499932457
103189321 687990666 166918676
929683637 896043140 209395120
113020871 329851377 364467004
958929759 477009932 793575763
22689421 947259495 88682867
594447138 630271722 163818465
880134062 720535550 296832928
105556571 142348124 74243059
837468608 441485438 256557987
787849802 27036628 847942168
974657360 354402484 927425791
189108077 463089916 848455595
365232324 799737688 766115329
540135898 677535453 831413447
359471042 169999602 655281515
913094083 101446705 460709807
719509955 755688112 889102862
112431527 959372930 426619022
865053946 398811749 532114928
423557780 119687041 907716287
858568278 272315573 158734181
223336388 215631943 59940578
289590070 665432896 549015538
676618107 935305571 752458150
49754321 692927899 758136052
39491468 34049568 833097241
944838637 477518371 534050043
646998458 808556716 402339941
852129919 476540666 306327202
952025511 43586944 882995051
202031946 303410012 911763701
470264668 137650262 4663880
698884027 860386548 743882994
612116645 45517101 365507686
717784843 141829975 490838513
64018368 124365162 357524401
865773939 956578164 11485213
270998821 83829162 771625881
779668776 257208629 118589449
324792137 592730632 791009693
481751088 30227926 316170653
507238101 850758885 238715147
241165107 336697101 590552075
207031295 495922656 839323253
258105073 610556219 413202632
314806397 513232508 579709284
224553316 447882312 305149282
936366751 274376380 185152049
14457004 982061725 484559945
292753500 45864429 681520822
621219996 271648631 852101518
815296000 232162445 102474693
491801855 338197547 748742800
728189405 133110243 789095558
17411932 375094702 745746234
547290360 949808062 43748866
424885372 526667607 374565485
837259261 626898643 197067200
267448538 347386521 493729855
143462704 998777349 647243013
255922830 287991478 963530193
393073074 11968944 252317921
398214597 626794742 683928361
130649842 834729052 784155798
412227782 345502370 495728701
790646496 773975529 691169095
10293464 287977722 698287236
697506890 359537431 266928054
461517616 124115887 166126392
697229842 273175295 561403108
650732928 537226142 617311541
945946403 458531679 660349972
843772464 190364020 466948620
738175784 919241764 763156331
936788685 320503920 435894636
898318682 600754541 810255738
682076836 482390681 562000794
909964590 259729322 351802698
412250986 561127317 96490886
45015430 256428508 572288455
96211142 629296349 89010113
770752701 46186479 16776524
967990611 236079775 257414299
77257723 998962110 102813174
184834599 925458478 270483990
196297658 369055002 376691277
680469011 757968733 164027337
451722560 167854975 246114732
231679308 28075872 134486281
719106419 497504447 894650214
367709046 841711115 998407827
282819237 614674354 873353597
638094514 212625551 707766410
64509364 643145924 170261451
289549625 277136426 735340848
757102514 651969657 769864782
741652343 461488380 221793338
550933215 231234200 297736697
528841116 642118803 605713637
758212153 117340716 383405460
767892178 408157185 827832973
580043767 603297735 198133440
516973938 156220604 979119854
678521198 277742797 87631556
869060443 317444566 828526789
497348975 573663266 111177670
31729635 871360026 937481929
198932473 238102613 614631838
988841718 541563855 701364303
905363759 556172623 207921165
67253858 864642125 134768205
401963204 880562963 261296105
894055619 104608800 123576521
967360227 625748036 709619333
144924399 238590731 446482041
214105509 333227751 667765119
723855962 600972625 854706049
174963984 367373206 292583879
532345917 669371155 146340465
632324188 180566872 312133833
550734080 309035177 919618725
521990967 674828259 353192555
932053277 734796995 556070427
451613611 920800513 510618553
914267071 756432437 706104613
991079319 87489010 627436303
364171397 806818198 553017016
127491094 78953617 851815434
699712089 389887441 740449769
656997523 940983760 316008250
647169731 402629203 57272712
660535705 493473810 340925784
545704500 502744261 91292165
108501353 487378433 970018721
672886065 922694217 273284658
92784518 263712183 848799268
186559289 530398306 194230005
871222221 165685622 647095243
913616843 526877642 416176804
852080159 642084892 85209373
182976034 429584917 433078972
691140252 385941597 729959024
333219008 381061757 671218835
813421052 430968212 939852173
808675807 476117187 11206260
897692823 892422680 794634618
76904216 930524884 845096560
406326261 354030217 869299769
149609925 118868948 893973452
293135056 815029762 785582070
242833751 11891506 128807344
464599361 401901268 114812051
167666142 437023827 246678012
770125623 36604766 735511399
315895054 869070645 337285106
597632972 827517074 46262624
638089825 105873826 970651042
870412802 579399325 445063558
633904946 547813985 442009255
243849991 172644275 943954796
449526301 54540458 387309365
183715326 365423955 319807076
61674599 97174093 987355351
422765211 847924752 312145408
84771567 709395358 3253318
403144226 502255878 261528312
921705719 311563839 886305206
819319104 690222380 943286712
436478284 990890713 892334601
314914473 40848461 418427705
230153438 415791920 101648845
749618919 351475619 204588923
574543845 843262478 127267024
851913115 43913753 62036676
456245324 500333354 91845697
938423191 420370695 152352982
711032804 983196082 503049599
541244319 340357933 200041450
707614477 599462859 961176592
50646585 112997248 925934340
34007868 196208527 380971400
213913109 264983623 931025752
514177995 3107187 99138758
