2372 6 605
789389261 67638933 124157690
716373076 539132697 79754492
480278716 779047070 527259078
923490282 603354458 439683263
426813082 239207573 848017609
467924486 783732812 664148206
657467616 564288528 350082837
856193925 127512672 395350288
186311240 472772622 57183876
455503649 609439729 580539559
572372685 876894180 879492760
828294441 563782720 263909799
936455328 352980600 246352498
590197062 127736227 933270069
423971293 300597722 686448178
519198427 870708047 45478235
824877923 81283842 333954898
200212947 283260014 546378746
347621534 857876135 698044210
445726545 973741822 464276420
320180569 901779816 19051758
56045468 846799820 290803354
824402695 802583722 197751280
752160308 577892454 969174719
79332360 976496849 550591531
488569860 561909991 35137705
590522718 288348149 588804004
351336266 810042998 194599146
48869394 407736055 737650455
711714869 194124312 963523132
541667839 412855966 619516869
994346777 924841247 720743071
365364035 904843240 97272451
559712534 995935089 697917992
244113628 388563551 269890699
525405753 246123670 738840298
113235541 331979882 574919959
146521844 448274105 762178333
49981047 313451221 373637136
695230682 963950824 43085856
205993184 406467791 436457496
651048180 7086502 344451641
766815803 988565776 697220431
399985283 903481020 990703220
836157937 964384407 1163554
440826613 610117131 79672848
336778404 440278348 264260042
733951737 497279158 657516632
930485789 893738829 486524788
841095989 745708621 306837989
694928495 301116367 79536274
143935952 411802102 991755726
863695860 966884147 513694267
729602006 751227236 743920383
250603843 870017164 259362768
765043733 992853148 640458627
909107574 460650996 541891814
490016963 922300967 788128142
635480381 223730969 656942665
968986994 312250127 981062112
238831448 722862258 252686153
129351472 38142346 159941080
70340938 579419546 877209042
405363749 651919039 823994099
860603569 990128809 804830492
665512851 19131326 924458698
2242660 582087890 539555783
652084212 229310505 694101888
179364483 118540686 667021505
94242975 883212263 865489859
343957845 306436722 946319544
711388365 280382084 490683833
838552613 969981571 949881367
618467632 416646884 310271087
465803765 287548573 260065110
711525277 999368648 572740492
709778298 557733885 717838055
356250148 585495000 660605285
166014423 75043390 555011665
663151695 240181143 639421951
221419626 126576633 226879629
373047920 851114265 314406790
731167907 277104215 211101514
57085232 964085886 403523023
634470093 692546410 324483042
486588415 315438784 401764782
148457819 358723115 604089918
369812705 695028985 806811444
699022378 916699265 713766037
743585830 961214037 232443679
624894152 149375015 421592384
450340302 890369006 770725173
480381620 480338133 438112518
740517421 261482295 594026262
316594715 354311803 104415792
550831081 843134297 802013046
195661926 263145329 874624368
78999938 938835205 518309534
892085755 778664435 958764563
432275823 790489785 3161367
669913413 366570959 14291863
764802573 257208751 633343062
143850407 503588756 492821281
980070564 94446204 965512743
153750747 756029760 67266190
772316091 15322800 636101177
646431879 508860756 60832044
991169752 706875902 88407450
233561492 332607847 12200350
814069303 906187697 547317282
77176232 656876752 527078721
65115613 397662828 34366554
724846678 486102494 26930447
855844881 51963741 210835146
840588677 732584263 705464612
921906387 34251175 570232346
493305142 372202508 24447505
453335974 328672433 168846892
587606429 37395269 751967933
154751044 809862132 413235740
789551192 212607354 912042396
153522241 679095466 542661972
872066608 310727182 202403401
335339266 387656963 275566609
487435463 380016749 550226050
636505571 204731299 790122489
727734559 344421178 585839376
450839436 581444169 268482181
605549306 600221611 160796110
599889812 891961088 573364944
54380690 584666670 724363022
727276243 314720235 465334727
142404695 993396664 524994458
222850050 598349521 717632256
943296856 613625049 491320497
419036677 146941385 170768728
520330168 218910569 370620896
306027295 293971686 971774800
761833462 713460466 908441438
517603823 139157108 303406910
758686195 240164408 662423564
2332685 303209004 465477424
120361385 678441655 838805550
905212696 224035269 839933371
405508506 878053361 924487308
708360476 132033831 462053215
735777847 90943706 92956512
71528635 834026907 155922038
661055266 764509136 680126792
525025184 254521113 79511525
540768389 934211581 188487104
884927127 533451176 916937570
925528189 492353471 391415233
883097630 244943810 193154850
633741617 140078135 130661151
61207935 953842852 721973590
732598137 843274059 402263911
550223627 46844280 545929352
696692850 36721061 331054153
82916916 462521372 435081001
679067319 551874120 50952218
930040244 402067787 599182317
492410229 549233211 856147854
942252854 773587544 394208527
884059904 22742262 739007919
14344645 862533583 756895592
256298255 253073772 44467668
286129868 76715526 603661543
940261646 544794365 524410199
415269756 929627962 202599232
468502171 229834170 498320411
753499286 678498309 883980920
717001591 775119917 365328597
737898401 492676297 83481052
812925678 422861142 99906805
338405031 517264188 310980872
698592897 222535828 786235928
158894410 283745805 435369772
525203394 708930536 667573870
289734615 422861177 870325277
941336878 82062737 806973960
151259853 988241729 542123868
948251237 575764148 485210711
434414899 917088794 397400698
136919339 884760541 879410194
30539571 428094247 336810383
24664136 591985229 550925925
140357001 596508020 428728710
232482834 437585993 796519639
309027339 229672864 756152562
468564410 818172096 347571756
334785891 425497040 360535877
961038972 716454115 53195588
788940075 200859056 600928776
21777117 132369938 553458311
229462039 254713139 27221532
58444919 244316139 73371759
117638699 348172952 169113041
584295922 612870276 480605640
835426492 17284056 841313272
897929322 507677082 532244348
509449658 992126928 328997051
391438846 295928433 575190466
760280445 968319380 726205882
392817608 375222723 129346563
727771578 530186523 391780073
732751847 727090354 605317036
252373707 464499911 531810783
466799620 308952339 101141761
198951985 954910652 396426259
493240694 23902159 881969012
966329577 171698802 854186434
576921969 282080156 669623200
531400283 594605815 981204366
66434027 565609778 476250604
188614484 676020356 441242696
450602704 22913312 46303062
417837522 469098458 754626902
438739262 511926236 827055814
248097713 876849977 578376155
434045361 314626310 945178015
766137860 919009461 740953450
614857156 779665301 755247104
339916010 510408115 913216909
725826919 472739022 273168940
376799887 95545829 243717996
212373533 817296876 100369083
344402537 836007820 121315960
71190152 215686334 46770918
526507144 226530114 829279219
789057824 969281002 468105005
309878223 772273454 247129796
117154857 831568725 77901102
822191348 199942992 761461175
703114039 835605439 100122785
615760902 683979653 891598741
977686343 265259050 165352052
568089545 994848049 194318963
617379624 754735347 863991575
493525764 346221276 441273907
743727538 189602335 558366694
332998670 980372404 142209405
468507277 953647160 692336119
922779556 238948502 537631571
457654467 944184807 738588151
685980694 187543514 533130717
682640720 334114882 950348035
957438637 814275764 407315934
326045517 77323416 657834671
378182289 735308934 349731708
68204052 408493541 562481324
353088918 952581460 597348389
421013259 330625287 310689287
296194740 844590952 69600848
364300400 935474227 643549457
278662429 416400021 356895086
997110533 65501189 633722647
938996830 74237811 771073084
72886765 305735489 365416106
733837886 226734226 828782874
957588953 913654691 966863251
190105938 892552900 343201079
615850740 468964484 992688919
695539259 21332491 714939061
545801693 99744817 79443133
823629163 830260978 551683453
691626626 334906846 218485064
732542266 416431333 71776317
660239664 939658487 624436856
474907790 305795819 993071476
442206064 158861115 859087879
269663177 336355095 821870802
988047143 670282722 567564201
380717528 391632011 739594621
244542207 143034973 138321299
658915514 821260840 654812195
530025377 180496908 375087833
748386618 80120537 193717595
495157474 661412055 196327017
237950097 831095655 101231820
178217581 708193401 703621309
748848865 129695683 798433327
13604735 995331355 69015261
979755443 432519964 146114787
197460738 9469817 246967882
685911603 976543305 724192150
394411353 98957037 874658857
469441385 910546426 750148981
876589319 93622946 361500946
698515466 505417400 12109078
483380882 136902285 975447116
884419820 214313458 61886985
45886952 898778388 238872604
95671493 328235091 452367473
793412272 538572497 181745022
523628225 383419470 638965824
978994190 660726915 551091467
861448093 394549433 792818094
486781088 916316766 889815027
974297435 335064128 60384578
556012087 931052322 864586896
101209933 668582775 717483577
294933018 825888174 439298188
432744066 774203374 189110247
773961341 906599883 220832770
823950906 127246198 320215548
214857678 659669594 156998343
182056332 848990559 644617259
114672642 185931978 900949572
912960457 843594933 744776276
131921423 37185491 545388639
425511853 755496626 510609709
8898118 458601789 395857361
72343731 553896254 16030597
224243667 270452247 742059626
149049076 608368284 84909998
129190360 763457626 945449644
246925767 93513964 483567892
878203094 732363779 31844927
292537929 448444067 767103025
607151466 957837333 317870623
397456384 879028885 969557373
829799589 972189402 573551337
254493720 963362169 803893075
415163446 457337038 66165591
535600951 320366254 620256958
368504791 598323862 812828733
879320072 757270612 608591672
202966949 511432447 746460722
601079298 996229200 589639533
925851292 576421107 320999956
66988586 205933359 728649636
544144374 949899187 105238031
363174630 741997978 459849408
897525156 105224195 577180266
431299740 233430636 864986464
257306120 207515920 110970129
337421671 647321954 50633501
432221838 450588008 849652015
287300709 639711515 469357221
878755876 351593313 940251483
152479552 751947607 831103937
160305978 249537580 150181123
879138923 525535604 870590564
938739094 62174073 883483360
291808796 15090771 484269572
737934465 770471963 981005436
822952909 412110479 393963891
888290116 57326644 460209906
133124543 873444479 681155573
351844840 683090985 402247148
516024710 967849391 37265725
976537328 436539359 771959231
660025279 427179427 18491221
455686550 967942780 901606798
839598133 575884722 892353546
36859304 539145670 381667109
775267067 6165017 803343235
249109418 676848911 174830838
823599608 683379025 64929462
908345304 802639022 789682803
870560271 548309552 565594098
719800201 642302996 737229900
957337229 5449347 69501898
411169664 742517067 274667277
389750939 345843337 38175191
484584686 245823613 553562452
218883619 351997098 228657570
3837956 396250538 730994980
320030873 466316888 57119150
622239691 953206116 364132442
553163532 551601108 533855222
595885468 366927884 193422641
270323263 837518367 293376739
332179651 595184787 665571810
943638070 817392691 212196049
644236104 798966636 743005733
825527784 512624371 864817025
784989938 758566579 468581233
722293390 592199009 826324455
953392744 602537615 518060925
882998398 299354629 481726479
852567745 213740560 164741178
228815879 946598307 19856829
858096782 500438546 610146139
278895360 965440040 364315418
216833269 922330230 640400864
784121506 255475294 457700904
329637368 417321517 170058660
909564883 459840624 741726533
227528775 515039879 794786616
444429072 575988824 839141804
406208493 328545162 543857666
717741839 330942931 832507489
687759710 459203604 496899066
772729282 537078811 314079142
806369494 965088319 2942935
690940458 309806023 125284274
663765155 948891890 935940893
566469288 951177139 296734484
872652186 900132655 809773995
547642434 267491369 866669519
147097189 40345129 911920720
119035625 3993003 872349700
964484869 636907730 607620602
96443787 106644392 856211494
991526895 281007089 681823981
787644625 769947214 843898538
851180028 343912633 592531808
180631208 641022915 561119794
4106327 168644315 994391932
673189256 651790364 594256661
570902634 344477222 980385732
533851364 269191078 230506577
626014290 883734079 63600332
50911811 893594845 318933029
208309102 262354765 177359492
665853331 826259831 184482414
725605917 32291806 38777074
538669682 781773897 706504467
438634641 933638699 46771844
477385333 141239923 952667544
428179171 439239250 109875376
172425126 556560591 645107228
673832206 992470816 53605161
256709617 304418218 363534135
550979882 751600621 491275152
367159119 697374568 793703847
576681940 42321972 510132401
362457596 309246721 672015786
967333057 551532632 102157877
293654028 434930846 375351613
822512205 303919568 784763241
120994725 295611906 119966951
869904522 129121457 971307763
483740956 456639488 157140018
887098685 60155684 709280051
364879588 449403073 524924357
974519440 465200361 652687779
582171285 671248644 736456281
671254865 418666661 870074270
508255897 144082922 505587845
283082477 586889829 37075167
607729479 649407624 834646552
121801010 610722243 924755114
6760084 73363176 295415593
610567390 277982698 930153430
182748633 497160211 294194284
36071313 954194070 760207431
618895534 373645549 322386182
282457542 957262049 492830521
959017421 145626207 368330456
806129476 749364558 359882938
149775049 322877782 971547999
731807136 868600148 614065127
1175472 99163198 72541409
714627705 666215720 820867306
935708699 162382620 131452016
580773143 323187450 961713853
205612223 629121012 862192826
688459282 546895496 625840503
564865928 740128640 937694167
930424819 299809691 828646833
347381576 330591742 443219095
368658378 69424922 674957814
34112829 647515518 594197641
50795640 403137256 784944698
505740463 679981427 657074338
349904632 823455497 682607171
985517371 38447540 845778097
96773885 803858604 535404506
16805933 959225362 904255820
794227754 363165629 910964818
909985161 31809212 971621178
428606221 795688767 31381799
848039903 278365382 88624678
247888211 29368699 524231505
418185105 977564241 87016372
422223425 187935361 290646141
975919889 748312863 610447047
730512871 582106825 94174894
268742324 938961234 586380719
819882365 597080153 158841489
8516747 497451308 297900999
705556405 324844144 227193121
68809713 245996035 93060404
320965233 773593202 980195918
651119878 493276461 389077114
469165206 202545938 811372844
983369761 639000126 48843603
232179509 882922634 350727845
128451179 402347154 873594123
598773210 456053845 664650560
571519159 970516451 124038338
512937707 776323741 576201460
262304914 142770338 322719889
603783116 230950108 922824076
683422497 569703517 418863310
286506433 183398097 305963252
143385374 935833142 416072728
878616525 146892280 78646776
791137701 666648344 643981855
773833948 725508521 805355517
908962206 346840358 745522991
905294588 129744537 540288533
210039911 587585527 797443270
928989736 355306112 932927654
494073267 204073200 349759575
993683780 127321202 26994041
487993398 167102792 739501473
217512499 386407699 646282928
494629997 385078445 248103668
361013688 555509626 315132559
596937292 640410702 17360618
236308332 199389968 500218586
229456267 395793206 316821291
704703304 286532443 667331637
722934512 990521553 212352061
50454016 917834594 926025117
864723779 834437812 816542767
879946936 579938942 600003824
457500684 528302344 380754430
496916896 999048026 354539633
574163518 81733808 724370723
259806855 962086044 356505144
692974626 225963482 549231559
619562145 859077872 75866984
202297599 867572557 165297896
986417150 977812560 699711829
454756314 105063727 131763280
23433804 476740658 660976998
647828409 371293002 477694239
781894117 125116663 689862459
346889330 899617783 365975048
705598963 998956165 201473603
93374649 393014610 664705045
199019060 171562737 565370175
249493745 233247520 813426330
145769496 419245330 816460995
922531975 258498926 252192969
690971868 478266363 930480513
758991067 622969702 979528469
30132324 573763057 145787476
248172783 479071475 880239414
651893354 762084973 318873925
497158548 286874306 737660018
31411634 695811450 423682481
396243172 430016445 51488136
916374275 737844620 232889869
197335608 336168823 908630817
437708518 505640697 200000800
919061413 513250091 373688473
261598564 719791940 821615346
218790702 663094775 684341227
280451359 769386213 621760354
607566434 782567011 237668543
907443691 690825707 787273413
40790178 930992567 989357697
249701848 632870610 747703622
303944573 841079236 882435149
84625873 225279674 850145445
466524518 709110985 838989408
108902956 778671814 820686973
220939420 78003023 259000559
837386236 122514572 17376560
319476875 419766069 653986058
388246317 386836617 452401994
577015060 712458652 461702841
652547221 328597910 167362585
432310285 428342207 77570197
625673604 89656826 259458884
494402171 340058666 952899463
938364669 273281938 895269076
767856410 53831927 425503730
922461379 703705331 921012522
22850889 663530034 255452102
487233632 886001342 582835741
359841965 632018640 95889390
182011673 480482160 720020715
293954729 108631711 922841123
504308588 706784139 583694107
447379926 11369621 157013964
859994027 903541060 30969643
864983583 899839139 392947159
763857304 464561477 429582872
192521565 293349187 729285995
924832148 401183817 337402437
23658416 249781815 31306062
240028606 103950240 982255977
426727138 111605242 519937546
521240987 3102253 360877855
16278452 988182846 942898698
761929120 879398041 128506691
188041184 634797286 763465805
128372686 745361507 729377752
745217707 47258108 318053933
602521581 237110259 141874290
959845967 231077694 8401301
928165233 598401566 652774058
101499699 110253145 863611379
331802873 699999830 479380555
472655742 900438675 337385240
322818906 82479659 123573371
303587925 644433194 725320432
860614873 827751489 603458800
558007915 859814058 901226527
680777448 672364115 722074441
308294228 74678210 946605751
646113714 865509322 498666126
561682756 437777537 758441971
987353189 436786488 691803551
395421277 923847485 961980400
837801008 420854070 276657505
200754124 71756240 275479840
680858764 279868664 506703123
969544638 584829185 432932516
636420439 926342472 518473788
927176103 900819355 712993276
396898279 594044560 399365260
463465453 674557273 716088506
930437785 271828883 880203978
462997075 33784740 99728619
495260784 648034200 616166686
473213415 706297551 98326357
721854484 141299277 187023298
558599800 591109789 764833874
599185041 269392787 519848096
657859841 205169525 816394180
836620221 187521490 7370631
71749010 176155729 462135727
322755795 445513378 743716549
296422073 167563803 570503148
349097092 405252024 564805488
991630808 855588237 14474045
106877199 988504555 424873572
842484690 952235365 470159736
992491398 74476894 565195111
422753295 694861961 327186178
309371534 996662418 334707983
40081457 442457855 169384999
498225304 331369674 8820416
423394045 209925791 827297065
29092144 42433930 98493931
592873887 376522301 204699353
829870311 27257669 452296918
629387831 747456119 562356787
501505884 904196265 466896839
779133221 663578861 93373808
712898577 507774942 652353040
278009474 174663289 804629576
417887085 695392903 546437617
827775733 323610032 481357417
910673314 582196914 782868861
22189964 497552401 429437126
193342882 925844192 777689859
602462742 32599287 716689152
553093587 340709883 565664218
407585029 528051987 115963650
377914409 658683404 135537020
799259157 871943661 812636693
826591976 681329790 29774131
426881258 10828126 991096456
810490347 436552071 851481271
305629102 14996698 344679329
363153240 677289888 665668985
605337904 903257469 874756185
911295033 648541432 109739224
447671226 834775896 537018156
831754636 136924111 858010504
661452246 788039847 482134219
116426039 895408054 112740056
894994440 222614014 168116411
243811059 410948911 266165050
968652053 458809257 240212711
859093134 894842503 47932787
242034377 199805882 203966657
978457914 356886026 89577075
121952310 328382358 810913078
698985948 497040311 174821089
104750152 570470188 483843925
864313904 441025425 429557760
804683556 769179137 379533773
35143739 828254658 47801375
1768822 884658590 85819302
271199207 673521581 486080109
305986948 667764601 744958879
760879341 245313706 759910656
69371660 420204497 715068701
235069997 428527451 449911400
492468223 412593203 987642420
658517984 153435356 187310393
227213308 325289692 785447281
578203863 446509292 507960931
792614400 625246370 375763321
974959933 991077794 390251555
847368760 833134319 457669257
241023703 129243732 498820572
259450397 395489341 492737043
637175514 900592595 555785321
976150863 274005469 547052904
440203711 107684320 730929777
821110481 120778476 350688347
532847313 3809486 376261931
383530344 455581045 954808803
611672295 116216582 647102570
357362064 46375478 512479071
75590783 676782080 229593719
897874404 928666828 541193086
341009550 573701786 695125181
42460042 613042120 135424063
573312562 445003761 933655556
716881284 116938216 323156310
1323459 521080389 901783067
959930899 507495673 77227063
98355065 913005760 114819703
148877333 18179729 137934476
887636861 104401057 245299135
129709587 682182631 397589813
843459101 912664581 493823070
73569842 697853587 78406404
693343972 578911460 646738095
227436939 754240315 976197006
866503680 631344626 993822008
23908932 482775472 700011437
853472909 541783735 396615006
75011909 333587266 392212520
654221144 591935874 208315747
213956136 148124751 741472881
999136231 999615367 326792517
565068884 921261339 961295497
875745519 93673339 200356214
747032193 226819778 916267538
810613794 748735198 176949542
34478911 703243460 6272766
839152571 619594319 396861528
374854705 493636328 314109403
192547648 506290672 174685425
380655771 498341799 647757772
937861411 395438936 379146288
237169058 410434523 781526090
766988649 416570002 965416941
993422301 702605953 197103885
100843711 741645533 598524747
551042310 379411263 195170117
389260606 643315244 990148595
943463224 258668893 644219982
984254322 670853200 999909663
217506946 73826398 245848705
563014210 915337638 599006185
352853243 719897547 656959306
16768134 297883907 616433438
64707037 923491398 894548278
154932711 606027809 967612115
858818814 875109010 715789887
289646246 617464182 584809643
629070240 642259924 470919749
334589530 287923504 625874012
206406578 85774375 256901349
378634581 330029572 490449522
313960792 42180245 761501187
235405308 862520898 916060357
463149274 968294308 926082777
752942009 350674797 865836744
746599557 482005322 878994207
360776617 858928870 841556634
340333725 632880954 88337959
988494183 562583587 158600899
779626864 895090963 167047566
580006541 99528238 643400657
850975487 867571622 395755653
995460686 98000254 738961919
749451913 644336475 80235917
600193562 785671870 351467590
789673609 74608264 823085716
921255482 312272354 624599774
388912495 104999215 921644993
921301478 398953206 126578011
347381118 274993993 718086801
737371120 469587166 928286401
473995286 160015951 374524265
14569324 937227655 835755721
784503408 424034219 58207721
349867975 233985170 293822899
316147443 106983336 528065439
494066699 489995388 711790714
186763670 905992422 481073142
917592644 688118321 125418805
542963934 774107294 906711029
49161958 690366372 873861907
121745393 958305087 592102270
733190740 469487316 760237334
215099413 516869536 74161687
509183678 224710788 921248956
391872121 154901547 653318237
349175377 335968770 9872230
551716973 282070986 923021224
671873860 937197759 579989173
152783669 458262514 191719844
90683467 463683472 409743624
690123533 825941363 418859511
501234908 657660480 885822676
787948756 782887488 268486516
493849239 493876915 504614337
763234107 324858653 255133465
843105132 941986720 951384429
759738383 301817263 573958487
418818958 606830353 693460400
602141615 361171947 227452698
635767923 353470189 607606909
365938581 91172188 582290300
874757693 617328961 962064437
603557662 90983651 238127931
350977496 652689967 369639474
802719835 233146275 924463733
642065078 930913751 631367491
809877975 152007982 912799463
650265080 198503423 214114298
393255511 346413831 529166829
7545747 285398954 1187772
788762923 294917178 480455796
199863736 542820280 169159151
65706349 50799466 705341233
776806288 903081869 221259585
719887683 446178259 763499636
796866660 508711831 643790207
783761355 745225631 996030477
817680991 803476015 758907171
446400525 21155755 736169793
988338414 44496989 406880408
789737318 67095305 427016924
571017249 177039587 833767697
187537882 926480391 824875146
765776927 895891133 743116412
849395035 643867205 388605354
938802530 663914309 298953738
322121670 62211369 192754227
826901076 937409848 327628654
553571745 8221644 194719611
804912532 523817990 348582061
295968920 350020807 749578112
989129477 628759263 757436478
494033230 203812686 136232036
657393494 145577747 19092949
910055514 967968311 556391533
321900668 201718540 343605772
136599088 492445396 883020911
250557872 608435443 799931571
906155152 200924917 561235666
874388880 177994689 386281054
317923257 669197298 939783020
84840581 432689260 759802538
544565631 747243696 271836548
367852183 110318798 272178436
326139254 351754671 239220236
798297479 203074346 35892040
162876596 764362797 731442897
425676229 383058135 76702051
544355643 800589849 187850483
705360918 522888300 370625965
518310134 925907286 957312340
318812314 456448558 941743810
837768659 771368676 979090734
638247037 202545279 301115851
228718724 386179436 600272820
744506701 263617775 372354627
995847449 413799140 981188296
200030801 989825157 613469785
714461864 960605392 462943360
356016076 710878176 955483109
951083484 996213328 916733997
643364004 736533402 26186513
138079328 701147349 408736369
57859128 13859285 458480211
647952184 156932007 596495225
63657267 292025442 225406228
716514802 996544381 86023373
512177223 137841957 280311384
409987478 261937769 12880683
22956126 36778341 519615184
348996647 362665875 724683608
860597800 763073450 819855526
670587373 704314424 834394136
316707635 610646210 192310064
469641760 236279037 180422588
111032315 532423732 839841333
733017343 780487320 72417406
673312215 866360165 577433117
586688763 250310909 315907453
682266169 910880473 106897244
303352705 731139557 487476275
304415996 398727528 963161210
679328058 845441998 218545410
27946904 562439880 236866321
158905139 220473776 75146694
352450463 116010369 999786761
261980516 529983873 377585116
601646038 277413342 206179624
933331421 764361736 895210436
199106833 24137469 658916267
884790802 112026237 136603762
298365996 987266754 714968873
824151609 847782655 451654001
17907734 819066704 648612694
829958880 905241047 929158050
777755484 168994151 143438626
933304645 554048426 321377039
567051837 730746220 866026176
175860792 69715991 257024481
705838682 189126896 776999002
836212409 635266866 652831985
429724243 720219358 179141071
407330213 351701624 890722109
55280503 772610052 699433262
323274709 930522764 976610514
155570518 307368994 407800912
875042193 50663968 922697370
953967562 866289999 848004097
695800263 967570852 34307959
148174241 155513526 263954095
876948862 554275656 334972848
974758537 189799334 908171944
779166691 880161853 709549948
175792243 724593329 721230929
382536539 4753758 768686955
137471723 195178215 772245755
17074642 358393744 582743754
497644298 403245388 464084845
756132929 340417048 141615862
740844270 29121500 956393066
973883266 600139008 86375987
294157309 808878241 250687021
802321925 487853584 209004308
428953860 46844027 162939486
160513686 714274334 492948219
578319058 491811891 691329247
585588961 206820343 784901603
134095194 675030185 869260166
911200958 290007431 411008949
766741012 776213900 641856079
10311768 329499613 38799696
569690304 897741048 585818777
465774104 675354294 694869086
388952514 710486306 217768082
647355327 13254785 251075111
187166450 348528300 366285922
962238943 722520634 717421895
534037416 559552129 687397841
143039374 359269204 56665400
297304789 939111799 855816466
239973185 154201531 92794923
112928500 45168939 138595294
564952304 380849342 911654897
197286662 481679521 312555420
379001492 786525541 667890279
575778411 354176907 945947689
70593420 933476067 18749899
291867298 498548400 881036160
510329434 360976258 139399673
606531230 730672176 846957221
799953913 663793534 176775319
321859461 705954280 343192690
553251023 826308003 121985331
279940762 420347337 848995228
998835532 692429381 109973774
50289357 870198214 931458892
83904068 575917894 446327689
712873252 221898361 980363953
812293619 755335626 109575410
289537640 140997726 788284115
23707319 676436150 399204809
706742104 63701903 540695416
481590270 986426791 543281898
140493651 597609441 83106988
860636290 907283410 440923331
995924959 661321140 327342211
783751709 323280170 279707139
706271401 190033264 522826605
919070105 733438432 107308617
359517583 579055852 208152590
456023392 245752273 727205186
853285960 466780397 714760480
481750323 686421042 154662779
185989067 959676073 733252814
557346074 122717768 417605531
841290025 517537073 578608354
351458789 168739499 172814390
489538270 42031017 629934579
9614173 98289048 678466687
313018570 618087962 877786115
558131008 494341262 102105674
461403412 31865066 528338543
544976336 559237014 545186637
640096380 923764132 76661355
414818200 31678048 654779255
571184110 914959978 844674537
621015765 723554148 694922106
179032006 600480932 415149771
685064587 102105911 605945405
291305900 791977112 203891568
773062555 145298604 243651304
166628253 971448756 418647487
145996004 551228092 802803696
408146461 694433369 250087669
131505781 627902697 666196890
418341226 357037944 262860169
225056408 210881830 391680666
417835983 846915600 77331574
619206754 721266827 469375592
643630342 68854799 77115148
755113788 247797016 689240221
269002703 861396677 955947510
82288839 975822842 184859109
824026901 325058131 880896339
963159103 765673414 297604661
366967565 506231133 159897393
962654647 28468509 164823377
877336905 772673699 481689040
840965654 882473883 576439187
140632574 87827261 631085804
33819992 324160987 664239672
966559395 438641744 557385177
359065784 696318391 830769306
139670121 502908953 344601000
258073068 307721792 354515595
362906872 959874852 95250171
710769035 220996830 923888524
325027938 957049581 923076870
562102264 58689231 265863510
464157239 383533465 163126857
325247235 568973162 407493154
750359406 717799134 176636203
389021453 86470296 25977900
947040300 313376150 810963354
283484724 103954734 751081617
550898089 453222578 71192121
314910592 780969166 997537858
176000806 332192032 92437008
25588118 305586941 158506496
624407463 833340273 500300486
521016973 413243388 290669673
513733967 117643853 192203643
131756421 708114126 962954512
766248878 730622661 683355254
980463168 637664781 622021094
171988054 350183627 758591731
481996249 191826994 314278396
43137266 621447214 548383016
142834572 180720752 740171567
816576305 153808173 49446302
999305825 376163014 550778386
396087286 862105108 990968698
847602894 522031337 461850017
133218896 260831898 959941907
952616178 1927300 746179254
738956093 681686311 128006823
426203719 839386438 859796919
871238385 75070222 624471684
239056847 318250670 476609686
127986838 99564950 281243357
365997351 78359932 988186819
917402534 431324748 406331485
276457477 333709825 640460729
682869810 124901718 459820969
328426528 576034258 920301855
772119448 132637210 319931962
657469495 561597033 781493994
689086547 618271446 517851543
272646168 786194079 813499907
115186096 923494648 326064203
984538371 566166712 836938658
557055109 297793747 177174167
652101859 142409049 890832952
729641067 736062913 52278075
432750761 394190820 464977374
573642201 169630019 909822983
868600395 998315390 723928135
859331397 777426799 587033313
230641192 506417340 708054324
269402703 966815238 756285437
438543506 131750796 160418762
276843955 80622119 959496712
202313452 897630866 140460267
161923154 117444166 248289669
693428031 133982809 694872799
529385217 233142598 924064165
353372798 654901133 921967292
251571203 563030315 623813230
985463346 952543878 839794494
470174878 322872406 718389137
407339960 825690085 721751425
309188253 5871142 385079099
553082723 342997039 218494750
223637529 884538099 216997258
447661418 607268713 975338640
430967352 347717693 774460477
613235900 525615654 787517855
547749268 430208645 638639854
890876737 854164512 103265669
477611639 943058506 842433121
75945604 691835382 839396809
265315405 767145351 65109396
872376730 910383468 108312402
920243572 47354534 542029318
189102139 844348455 712634475
947487349 667270304 769120489
117747903 230062673 918556644
632687583 986244821 355511002
281812754 839023385 110725367
673624798 738640661 822965597
336920899 83639560 474026288
20229146 327334729 342943497
38543057 809489349 74994415
794987279 269639187 250102733
360568998 749261326 546072397
244346037 377596173 488942883
898666613 639749044 80799954
609829536 425305786 177472428
433513139 411609485 420954443
327455158 767614358 275486386
714447203 714829686 780554169
915198507 81916310 884854697
511070203 698805628 316122680
188450228 881366515 802115713
937473855 167617509 84190009
955263201 892034811 130806670
990566836 584076766 727736428
948347364 684457543 830319569
198497396 824901178 569005293
416893526 471171094 418051835
289661836 962262427 470611175
964018866 678641937 114139445
178094228 400962779 171417531
161055408 427317611 692106882
551380295 134615027 814314306
554466175 124626194 968229618
244468462 505162802 961839571
519734060 587824407 689796261
161801256 887371394 330015893
686863457 624073348 851641502
637193709 42574564 24334242
681635251 613603701 552863518
795857080 911834315 201596734
893066887 119675273 223531252
198490840 775479732 293816837
167885767 264599558 906706050
931518132 962639127 947072375
273083055 303458336 985409909
161329028 834918395 922635198
554429996 145882991 233773405
389333965 760643442 347725703
915515933 79954514 285427260
285821010 744590390 922815777
31550109 634626218 10587128
379671942 854567469 732910966
994578688 993070760 83137073
335756565 516238363 865846879
439851556 632602725 693495344
649577865 167928892 53869204
826673988 165253147 383107846
202300179 773629559 368912985
115857952 769489961 311951160
735603003 324407142 714496945
452111867 978771038 491094052
508561346 276638650 606665673
178004782 365743043 643045717
332554402 105211910 744353557
3420464 46335850 680708617
777222787 379755649 697722156
560234327 338237726 678466007
984827518 869686969 667438036
342694698 95727161 232880632
777673728 56752244 929016589
125951229 55610264 696239984
375391454 352363397 334018259
939971765 644653294 775219828
377139716 94372411 589990225
354261023 75094232 31537439
468569479 572289413 171090130
401019195 568014146 725139750
778931636 651673772 129555452
66100211 542172890 829883383
535251701 598261380 437100094
292621233 252194927 100013606
781094416 402781607 736997868
699978822 361770388 134939652
777284824 695269155 674211585
518117294 365820347 107120861
65280657 668225683 189753304
149010003 526101783 543054688
574132539 54502184 835914215
627804366 438323759 591067776
92192149 682585385 881689722
643882831 507900095 629714675
74449830 651610170 567112558
632608126 106818253 691667569
539628400 725547786 52652637
287159858 21667775 252053375
472817901 289638568 336267026
196979135 264957203 338204076
820623368 414779814 452349568
233512722 692488325 692514188
17875207 28849867 213302838
140081551 984496274 727173909
655208327 229102172 5557651
622467716 69596809 420464899
108890927 338145061 138971655
208216197 634019724 307994549
87655261 479137037 189014639
583398409 247666294 127115441
773478272 807781499 402245789
970756020 360546693 984592385
165414867 208845307 484087913
375676384 732894378 861897877
284714956 948375353 545089196
964450264 576407622 906462042
347561903 211380473 457980022
428447282 560023827 964605014
382217437 375289544 808992159
986468638 133409636 645956644
468530483 8314506 242259468
710709662 952979023 375690477
905777178 510844148 343586639
326895990 445326352 773334874
224902759 251352884 70160136
125763708 990774400 329557554
613929022 98335440 664472484
114105754 592960106 865324405
885941887 966256480 249100014
920034937 63119397 993423065
788410926 64605389 169256808
345052603 665571724 548165822
249063085 195221898 111768743
609272899 296907646 527657616
239432360 894147292 795507430
135393039 847683744 406379982
546576277 491353052 67842618
993077893 905763915 100716048
892515982 401528337 461070868
145602024 533960256 822763674
671376812 592477582 863752126
911096408 648585628 429841897
473484060 208512416 296275965
465806400 489466232 225925844
740546689 663514655 621420233
332783458 339413589 808943984
841893025 626017565 257698445
778144128 471472059 473086562
629818010 315228804 82477055
121976628 878307124 379522793
271836005 797795502 376365504
57328141 898452122 207735069
498156271 962619312 964209658
187549856 122437567 126069136
223410064 939297823 700236102
782432345 322842802 120258122
82408793 414672621 182375192
713121350 26329136 515325322
396033365 617545528 738774292
275624122 753839422 426778552
664679872 888726170 953287618
911606872 409042446 504704627
363059923 660840575 15382366
241464874 42328557 311698752
299101126 848475405 209565211
555074400 302954549 857336950
984206812 199008445 835586195
464999652 498653452 144990829
871362089 790829372 198248922
976308196 283775157 936737714
39124452 702653238 124138539
984133675 949979552 279820740
548972361 319194155 355596126
30549579 466885201 539701519
278161027 692634789 237848167
858125461 43534687 871370116
501561747 736558104 799774743
889243020 809831776 68240300
313839205 299823697 516329920
937562921 518502621 827142735
421142144 480738075 236849516
969744789 307986625 65657138
624280983 110312399 302750534
267022756 515507695 725442793
470098410 686342796 868553824
608998449 492536429 967860543
568809298 599384718 71794340
395939728 186460711 478592175
173974852 364569349 789643097
135072419 858807042 147364628
2392559 959316328 873812940
954575332 982576166 627808924
226557013 966455050 608206189
246797152 134318652 398529838
286058088 636519825 807610862
185470883 48557610 278518391
53159942 655095249 617953801
943188957 972110400 556451163
877919227 327371741 559607251
2591848 227218089 738379703
993013059 380866154 102074850
149446727 348112476 550563317
332429966 40825683 257054962
127970277 192038880 730468056
814211786 922804877 165829395
90776533 951294445 401407211
120865080 553192486 50527319
849486243 897609442 795648925
245668264 648130676 430026695
715237677 280718433 154343536
282320015 775299706 143505245
74034881 937832697 124249459
203583574 671297278 182202023
120109636 745784391 324752357
565774776 77440814 830266090
394738616 538221333 417396730
952522732 340156216 608619689
356431790 614973674 863729027
682583113 60349544 432911470
139403332 463484810 947756801
248815674 55843590 243536265
225335046 809277850 638573096
255301453 450004406 104966022
958622171 72397044 543682223
5071284 404685502 442434792
211822052 724766205 917034935
799957514 961529671 653806959
111449267 509048627 79711730
7976636 122857669 480279588
450830794 983199632 82301181
571560730 995108406 66756145
954622531 272990272 354629980
131737791 206088337 603968929
39465074 309856153 205764770
233507438 207914142 518514318
929723535 626166770 386389428
903409374 357007356 125596840
138188439 375530779 347266391
869672682 879413734 989977881
2378469 72852328 50849349
68643381 52863335 136090805
120811837 208346945 15192686
301567535 797195544 403726647
888987429 60091904 576661088
470584295 552591408 807606388
265169625 820811838 234849009
923670248 841888961 687074979
185307237 102616527 443925125
688827762 103569020 480354290
501805347 924971466 586441879
680989189 681530195 178860796
571309577 648238472 147147046
282661326 82795644 746743102
273892085 468844932 35343167
340132184 97569193 844630028
504249791 231316670 671691563
612301670 903841903 666814392
715835377 851389660 816576099
273582416 898740514 812796474
106106813 574790661 848606949
120440205 713657226 382445363
353362119 224560268 970919705
640248336 905645846 257547653
841283271 996433252 88860252
515618699 956637461 924756999
537472225 658307562 569408972
125780261 699946637 276266339
243554074 584942443 113076158
351142354 77370467 32290508
783641599 377066043 719789071
822018345 949301862 873450612
791052843 423071762 319631237
201578880 169404206 999484711
94614465 166228309 923328628
686918497 295603142 999036496
159928384 158319620 890001720
86706348 99241490 681596192
842156809 988496432 748552482
945485402 94358064 16781660
741902487 394318744 634770106
819368432 122524580 390724092
14478904 301631450 144205941
51841874 503052675 481793557
472145408 841075953 557115641
284776470 835305503 632778944
10228158 251177821 631875781
623470578 374584501 70354342
537314952 28763993 112945206
959816644 401104590 818760708
138643573 278370109 217155040
773778693 106370915 310731098
409387373 436199089 433232118
69049767 535880914 760211684
193747233 554742446 194260793
855479907 304637903 442957850
273657208 22380596 619550529
562693377 332739169 658551524
473361369 246830117 206664348
918921797 459213883 731233521
107518253 468375345 555326603
69790115 906137357 586952318
769737188 769737453 743665496
61450428 312901669 945905537
57469835 571040691 257531283
173292196 977031557 350300465
198248884 776371478 501933261
436981561 450569170 986430257
132230935 694124877 107618404
431389226 917879331 970131080
75411154 641776484 129434856
74940681 388031723 619106177
378752402 693159283 511744030
232331662 563845511 812870696
897368433 540761596 158390892
480774809 933803154 747256065
448994879 118387455 455990259
97182833 261162133 577678731
14594479 521835589 3499152
109153497 573305712 79606898
816396309 672379149 756645194
514258479 975689334 516492382
765225839 766169608 488384464
585078274 92269284 524236519
121722122 862878961 303147879
836436485 584731438 855097853
291635893 683988311 649867989
321070669 926578365 220775907
33148575 563245488 33044877
545556575 408445650 980306902
840044847 320505894 796754294
343101520 428671153 9084064
556110150 177899095 556527006
423454829 490773862 95775669
933601826 412863950 200470938
242899508 277464664 408697281
478729427 985083941 799725213
423905914 15983000 600155128
369605094 385302331 577286324
83290092 386677122 208829726
852226629 184905521 25604143
563914605 394183777 105492856
714015974 515502831 8624056
798876577 86948737 763974408
18611203 545919475 279652216
512042106 205003944 645498245
339255266 35392126 909476558
821008913 448576243 377456821
692643426 489640648 888950693
820316768 376350141 701438477
451629121 470674747 273038813
275723021 567241269 476463101
61428636 676575578 695751577
507688914 801418131 665777932
368714469 123993559 217227363
348780887 128408011 658902023
530456521 732771313 948951409
2072418 313734292 147172845
216708156 116942188 785365619
820835955 834253105 997585621
170505527 970137097 707936346
239882806 822913505 876578809
507490829 193752526 773756303
704391141 440495125 921221914
755529399 36831757 353753441
374607032 798690314 401879772
93426658 95820533 706700679
743024642 767782752 931496197
285876948 726461288 701204298
155546217 960459525 211548928
59584723 136506339 745090044
8462944 681166554 583284674
988491126 104009864 648968843
537124319 173800487 637644277
447332578 952594733 89915570
89806138 317679777 106334803
570783188 873489132 754618366
78580077 312879696 675593815
858075243 726028298 135506232
305420114 400394801 372265909
370511872 860710436 192268621
889428498 954737449 330148232
222662063 345953863 715251788
798348575 836134164 926638390
159899630 609365270 146663040
353744969 808188212 311371538
664788546 810205738 537439060
770629466 717459646 170318584
252665537 161083050 627680313
41508267 202299548 225476340
285313916 967916858 584912948
818883015 180760936 981513461
966094286 518238798 369842816
495259533 481432572 514750163
58109950 274808677 146250727
736393226 468231863 756924693
254911614 366799576 993693536
419114182 188392471 215330637
329747812 165079945 278253922
295192575 605063927 547417061
889012932 380026397 424459924
842807761 50729656 722759625
746100594 44571858 359009029
897171981 982662055 938617413
71676359 303842691 867312729
761426957 906993703 141159347
408101536 839841371 208308915
218192188 465849396 741133293
10695529 231700202 19000618
946133718 734219681 663380701
685892537 871675220 357737172
20952145 665678054 422403489
431724814 207150211 150153803
354854455 815492076 635983008
76726643 244877606 972385234
655545185 407574593 710513624
832933489 749129952 830603883
838920910 319885413 660161582
197411454 845533025 289221414
402267601 461385811 485141996
99505121 421687163 256644101
350007764 353946527 53700010
53802209 124792250 109897863
667866743 991950925 295256287
776230617 229258430 510911264
419589997 234198422 857395694
871379630 115589530 396065487
67434273 874853782 482374327
977429939 33808936 622995664
4728151 705461354 29208137
200611673 928907095 469229941
594097575 619312249 292880453
511827436 126775179 936486157
341200310 588050442 430549245
665646284 82007901 75343419
465530656 253882435 60275298
280721255 813024160 995587517
600877892 873472665 222211264
37250721 401861697 976003772
63291582 166713846 500538205
404316324 268751803 930139464
158259622 348524208 467961553
891725371 755598676 477596594
2063970 433310843 853429379
465327926 433939538 392076330
56628137 711790736 142981152
100091731 507682712 134406733
332652978 958652168 767606039
751549618 216802034 487651085
732212622 814409476 192463112
764351874 940266428 598828874
821085313 95263103 31922968
340410288 638915388 780838537
235200182 171633478 992571752
883006972 107429153 812081244
336636043 803576988 670077484
829232485 620147429 29049128
65997963 851556922 487459350
306824587 874279589 62363993
538945769 31752556 402002484
345779054 849280890 79491314
134809537 269535565 644405806
180763098 272361207 937403694
597860620 677293960 600160701
555756192 709169022 712974023
37358956 25617145 280657685
473058980 195138710 477686877
439802707 568413215 696959321
251803340 646048269 764653639
852179698 349432564 15774113
2394344 513907065 117663711
359579258 541418191 822149215
458811353 732869076 776429647
320881753 456454962 597325071
754892186 510481396 634186074
69462104 727752201 988055278
802760401 825050315 768290580
258436109 88673799 607723085
329205068 772011614 264623301
197296717 634632623 341518950
920192664 275758275 830497184
679860465 579424975 186921072
42877464 657929891 426538824
775615716 642549069 363015006
482164398 531858663 714451470
599186426 922418578 880051496
33581529 210615114 547891540
595657171 748629939 256211276
880730884 578094832 390413567
228558443 815405963 663246532
294079039 815087724 424757385
21225347 301633022 216591324
575800648 392449809 43692247
907819123 922833247 828223360
885414014 30564768 244390380
278062359 495697847 167873379
279233000 74102568 271588404
767782935 357998535 263536688
852462867 852842390 934061395
605566436 40231509 440284200
142213111 893047315 952064089
651229915 89972400 34387635
600518124 150311103 583849934
860033272 175995984 852769747
623171358 727919649 768906912
332978846 791838590 823882567
397828349 263243560 904550097
740759421 267883802 293408426
309602346 859160148 647616997
102723348 167413252 940008643
696797884 60771511 823531579
103729322 861884632 820047438
475403468 200804181 534525505
811191543 555608575 921557547
556799093 699199203 956616537
808633303 736327146 478194984
936214841 372550957 30452607
774568462 208447410 999540868
438126624 582220195 255861565
65461107 876037893 182564470
390389847 885153372 151231117
276821373 892951777 325136322
291220874 860107415 14504924
985345989 881355561 291989466
799970278 686496592 992492500
545571132 484326252 506685939
732901705 828035922 856902978
269273526 62618664 706899813
198535952 454812562 877439229
875456368 444174103 915585549
68659591 941939188 351489624
991188917 569641496 424026974
860419332 848800351 382161715
702074270 714430817 487337716
749968166 703405664 252535771
750262521 657459686 683248334
200285027 119410832 802349207
827471546 311665993 887190943
346268947 552799730 172833826
461993438 407458581 871795990
736825733 700154838 978620732
728981764 955557641 1044358
976111957 715982757 885287271
150625437 412122569 211335549
619652872 572052024 47674767
555068473 392202091 772271639
866274314 390799827 694386592
933063229 297135625 352091999
261765267 326372883 447745649
619591108 530440638 284771293
552757693 338409834 290180199
418512927 904107472 685967787
113165544 103569275 415562031
520518421 592056101 566829906
108472850 831921631 683939375
928994184 972643247 478441350
806480462 320371624 677912417
645781782 486891221 264816046
556360597 730955356 799666425
444270976 291308894 124019824
746587732 354649575 223445838
59915090 526988860 278153720
106314419 251544253 751543196
943357257 421841851 650309701
796459666 784252387 666739027
195781060 763077829 988849728
258532380 662183175 386431234
577499559 90578983 982305258
416149058 796400153 693896296
841606594 592735732 191885512
839140204 167809885 577710963
58233277 602255910 345983112
12699980 533203051 20739353
974507820 432999736 23958546
795356725 33758035 245219331
980757144 122621900 92687582
201764049 185496238 663223181
347321600 195548548 535564533
199604717 799805449 591439881
25560309 345602640 82514167
129520277 955051902 576414255
556316599 110846271 849123213
638977523 966357788 759673730
380183450 36089506 547083301
904190517 304330586 591312812
996714222 666438033 188548843
873748047 907388859 555272348
10114266 923801355 560988022
373607780 161152977 886870965
220182903 569604732 619656587
319216354 389906553 396071931
818063358 83836307 335259537
548472454 894317416 932355501
419223689 451801345 809371662
842031609 767813495 892452828
446081012 404607576 381858362
782157578 841373104 711290635
788214187 925102993 147657121
592087147 809747785 191286678
662384714 854661455 852224588
916044320 729673572 260482924
516682081 689106323 874008169
94327677 384694670 131617951
690212051 913598185 989718820
979109203 424053891 30710457
319064600 503179067 840526491
897686642 807378727 47087307
416593626 898918107 721370710
891746971 445003147 836563582
637995444 518527292 506725961
805588364 218060669 455649883
311038290 987702100 880931977
779749325 334248286 314723103
515185278 81154238 694095923
284485534 621044161 372262262
620956560 484433691 39047961
159540818 468615298 854421449
335202084 23147403 728319634
641222260 761458891 847929442
256475836 468441236 322114190
662607552 663546296 585422575
554463736 309476287 749904416
293768829 96851931 375611992
382021786 303404293 559203840
947784013 688738187 43824678
654808637 588552646 452215184
657339638 595303779 127582843
822446555 443761841 552548456
822696660 802464708 96417974
77922758 208577457 930939570
449050804 959380712 661204095
544202994 41272196 971228117
839073819 403159045 627037510
766761475 507709567 304988307
533160702 319174426 30084610
997562267 963537850 137279030
478185025 318103518 747296957
566858026 374711943 853067424
198603972 980202640 678433058
78393605 538530910 585163772
717552073 704192636 863558959
413862779 380740160 487204534
330465461 426317908 220613550
333781291 943710655 372939692
812548147 356414776 889118736
465808175 590060252 644979757
237963868 145408382 507678249
308718513 219838843 279075023
863494439 106457324 48630351
335984243 203917739 508403287
158460978 542401093 556884826
548797011 879330126 179961435
444766231 594274804 640374096
515519401 149547304 91631604
798038928 268488161 276258834
524457577 813383766 184257962
321129479 755403235 593631977
987134925 503637234 276973044
858715559 878789518 714507002
658381757 582754926 210271682
318947879 749225720 40948637
118320663 316520702 248433768
333976126 155840872 831633645
67008108 912955350 976757875
769526973 659669403 431565926
728265243 198511815 104415848
144636143 801295722 707289525
476814228 230164928 686639332
527839050 497231199 161959231
233926494 395729494 686069133
588595357 535966685 255708474
373669723 40824888 231998770
276978518 603279905 361415543
981445629 729688304 102602147
109022191 343290645 744164551
602326147 499911001 513493776
920660123 465224299 524327028
168343190 402200764 966644274
552750902 885836849 477989959
652307256 57481285 859779619
949006529 803685068 760561650
329617888 818125827 557011549
393536456 886216132 347731507
440010722 563051573 972461433
353486631 670182678 751837572
575446884 411002474 331254881
243738314 533618501 340582544
808495494 889460702 5836251
180308121 298953737 343753615
52597976 964616682 763490901
486938052 744836453 846925122
238616326 479844091 600226609
680532627 159138585 69749308
700018446 496520618 850592692
292177869 187700815 695942105
345075842 586227302 373131415
8396938 720789578 130661299
706801813 431084105 772823976
524604597 402135676 300271590
876300010 917029864 482432757
95049271 542336224 902853672
874486571 929272468 116602249
403396216 987428179 753482373
647981400 726925400 803557476
700722256 918885194 810045128
65950214 53721374 657056656
807838796 654670780 669619592
892470313 919995418 324995306
114481333 624745420 90399161
666512671 392833583 818502550
613786101 383405872 991093529
434203833 662353149 112741865
253150749 359400142 204752965
965597590 260711594 157362525
526166936 549237691 405923316
97047591 583320854 195848500
188766404 404156977 650950634
177635915 530149115 564175438
461787335 304166833 709970691
886955601 447167881 721006432
565829272 795365457 232818097
86603546 615717377 130388766
319541876 177426376 93577353
368252463 440748815 233070550
768588338 400223065 97699358
18121821 542925170 251841304
816020300 187305549 309878159
340800128 728527611 309408164
726519470 512947441 108811394
839713984 344102152 208606227
263056712 942844660 228106325
874262145 319935179 1206321
838401719 309947088 71389508
280976296 364033466 514830114
625766364 687347291 243032005
34008047 349741972 549633829
333542256 396665775 968959347
166951086 498281175 165721980
88322316 785911267 6860317
34237625 392814962 237822260
820951244 753640800 87447126
507926205 513538706 330467064
1305793 730971651 647636755
707209757 329437665 247867244
878832740 352276624 452549824
374660905 861750338 255723050
184082903 590710740 662807298
523801246 385205607 320519040
327066020 20501926 244304360
563723605 3599790 25382677
346196358 96089376 900042483
382559199 54307837 255647940
259854305 410020303 88336456
771345638 969540375 437231354
10048649 777433130 839642198
433105628 528201304 758913578
613008860 102459515 510555170
124931352 328859941 75025079
886369320 847952836 7229180
294997041 721444259 374608547
878819594 494716377 11114965
175765815 267865699 693916775
172239725 280665703 848873595
789576285 254820585 347534984
265858033 520039286 170881374
635150922 184667052 55141892
542580049 722065376 308564383
360085236 717190121 105513206
93970475 194745250 639594121
347574126 851573443 803463011
232545510 296670990 167222284
228756298 696989251 813188301
418967248 98438208 462511816
12034779 601916081 402250351
484759418 576806243 409448065
648114757 732678854 835101280
132204214 572877240 174369284
251295429 99967598 423130804
982202585 970093288 46305994
386182231 559712042 227208874
691511333 268655032 603080244
723300948 420841983 311579760
329475760 190172164 335862277
440014434 611470382 835059583
585846103 225670660 260276110
788229890 93803565 718872123
634779548 916338465 695475670
401921874 554113180 459587333
923291983 306690015 621304679
410452499 55744000 878000635
893342777 857541510 372979136
706978173 920689446 207294599
794637341 33993034 279162753
154643525 439990 33713305
621488192 396979335 331244526
681370799 85007461 198309301
285666224 45145790 553142967
109871598 786127719 484823311
975648223 118176529 44057732
92842190 93223627 124651937
800776867 292265136 951638737
716175335 183074352 96611781
791515022 587939456 928149743
92040329 815512335 453920393
181280402 154613824 487042234
86033051 885787947 348119747
467740992 290770302 681912202
678429317 121163120 722491311
195601671 354465866 770502893
288491458 24094555 416127624
73405515 689543295 603052558
20374277 779669091 112892086
834841738 905217607 759322096
874609991 48120675 807746149
632878592 906817858 795691783
977489805 218849962 389758124
929529204 624025112 850370397
630594622 188915977 72594043
929013817 280281593 852044424
700068187 812611108 780292454
255480817 664200653 609393452
20521247 115842866 443472656
824133104 794317460 701201085
534319311 507186932 784926532
628780681 577770379 679637060
693817842 981973993 852419212
696209093 375920788 117689048
254063797 157135913 128963133
890900782 191858684 614343761
965113279 516597019 719905567
872020641 948055708 208956762
595002121 78242117 277564598
712342015 179130318 974810546
58872910 90224506 146273848
608919693 313999898 411894179
537402868 276555902 2426443
960438737 253709509 757674392
726563704 99298503 365162407
321148633 35296113 301046256
841188870 891701396 344671088
58280034 424191953 796092233
284947263 102699238 784597254
900496168 563378766 503474898
265568064 592811860 5896097
112518804 884431511 914659389
266323165 839935199 179104312
100667437 58014572 593270675
430208096 239327910 117785577
84542860 260573222 970176314
315621189 782813608 302171380
911013465 250712123 72891588
185689296 508866672 155084570
801922228 879585896 771919032
926190794 837089487 431844595
712264473 947937116 232380836
269731611 288845774 246033602
899691963 164438758 478003606
91995481 68155817 337812245
894901133 501609420 751555891
318362042 856390093 607711030
484862219 948183629 476943029
710326245 777666563 390831297
853454991 731710644 366785751
843465858 707309012 841390418
828610816 864158393 292258986
701009399 96951315 711940476
63480987 133449414 821881446
493620252 624632555 469913995
574830352 966193790 832884630
76835532 373859294 520493929
777824930 911094508 756086038
671812307 30028143 939108479
202868494 667292754 406161758
224988130 130704900 269655439
616767490 577341044 146941337
417801033 12997440 302230190
158474647 187641378 961075360
525202119 121762570 429119338
119058257 776315816 610895874
255269242 248891889 827756545
331283872 853358085 212957243
811376740 765951984 662451738
657047228 578020569 503830943
78284929 835536852 436631069
612584600 82080969 585036824
163165702 117051262 861728898
99403520 107853406 940719073
722546129 15389188 184156293
447630057 698146153 424417374
646735126 745326848 56437039
456377972 944792754 52305624
262103133 288967720 974023858
409871694 836636346 872727549
116209162 647373176 55516144
472798822 225670158 542719564
43886171 384942938 549851671
732340542 909652505 397009304
944099193 459768125 884218363
740990837 74524243 513227167
550506387 694924388 306285093
636303735 450068265 206790276
890691175 974573304 310263362
52756814 614951056 977678473
379065009 190644182 451579965
341975616 897988084 153430789
124362273 436074457 808560683
536181834 196436577 580550954
341709180 220460346 29841977
847937975 507444835 218860688
620388022 745488556 909225476
503904850 170169124 814766987
869841641 484361849 953891992
969820866 217939578 637386590
790971023 579490578 438464203
445817701 203146017 877746461
856395756 293346918 107955336
821505057 486949102 604650386
132960825 505051597 168364871
167080288 195598513 88221534
371585828 437471222 122999428
888040371 249376651 749388477
228692512 332066565 622727790
305413912 201085026 369273190
412850871 923837186 349524663
580372469 509402218 627645123
818242188 331742720 643467313
598359919 480398494 343861933
10590148 866665581 468477626
579216934 28017610 499399075
825183527 224185504 587687727
481768464 599164351 21777682
759240497 759747483 497007874
111546355 110642273 655768924
533874490 362204908 931171323
712884183 636039496 235048977
761065689 640769142 79687216
382575104 558628925 267321708
144582784 787895493 885702696
814659886 925397755 341898257
560662964 168944298 536555344
706950476 858759359 738813892
344963884 192686616 993292494
841349742 891441293 281724483
4452176 812979834 713843383
160608212 359894917 425591923
623429340 441217779 157675618
196017104 120283575 980712796
518066937 696543757 851889168
673584276 976023554 29906654
917835202 874377217 234958338
854659379 27581364 578204672
86337561 812939358 152775554
547623235 167917400 277807609
299289665 841497549 491220664
575469619 706350557 599121311
321343877 327210779 854039594
41108985 650602430 866510302
415098182 611800859 999190131
269471404 345265917 622833299
466730315 235433292 230999942
787394407 303743251 586849931
452272034 586344000 942328537
250852088 511224523 787330798
883308447 607510378 103482200
908988325 146254379 683958039
167862038 187015385 94748589
877221563 653209668 282648629
920078992 914559199 245563866
738481436 166773840 232652965
175442191 307192844 229802815
903251677 385858250 564813918
357992558 959183341 185350296
625026408 847119487 774096439
129384026 378626184 878929196
584939752 766205479 927231700
954430563 391967990 90489354
55025307 103910504 937458025
32905640 389910411 863750035
734682086 121961147 23554263
602581293 101171458 679758736
73028688 255256708 904922437
496514323 258442845 460032616
788681506 907217978 564800166
797535849 376630778 3443408
455478550 809146980 334596393
524225140 675775044 318774866
926027909 701336386 459906400
351994023 167681402 836792016
364366142 451043627 884138022
374106789 361703665 619378163
151638094 239466560 902417323
635060245 323329803 190841212
33714813 152736114 935159538
628514220 264323358 926696029
344391643 84908864 314924314
202669118 772773693 693082027
892010512 636470018 95237749
989199911 698562624 430776914
119397048 141489338 496754429
414708010 650083703 560126289
941621824 251297832 787367023
527739918 251210231 772616321
799932066 962739468 96999955
731333542 284961920 468699246
501626810 768741028 483742308
602315716 245209600 214939851
246607868 962205273 942476746
359142099 438419915 53186776
123039821 309965375 301106157
676504592 605900747 15830083
852307559 774471684 984197572
973771212 604606962 97097798
705895961 17894730 592744396
820057225 670653703 981487404
703761933 525932053 743781638
6332420 458091482 627748245
992392370 93163636 720720935
169046885 178822091 938241891
64051569 460344907 262621066
888350417 811990781 852333510
334647526 901919480 455646707
61472764 889647246 27381449
103154904 709610960 623253500
308223682 7901148 500802243
381182164 267052327 925096341
98935485 26744695 940787975
621214449 594130064 24626753
359735996 238042613 154514584
405903674 193431 317507934
816597839 830059622 81853227
891440126 789256742 28286557
601284584 846058914 837377464
782088033 579595456 715136518
273879871 755117165 98123953
691022828 786124254 479336402
157515480 128868845 621916884
455438605 270771762 648106057
927538243 335332562 991124642
618242050 596515854 98168645
545535131 633658496 115003809
101771263 505245621 755949537
738075496 38474403 747487751
421074150 88124660 504912503
576125899 14650262 351356223
872710918 433436103 395160846
563131055 703318459 933857659
903631559 407761555 918571075
4325674 633892509 48822084
505153988 638236795 816680477
691844587 621540026 475422316
572255513 61564839 515917135
225108428 678890116 822696562
832940765 403483924 549484813
319574635 979483784 585970874
14772180 791471688 431686129
459390818 831543919 680801889
298324878 216781905 338019933
592868263 993956146 820290660
315190974 907935337 14360747
56955008 620533148 557907518
359771418 334089002 911170514
130503103 962541999 17326363
949340393 366239663 236087458
101238175 305165935 310117505
620372040 891349867 890492701
505344937 60243671 693825198
440625156 751274090 788118675
106312327 101043946 157034422
247886460 585487753 135843880
152747913 623776980 574464473
738997166 674899065 738297124
653839698 655923815 446419152
63053984 669673767 336868999
261733929 311035073 296289116
979499969 691145625 439399191
358603352 30173627 100057412
752620892 926685525 904638812
534247923 638119720 851881785
426038538 787768092 4906394
773302089 844674242 719103343
380501773 373049549 677420021
528946631 533017578 186885716
411668450 101072399 488629312
738486781 343580885 381877212
676715661 310597097 586711978
650388191 520167267 53430450
172763208 568436491 240659370
977356755 439845463 339174290
797421502 818267936 550571213
184139667 671346317 571293238
258036853 373437953 987899749
202644453 874489841 685051853
818319906 182870923 972814359
331627533 175275087 120666069
307909045 255510892 148673629
698468102 89617191 446363251
103803817 847993005 667401339
792756764 127353892 297669331
472321322 365162123 109573452
993863191 556677106 169099877
950210649 126586596 795343796
151851013 505519354 831129996
155844443 207208583 908289736
769548342 840753708 962740161
878360333 256326359 531536406
954278701 681184861 121555412
853462684 970804077 563101142
596345373 220444703 523704536
418997026 9521229 78672301
936378362 781226950 472828171
299621845 372015440 339327349
41212354 188728259 232174860
10964654 421367505 628631004
456193066 416444734 526040801
598695858 969073740 503985094
308076245 596172444 322572284
855192993 18327498 483637383
494912543 530193225 133652712
196785308 724202052 85624767
449053390 834003331 413568040
951550460 886963265 736298175
705987030 764989156 579229507
850968204 373465344 219068923
60337458 902794876 471993632
225234695 683593941 159394351
127765700 883703500 726016410
762722804 692252345 689073956
19797971 185456417 272163147
156586263 730584900 738331122
515187979 785905699 654439848
866537951 803947086 242453883
592571860 703334664 183838563
657934872 830361980 950159364
299522216 533111682 868359904
818518648 231281856 85446871
234297792 433306319 398570119
398376784 451404843 209803177
626630246 359566119 709239201
442336858 704594238 126862069
185486674 829006573 250009559
39677116 632160364 324579802
223888471 147332818 946502871
90821359 322821974 342086826
832077034 71496506 96303477
512047178 803061069 778840235
438887265 481316211 561855171
382280873 969177283 786717504
735396596 168605582 90220850
19025859 173757319 647741964
774233270 289986338 316588121
81308618 74331810 946278033
942497489 780243638 86634328
506288923 8300860 759230398
827648305 628028929 60334362
783427116 763293109 396893047
337181955 987087000 598069773
984457825 234044020 994792318
815063896 474326886 978915691
178328523 448941874 138853718
682408537 712553062 163378376
193672741 566155255 10082170
567714309 905203559 55167466
249176503 695063409 355305299
665219359 833744681 139841845
144708404 3240166 669276773
427049888 717609473 219545350
347297603 632057667 836827209
927810185 298636287 842191097
728553346 237149781 710602399
338895015 985493764 694151136
411608127 97580602 668307375
831707536 678408313 40285567
809556752 546129256 794738395
123593450 262034112 708087702
921497976 990380881 545621774
660376740 473324996 587949782
468030757 904296264 761705917
126901264 884917088 807959966
787480853 342828394 607452248
845250146 487793188 858901148
330894698 205680993 948928782
515373474 133799776 423056148
632830926 215798900 240134269
350871427 317855567 677018162
831163325 332263969 584344865
965686918 41099381 754693294
308857565 164204859 686163425
693179393 194040187 774675802
52044630 685166237 32786452
3512903 593603056 503545730
325395362 838810043 828682345
657073302 735306825 175373147
489753252 515639835 274258410
645892451 63215667 647364541
442400671 558473131 168049696
452031822 559351485 20855444
719607770 393603810 828460883
682862482 289403542 218889455
177596644 149258155 435412409
371867154 565218645 389531162
779765774 392544590 443855376
656000889 117995676 82376298
549587880 789160870 757152461
390820503 865080139 624060094
55188664 610085401 569195658
979832244 344924261 814055499
335055871 171265326 663980219
609206349 174661741 545507722
219056958 495908287 814995450
638843553 523203175 174559658
422860798 630614100 425856571
421665902 972774529 627476567
423934360 113598612 648996581
190299361 15507445 762372470
410308889 796818649 38165916
10590274 450136256 245001057
535599536 545836791 724187196
227814094 689734691 622135706
382024694 759921176 782642904
919369266 331517781 957296037
927443298 667367405 662031390
379374108 277743826 717375764
229260160 532651170 832168361
497091545 355426079 61395872
551396599 882614630 23883649
689672426 232856405 89032710
493383095 401100381 666242255
759240623 655565360 211633715
456869916 594505734 435229525
388606747 564470998 225151732
723870666 395002202 844651601
457886368 968418865 208523848
431134176 816414261 103926196
554160868 392231079 824687845
283147007 32951423 259359776
829397188 338710308 94651574
53782089 412778613 550885149
890150210 480276113 319852132
110405861 338771749 86132173
174550247 514304556 157830629
674033064 896238090 501002340
502163856 254308144 430013667
784731527 407849505 438088440
596390817 574378524 36953495
920342143 211031767 139701861
872787540 520390589 851063908
28839379 63112594 972907556
425271392 689817666 32011114
210115748 994222552 970562946
752119104 650010189 950791343
20204841 702721035 669213037
356559938 543275537 361966218
156543585 226624461 728747280
353843878 19465979 323240383
125671910 668385404 641193802
21279702 36911736 538937739
812810692 682251977 739403916
205000668 775238214 331157380
629982616 439308789 922457862
687262113 671963468 406261628
384538266 26534220 560999075
219222013 119945719 260678147
553726709 452428732 566815982
187880725 685788668 451727737
934190626 189531790 901362983
642351473 914245949 419468262
880048734 74738527 57285772
881367054 780903204 770062206
284473999 655160247 781436220
328872254 459817829 662129340
938930018 744115159 277024260
376828114 383829816 417151307
7540186 806173475 705994750
908184001 870201431 410818981
110215309 82205023 38904680
428770052 477464275 93935095
977106360 155379437 282149081
5416345 502416833 836235895
957943466 997722107 921334335
108042925 96874259 892533718
957521019 186486973 321864969
963421448 429442052 263257767
720361328 743104626 984369711
771512293 437178848 650929239
234164895 234099771 594468934
435286152 499928591 507826993
15397208 456377321 62767969
242909383 502129471 495409066
327967934 590689135 410545068
296836979 387691665 272260451
703313794 177106821 573556127
916316751 272650737 53596204
426639002 545887534 382090787
971056502 822044132 252576809
415813302 898682858 993202156
928079124 603543864 597459839
220934078 154558854 481679620
10933943 901275527 71635698
326286260 116358048 289527687
243193703 726305417 470113867
504941399 305025730 277747790
948704232 416899193 173041116
239222244 877110062 683313149
418974535 507354425 672709802
215498765 945034167 563158394
348776685 3318288 846912164
795355394 285881253 485883392
602284673 265633133 169544112
366249578 28893878 815676906
879506443 410328002 33746692
818193368 849273565 612570567
522855625 240854710 560129202
497558075 426506210 887815403
299465052 590430712 539985339
601897143 45583180 919110538
845530613 409066069 163450876
761070839 840118474 706664279
979694998 655391123 887587919
684752816 349706694 207879517
923607154 410773493 761198979
400424418 411318791 851993606
976940115 156770656 56274248
175476409 585640820 47098562
845406882 764383019 275819830
182798884 940990813 507709768
833734556 509699184 423982989
643782133 817720381 308602227
354281954 74693510 941858108
535940858 63372077 798031356
275856619 292290036 838626632
212018028 470051238 486212040
548337307 935315646 524163731
862440183 876549167 356814004
928005225 619746555 751032502
942250305 262269892 774246522
657837530 679571325 103290928
4753450 73204628 791750905
636402722 503358783 952833443
781835854 964959173 828283063
492657926 773477297 192410070
189042922 276914856 775347597
80668054 287180996 363820251
48106786 572593469 412594099
696619043 242393889 560069952
164192305 112705450 489944251
63641997 458457727 745497206
721233346 117874900 567348976
125575625 218824508 694489400
332571368 169608593 137431666
828811793 609340659 470711209
964812001 283764668 613412000
234614996 423831319 992491267
636336808 329601789 583341372
714859199 629643231 499291761
485877709 710680508 105942260
972607862 933457035 752687472
988103706 424501951 966970090
387653892 703048763 963398159
211217301 90353529 881439441
908359650 746768912 508505271
452462979 963731371 935747165
875327863 214284027 807624585
90754091 844586184 151177667
157335908 464200882 48694779
323610351 142319137 66745205
459070658 862831466 64287041
672374475 459920946 802681373
209314590 647239666 295598818
882900703 242099718 711891529
948672743 432410696 38292081
464764254 62756183 85463785
682880140 273750398 451263684
900405959 249939219 416721610
121862893 272228877 752723778
38048969 237640759 918166067
344853484 795403951 260198938
185056805 385855409 871734482
28760851 83364959 352435490
41450391 498667047 111802617
328059679 865835810 901826833
659448530 64637017 91292137
489016567 915146347 628500418
702926127 30120289 848624728
165449605 245229497 287001158
907524731 691960815 685640926
953705983 984159963 579172149
894168477 144305874 579520302
757350897 813728814 980326261
403345543 865129685 658260693
561027396 447098395 589413573
705332742 391741080 874218826
763801128 36999860 861237130
954598384 522132393 516816765
485768256 706693056 587353539
250275773 835400406 696784996
633558993 375819822 385661337
681773681 461846961 105166874
672556424 745597968 666857622
875567840 103765273 677504222
799682441 716681760 891536520
89152090 892453402 322863057
861513151 467105935 298712615
513243662 437109317 475529665
150467168 731793240 359795376
939748676 284814379 400113963
295303359 105098354 58208133
349457169 320894474 152853404
803444505 450371014 644574939
70344169 690825602 171298952
799738186 26264905 175201433
421445147 142827817 576219975
367251535 695119267 981839372
763358236 226735964 574193095
272543841 759909427 720919613
269055734 800928644 984976642
434416606 633537483 403497245
501628153 73707021 90998983
480933559 501962070 464473141
518395450 69312337 283790275
276778413 737951826 781525284
244493555 583114858 328567983
781950561 433465043 620923888
86204988 231049383 601366369
654188533 193505891 250034631
111706220 563471207 824215667
797817267 647317565 468148462
907978023 10560207 838459448
314035631 347106099 878916880
95558192 284849219 62129125
820298215 745587328 766115973
597585797 84575862 944637956
886933917 508502484 542532469
753901898 361188844 218783786
556736897 407113103 542853966
305585699 413151837 472045441
620819735 351756148 72114118
454532024 281876439 806114933
142010614 311711106 232051869
865620762 210921007 299290693
958855965 627375751 556463022
173260775 544479381 540842290
593764680 855220414 830318286
145595327 91443831 877342626
731817310 139528147 279053681
406889895 341614103 904961606
28104171 506567666 130454216
182158270 287259024 633584396
538652262 610032127 521531001
991594695 134458673 711554333
291036430 315039103 597604473
938381463 56020632 788670640
758735999 246608425 980068084
485473122 192903138 626160123
999872635 875243990 285760060
533298079 439566883 934409931
339514711 997172539 735271895
725417743 277315944 630665716
660230411 295257470 768071103
704613300 615237095 109718840
934897590 122705390 229378430
29591738 269062146 421383774
741758372 541609405 506833352
910056068 58315666 80005200
862915649 881352667 330205798
636722135 86502106 80261513
45731374 895831369 214160446
617769013 465578375 750170788
921674242 243869695 731616208
25001754 606596776 482826613
218816141 420526074 320574071
574734369 775610173 923337635
107347168 190432486 919508919
296052064 889145164 25790854
838364734 265614624 52289671
423062173 287111772 328013930
757833512 298180361 486578883
479569491 150576213 818744605
110260857 412109921 941425541
374062975 294078960 220135844
910705700 424703760 968424268
131507094 857231123 317485105
287955772 19493604 366014162
13505537 605519866 788764466
713428171 882534927 558652965
12231991 459866936 801599016
312745280 301663329 436383171
797567984 596184910 659490418
961924413 707206310 472849267
334079034 273813030 151866775
606664930 373228168 374437908
473775770 656270412 503248534
364723738 362004823 89990506
509196821 979701580 145710740
414354917 438667138 932910286
155334803 778304588 453964297
976061997 686108132 29312695
386867551 431929270 605164931
199050736 909038646 832712884
55513986 470359417 37096748
370564584 487669376 366884953
199407094 309413568 487816189
901807252 131422358 537774258
181125568 749483675 80200112
872993735 534323810 796670039
939156955 532681236 207845412
166835445 331580210 528340658
15309320 702229268 639861586
423298292 212654904 447212865
563662977 273366046 134965526
507958460 441114586 192682368
936577141 284866364 638965326
203812653 984101894 58559115
366015816 749956648 428702276
371122213 175342682 634535464
259734406 571836072 638585799
297609894 898366908 98989461
861203428 646284434 836734447
867635367 939921429 742499127
636640853 904666165 355523379
511393108 329911833 546778194
748982379 892752941 177765436
905896225 654783116 188173570
636194620 210254347 750633109
655329119 807649703 735397695
24171533 640551798 1395592
70927524 852452446 258838347
826138927 93552372 212801148
80621313 911910014 393888547
305505952 458396310 372960056
792910644 423245724 660876700
444693133 750417994 863331532
283988065 699864306 756208619
539631216 443720873 707592081
491462649 582569363 993139177
674438924 424378416 890242236
596521226 738225810 878923699
354142768 511619384 306029835
302317945 561001084 664474197
835476383 639403577 103920021
26943747 618365556 991704656
823073241 252045466 823486265
496592446 119631126 308959106
486884512 56392104 387420841
408291054 875082004 33089597
449836949 423505983 937039908
682775008 339868503 289922711
764405298 497355476 576508903
710742560 301344057 766757680
774875844 581754466 979394286
143035658 818239911 140926750
799665350 64794424 912466477
949902291 614685300 267009486
726246340 95368662 605111736
174063541 490523518 732150588
325464878 758587748 56462177
411205032 671622548 633684179
479868467 528525252 171578016
277266694 536180076 35733032
632218390 89235756 24080654
770126551 471701507 475831178
27373981 463821942 381772513
785761382 349721733 406160799
230765712 180136465 937518617
648898107 3541920 724935329
816058867 898008761 937896226
468647083 118511837 797758924
953515387 322865058 556027792
19140134 983496226 246483490
56668629 683655903 555809613
716119242 223759504 202693453
880312391 817702370 526080372
160183937 849624267 505843765
693352610 890246058 123609752
456083879 570390281 98393950
885245504 872541516 776217244
503570663 273305891 299937111
322025171 840732849 232826448
603886155 968554848 659297870
751023139 234972517 350727886
838094489 875903374 665186061
683221264 484602871 31702138
278302814 98428817 321970609
180653197 299564558 795396978
168061490 740702537 266533770
519096579 16778799 951619349
334667461 722922425 441611000
917529103 67612829 179548663
584299095 368559334 841323123
334411704 611486345 909373525
731021840 593652405 833976643
287433912 576010240 331424336
401799189 739572521 452798250
709048278 560118500 985104197
335937607 708062834 219604421
908055896 671263376 447006983
94200216 541223912 667018697
404587022 596331203 830974524
821105827 734214794 488295430
428384274 994200523 271757493
81078672 97096744 693714168
240410460 864627829 588339972
290834857 449465510 896620018
312516295 158502956 536501271
584286158 930363371 545139871
388626133 315250888 144266886
934007343 951549315 521401996
620006094 12437065 940868863
961897902 558840345 233348985
358518606 111725259 960337889
422167918 147941091 422878463
585437821 903257163 48637000
905369951 112679582 655965480
30240570 957476321 522169635
153926823 801435761 168267953
195194398 955117623 232955094
912677982 831719810 140182254
740973643 952052766 579543743
271113718 872531709 641289501
400369879 27806625 468319148
319662958 927470837 124914103
331181337 345315249 333618001
929525136 406839877 954470701
434223687 918348100 824657293
914729964 677943418 453377636
712805935 439325556 228712169
822772536 742715433 801300590
614785324 542085238 579032233
732351571 919254164 924474296
342245047 356737273 420496616
276878746 231591255 222869660
597182085 44642729 973708599
396320362 562182297 127922431
243003978 201318711 159667052
42965677 361799907 638285925
495935143 311046102 449186031
138459778 495116141 441953077
981006575 423929310 50659369
931467633 651085227 340378084
13587483 5598571 373992542
816017774 629642185 73307392
73343999 327190898 834054266
941815801 977765704 399505958
461306100 12634180 147307528
31569136 420768744 196374069
385900669 224621176 369988595
367657193 688851710 90166210
162723042 310774171 790871677
373931310 766135926 381398573
708648075 716176383 456404029
510463287 461068110 557112261
190353744 288929752 432520
68203509 344216196 206463362
475089896 777437759 686542446
887314953 552762396 283818362
287567245 384364839 588168102
890292836 864901851 911564069
436312561 267061980 946930177
666264274 483091503 648464973
525953775 342887938 160108551
312410811 204402272 89091827
482475587 3257006 235358303
119278999 223592984 682140999
961887068 169080893 501436422
327658770 163666859 704033229
891317299 309391553 977633511
601248239 152964635 146576824
602649984 985900903 185191184
48202301 444374677 589485955
799057662 490716336 13567513
133640718 183263047 406161096
447579301 506931781 290278739
784206061 756937460 239020956
430096644 622811384 701301272
787166596 308088180 793351240
575316746 491670341 129447367
258623394 826821680 733595588
755679547 842289038 153664330
406920957 692358297 517068256
155362309 669296116 136602860
487707182 597048730 775042023
155797832 289162244 960599717
37705261 501801867 515445403
33717463 194354973 471062341
184920115 548114153 491104619
696312174 684392735 124845654
727752613 434226760 473627172
530920061 17291163 981387963
268517601 372696515 783951544
407596446 496073068 440264971
299007093 367357965 656619724
215977599 573608421 611029986
362787492 282075808 659822480
364626582 52025144 218127044
836873543 541703526 890203538
560281993 247965888 646039952
204164733 755203184 995307998
534942817 482452832 758905448
882884536 987821403 348641672
44912633 535399985 380709882
982454172 486251347 305140474
691131791 340168141 582688858
516771822 761707048 27264475
512586314 948638627 223520225
709568894 805138970 608515520
501100167 630410411 606777980
88755794 473278091 815981515
803329738 723341902 881191553
608119113 781139732 89318673
148795407 156714079 699574523
375296872 753060927 730661228
868916352 569803961 650448997
707614773 539741745 886966366
75770531 203407924 557913377
968113656 667174250 803737027
901559038 22939798 305075024
610618140 528417888 777684919
304939386 493748721 897317991
958150555 99790777 328966910
991717462 984109141 460687560
779230319 113030402 395630572
157891168 113407359 868081693
592450974 856879082 582015383
318081127 312907213 900281866
782399086 395941049 611938122
614922245 836706545 276608314
677690239 891587083 645155334
996206451 494101570 76872969
809225771 382994911 195448550
912254779 757291710 433816367
453687577 91779236 431237355
130380335 359940477 49605028
708162262 740658355 765402132
412982416 59698346 3384566
585817037 621508902 876850919
470524679 979818445 934649123
750445511 563025344 199255962
769105636 965842120 406319996
26888351 263232466 276631120
13786950 487950697 492536098
755682405 555927885 293537405
480719625 931752329 108223599
518370145 200384313 451037403
491885240 363115743 619429578
684832404 5302917 979748326
313665623 886257063 9228690
240834707 46750355 871210435
492416218 465745924 214486487
411920744 241655389 232412226
296791414 92599282 640777082
574161647 33728852 219722518
671243204 863805071 165350536
125751331 863248686 492347745
933431805 721947895 28022721
295193028 476090706 767157419
867922214 297831527 763207263
836056715 433297640 290573576
109500536 34304386 417680095
597413201 60538313 397549245
618720320 211114789 906448767
898287724 930783110 464417632
894238755 976371794 258321499
719284962 834671587 431364236
608714409 63895792 995090812
897611059 736922261 452436224
298988350 428348239 48584021
497336934 926331884 745646406
245476742 329565894 696929464
91135722 697725965 770541201
144978190 113807516 560462315
438920975 585293398 843658339
383423328 650296181 47612249
914520933 841626551 352073770
427619756 647466217 748039543
848051026 159769159 470772791
276787386 478869924 762242584
698705182 869653943 697076347
917147183 801864139 892543195
274483452 912461787 357140189
72676566 973456046 699164000
859663033 425128866 445944414
399589817 590893276 501630547
966130693 543307315 133802025
396540332 535965114 402939070
523965370 138872816 867365217
387131500 497268174 178241513
230813449 856626303 277085222
488131774 206844868 437840416
416402437 828268708 734258239
91067912 634279820 149001459
14790788 385400373 539008701
311683284 100481197 465856862
39071475 321737256 779331742
304566718 331103381 702830086
479205482 648266711 587088820
562497056 25728380 487480863
975611291 660560036 849085015
354081859 985361401 898140885
459157906 916129051 921098205
541456335 327804302 545330373
325575724 541880319 773431790
993392821 279310062 333092663
960062868 115962067 925797509
352391143 782783796 341104944
136622232 350107958 561130195
241113986 42885953 955482655
53732869 102845449 400621296
902968082 348033899 909965911
711832847 203169716 503519418
92884404 210493289 122912641
430677366 388741561 903801526
923458758 628143306 879314442
418296902 79567473 355144493
162920169 614323875 191848972
533396149 19297521 811106822
89744623 799556605 228640146
152193302 827815655 345111314
257974047 636071192 972588778
882905433 154764862 121737579
443802098 900070087 110745895
158616880 776907079 195199819
335858004 371892663 912438504
594182409 918073810 22544502
286337546 690966477 584135777
626265705 713438615 394589476
281654343 87374641 679647337
279850482 798202342 490476863
876459639 112639085 519195513
739618471 525199336 148206885
632383472 257955508 922720693
228361123 460870083 750045586
584801595 440542253 175313760
891426822 34379540 453476795
343077803 357338205 660918162
117197706 687797662 939589205
715697502 217858368 992157625
991471337 896094302 678924156
648152402 809507398 15644703
557006318 375686089 701693199
422043779 305708553 945583012
82848347 867590628 419635712
166796093 170336685 435860814
551911278 39214764 96299275
105428820 350493891 973989290
687073538 256363899 933512053
61681541 734059753 578313073
920503323 402894531 946261446
227269976 755457806 67732333
592361133 567910695 81693244
421973733 695941963 751496087
98170773 63633740 701283821
280495497 723890958 659491997
804110167 213198370 679474882
601549131 47676101 398102396
918292444 513641277 525567834
672834365 817663815 560793442
174566868 131468426 40654544
147607948 353128219 407932389
354584688 359086461 702694974
23635519 116993672 174136509
812961902 444775526 461704656
491646322 879705152 866028996
326068061 691529879 482170021
146449958 31898863 139101244
815995187 92113336 210270681
979493927 721836846 368491720
819091922 114806527 142677988
655789965 16565076 180920414
408469411 663720782 92478796
176925646 550555902 513517999
117082416 974897022 958442532
862473437 237765339 656666948
583875533 414436145 769950198
781076481 442383879 880421750
406024955 282361358 965517304
791398201 468025611 530861457
919806977 577392193 642460857
369430726 175663205 856030196
614681044 574923023 788312861
908606810 628761280 394285782
11933944 760009262 926754593
45444789 871949610 466834387
599841998 13604631 967724088
686859661 131480934 820874441
929775180 613347472 672439939
20867135 76313937 750435499
