79 2220 392
974898924 628211699 589190058
413376702 18790348 361280158
471826203 574454429 583191523
474429628 118743466 343256563
791414865 805411083 301636080
447142374 700618385 460649270
707531562 679254620 685673364
99574860 594880896 35211359
250979371 129773379 61671672
169806249 134658922 837534616
745183443 365670778 547587833
707366146 341136698 732986299
257269750 825044806 381403039
920144867 825548165 692977888
894711971 100289966 616505811
587676802 808409078 922288228
708421795 788762116 988586456
968156098 519474306 451652886
823356014 461850656 883067070
602687618 373718823 322899048
315075159 197074571 525821475
68038927 511164161 888647617
692636161 426993969 682358613
691058471 864634823 244459519
666647124 100278380 390383351
601570329 222717282 100575441
89150054 974843930 846350371
861334771 215308407 966258659
952186415 368519050 461381776
378982927 689275944 146466715
384697309 681411759 742990797
36752423 555621227 599417634
554639265 429762903 350550105
348369427 760182083 501291646
495956883 896250848 220412198
849038472 159929813 415987165
901279154 925420544 519276751
954114104 580435941 600169096
707079680 296496422 460621991
413868978 392968020 484708870
368618774 638220821 557363398
746571086 254077123 541496771
358102405 795372414 492730322
450326865 988855668 411000484
836353768 848951080 306137813
210492322 183930008 20446072
438513062 281584851 979979379
959573678 43219118 499813039
663179977 501108619 961071876
507977624 643250263 471121399
750435647 128503100 11781149
679676456 573020704 245813518
411134696 654067240 666009414
2237891 368819777 859290917
955264916 371373428 981014809
377546402 921937024 594376234
504477144 732721884 925200532
468268480 459860208 852525789
81897941 540678363 228758492
201919791 137754257 422994631
190004381 842731896 95235410
869339517 40884050 371641848
556493568 757245915 236414686
831387880 778770193 990034537
501034033 570924210 37331907
701235509 92687219 778297259
63554885 80936454 872482302
59682906 967119269 757139439
412277502 206105683 363633699
867248329 999266799 874093995
952142956 23756054 737404
496424191 193500333 671643028
507281544 534669857 663825975
136191860 863839514 640019355
514745892 621395533 607480643
810610544 356715781 705608344
561104345 865164393 27570139
58836371 961501904 87731415
597738227 41633384 931701288
424859016 959142237 946382182
315181062 517457434 373917923
73531691 799699185 852396591
392087385 327559360 200755488
301572329 883288811 494638321
826427601 31567718 58573437
809219529 105613928 136424478
380542809 746782603 456514808
160127369 749097032 429271445
7837822 623427960 996800169
113096266 925997635 741035374
488370524 89471217 927575329
921271599 435527038 433754034
211328193 890365755 758647277
563606781 154421047 409845752
236376019 832461403 609501412
205423802 887071610 259866308
922010574 859351546 605507435
136921288 522220289 329798354
13504272 72791215 7137142
462108522 846660548 673062257
601324166 760165406 556442791
386194803 519599488 243226541
867812963 603007093 30014465
285874919 729721716 799888026
272627023 648998615 866292446
622676027 497456982 324075947
753008067 951745780 668082709
403286350 20660328 457995443
374163129 833977934 778641601
77290190 695503277 606040711
321771122 458221330 468992192
814928843 279620170 399310931
673527148 258371689 333607425
860886576 588167805 951437389
744532262 666284841 67784825
274305688 603602732 578703487
724424049 797466458 820616968
882113712 42702157 436212367
459078345 492759869 160746043
386365782 918202266 989725767
687812350 421824635 468870221
388949649 346185679 378709232
958036346 375205791 981280270
262683224 742038362 930266165
599243613 428731344 12903308
261614232 472411432 116688750
539118759 361819801 633861796
354398766 137754366 295751228
711328245 111975606 662795772
992112765 623537678 916670353
609331846 680276347 102568921
161273841 821203063 982235408
50562725 331060483 540778819
517208122 900035196 585196552
837903599 540739125 582463366
100319353 772809226 611216225
555303245 215196885 955086741
400206239 162533677 473522979
653450718 322792810 887637124
727512607 94921731 842778946
864997640 781663585 245371085
695971372 399085752 949654435
40135514 937918598 817380502
13828436 31390630 17806242
412402685 901756472 288947727
261399160 508924347 690569443
499929283 205992304 621907398
960950703 489154912 682191947
941444370 778653513 222748407
431396702 449371631 811642897
658239063 867761559 334784743
793632100 435233401 369600713
69948554 118621133 947847656
732813724 827567870 673878677
714925684 41747854 439894869
111041526 627002238 430575279
66465033 990608747 155909427
280283742 664776094 945814119
822325422 203409444 483998230
615789085 479491469 475793013
551757616 799476888 570469055
781010157 399143089 21875625
318634932 436962755 312541928
535774068 609669511 758980966
288642304 513645598 715758494
385555427 2739184 295853393
498417525 467334373 244635051
128326518 68725780 821691984
202921744 39300890 396566912
576972275 234354960 51968412
288800278 370207978 862989995
9523148 802088714 276135982
854762653 253518688 14310683
981114276 253865858 883247737
104605662 990217731 237224349
818660196 680794328 504039492
979364255 42155443 648756418
256159196 388471487 660592221
567221503 978288642 990201658
497683780 721025138 230680772
203262492 954342754 245551179
309738613 942532260 282311971
370863197 412492023 950093720
27317616 973683900 778520650
878714439 312608038 59543033
343654838 701534134 408476747
524442810 698039885 691196121
388337495 716416401 212357332
301946303 500634314 743107711
842641963 153136086 659562568
87113496 825653276 630982449
578622294 212333018 712524358
381354399 541694789 196031591
543572882 483665681 179967431
800575242 953085881 338799894
899158509 99577592 138572416
13091967 405172238 333093172
901880317 542957046 177477528
867404106 131504036 667216093
544335290 274391097 577916595
782163186 654037377 188604522
244780814 42647551 901293691
160878963 499503948 423807391
703757953 335585570 913801033
494598811 343623074 330301467
579613000 431864305 704298325
956619880 130606888 716637781
964025603 710097173 511167753
594178923 465939461 93461814
397642255 20358186 757322939
950348489 116960056 230260000
97445558 700990004 133811118
6212160 341701533 181157670
295908065 964113877 423540438
250243813 283991750 237116653
511928719 505234652 381645669
99308556 778175769 639468574
870894115 117631526 60278113
212033944 415140009 255735164
65272254 334246783 349515869
745404487 453170025 389040212
958082569 390095087 198115062
694312786 918273571 287714433
146920517 173864541 23976748
333779635 468733799 248482391
410787900 704082970 906489908
854692382 940773271 468720126
47019256 119777336 878812550
936308550 540498980 83799704
737473227 92410367 883719791
138784437 62108999 307814586
590518775 693598682 598409457
88214594 139241247 118249684
605742658 583567746 996121530
613181053 830344076 585048526
350606983 33527727 988965018
554362745 978786393 500732358
189464229 908837631 435497434
164885263 601480937 666412751
1642256 937617007 157839746
890393613 136742509 921332804
896906399 410029143 346050861
67998534 402556345 886087005
762639638 17221186 979057637
663736210 665926427 690863989
987792366 392345927 65287143
611568631 73930433 49288059
278398391 980160913 336538023
863164322 635043135 703147442
790485616 681732877 501028904
563751665 975470141 6852744
250918800 775994703 857325966
207988684 217137707 145567048
909107569 480753868 521927978
841742351 924059495 619171423
428408240 909573505 719116229
473904051 552101231 51243350
575865374 135757225 242632813
834159351 598749484 58352670
86587916 289613040 638065541
46920530 488169435 97554844
187816595 954530886 505103093
397993072 388596860 487995659
273348132 229891045 905194639
464542629 814666138 19356420
69152141 944257751 136365435
571326152 667359182 699165365
659733646 717799599 707477711
299986629 359530237 979960342
133714720 703854228 921186009
124893834 912594193 694446551
676445483 685294840 936463562
896568165 885609559 965428260
577345288 743238266 485221054
876251649 768976422 468403654
315843425 424353691 931891414
133938842 693129007 889484197
765249819 573665128 773711137
643604131 769435816 189305910
644964158 826814462 343011352
691375551 47503151 943018389
966018287 261808113 676019000
923293209 453076806 180725799
447447870 313079399 866043913
323027995 860316627 413839510
364014078 376406618 478413081
550757509 708306862 817703370
424597160 629142016 276803702
673092174 572504275 592437400
424129826 116861206 54156299
189446465 34479682 455302123
690205196 865886024 364122470
809805936 539265460 348670701
890464652 79480180 331980340
875853215 155434138 958695211
233533013 798481580 123612313
354838743 265295853 517405681
688759403 589455303 150266285
988867990 124498167 583727740
20183238 81722373 903616264
983252172 794372756 597497739
759885661 593929322 390460520
911087362 367222678 447892867
14284637 368447964 539274354
615663225 712963221 213647615
218801671 709514523 328534028
702946868 365193074 584396816
736980568 600975024 783940049
146921122 713023940 600755318
569668993 832264656 967560041
545123684 51497731 538632982
378372472 42325274 101506411
639957468 24497527 703703705
608935815 111940564 946459517
720469696 361455394 980609365
446341333 250868208 97751975
481752683 154861640 601998817
229668833 626251257 148078286
48350257 629671837 247016063
41872468 104800019 297105918
898857928 894172145 801747702
917429255 223284153 961325111
327002668 160409145 632744832
499545272 215320875 151405353
856312416 993662370 790365251
558402041 587452003 694276937
517276447 546773930 470668389
109157834 403379310 99980034
432970208 207572469 551881402
503360254 43673813 378393380
172215956 35823081 931107178
327127754 430062140 909888476
869985562 643800297 65392589
555192662 894044597 451779866
351878704 315756883 721766309
760911713 344962647 930659667
814142064 166988845 208578776
263070529 865514132 886183655
224383794 98373915 647151300
527651075 487259933 42318126
579710573 841358287 903216956
314070821 403889051 825122981
511770869 43564308 604339128
539449948 453947425 153901757
685948011 47075114 437023826
306879090 232328580 982746856
760497275 55332885 641233649
174870538 112075912 636174109
185201814 974639274 869329760
672238816 664603211 891735209
41669518 824855739 438316306
494473676 423528814 705395426
144864584 465812253 165070105
854310398 60085377 883348010
103564637 596024030 126631936
660272393 56727565 393078104
267760095 54372702 943755102
240217721 922938949 559496057
782249478 835437384 136019082
525756846 505399274 961610181
721804792 724104998 624287424
327154756 447597552 603025834
560716238 654180197 449099961
839331618 92679997 10598544
430371279 88481531 476252705
166690942 878202286 922451398
174471163 73196104 309911901
785308213 400805111 212089250
833828124 229888380 344388770
275628083 118223165 887912588
27975184 629979967 913947955
461479365 414485914 635988144
545303702 681202322 338946814
509521132 726789880 400598993
782345173 583570538 866848137
506687380 397241824 683828291
49274449 655064643 328284388
71742480 701767744 923805857
459217460 89792046 285330998
390737076 753501522 981882146
164334113 139026229 838889088
655290454 187885644 998073146
605213852 932137722 985699656
395741515 852106120 389760432
674132490 330513646 351237604
828491738 157578080 995055895
220401985 731826605 737867843
44061272 862029428 824735968
797186471 33291741 938088158
898323549 150469773 162378839
37462302 172514380 127199564
79806931 197916399 500022248
968607264 520322915 611751365
776118005 744798929 827130574
425570696 460440599 52948864
147926405 823072479 834777376
711775097 49882754 223923560
386645295 752472665 371714557
846101787 836757036 985622344
960452016 617232567 16905543
303661582 613775782 85646904
369583735 432838268 314915764
700534835 10265827 665997738
356857626 668927539 65091652
128293728 802843293 947589626
502784290 537962582 952525610
656368831 829124919 526549989
966192667 194746959 122589096
50379066 729574600 199327793
853071914 489527282 694675764
800527941 315398285 965869740
519992321 192176756 808903994
613299354 128789571 624417817
382277733 904563817 288966725
407481480 752667871 9622853
16624603 656920634 277644761
149982055 693429326 707399366
957767070 349477823 866789002
57988682 407529288 567278537
669405349 237339628 4406549
147607649 106463255 423000071
652659533 252547693 258756304
562265834 339630522 356870114
23927997 44578812 780015376
378754570 506208685 522640407
211935900 198582241 551587421
590052287 302514163 837664739
2540981 427708563 140323392
484187241 728227403 547022430
962712112 276239287 512274710
450616868 339933445 366979212
755906689 990796042 164290417
749167631 892305316 98924026
650886129 731335113 779537257
795732500 776940236 11833762
536109691 991052456 327044116
934342574 247048051 660599140
739853612 979078702 517136329
508752388 182045450 484548530
393006813 958420430 242687296
690163795 322308678 281797997
932581619 273716103 817027800
796577977 759984725 716761916
701177538 919364591 634378148
358416874 872650251 978231474
199743142 955234509 691105490
536555177 793793756 373915353
279733283 15994323 87507223
982281784 467546207 316644320
656744272 954549255 310024675
47975746 305415282 879046661
13022090 682633993 703384414
409834839 827871382 275026365
589736360 852701308 313087628
10230024 867750189 599299227
212874715 551582268 474910369
338528594 616577531 311280437
5826039 571710220 260354869
650949848 796926403 508232465
865161143 128416292 260535522
470369464 518366168 341422392
166307078 826625902 95457516
179209810 111249690 423625603
792750806 613875397 866782849
795067874 587947970 517272198
381581701 864646090 383107204
148318328 790009101 590006504
822047841 256105146 950460773
500668585 626606174 867758949
631015441 72848800 326519408
137847655 733807760 565582345
7105277 305445096 442509713
840808496 885227984 456740973
277003762 748467772 464761648
740555770 591595869 690421721
426836312 917268565 40873671
861140821 566798391 71680623
247822792 666799618 394171186
45094957 228623407 933065772
25495508 665306423 613359972
155877197 693574772 661741524
965726550 619431702 706310132
381512888 210571641 514564626
571527004 315289704 15679459
457713709 583556527 658224924
493334161 912332225 658536543
723162974 370254714 361134474
619976467 834608650 541685104
647945008 598306070 488977028
214666707 463376179 98885296
180734703 257560217 370995299
47821988 84903334 560062326
603071822 258330180 409659191
203404592 296194958 156497759
211136966 537317550 472014838
721246307 286595372 146982004
439853138 579358002 302518992
594628663 558581435 853777825
109540802 173172546 770384973
251219109 535343570 434205566
244110936 134432362 944050834
394901470 668456841 627518065
745498577 305217956 830125981
62174020 103343170 663389118
789535863 626676647 113358837
688822575 168072536 336947858
717334328 612776780 939985623
561893689 496241197 467363554
568079251 939641538 737775402
594479395 953014291 702166255
965772363 826165994 98099066
797353007 590247804 139614973
127470481 783172548 250688718
801584166 656272841 988901189
345077942 517182710 950272249
123677351 265763461 80519927
875153507 317945911 378976334
995348859 889809885 709910310
221746256 973671773 34837803
281551432 916767363 503927899
52132271 648265431 821036236
662166732 364069713 91188923
163673771 539165632 446102761
956198001 320760064 734420443
841325347 654746592 587852002
798797180 178038589 472337955
754084200 611156323 119288919
680272646 624092685 804529708
558973210 870850475 105063112
167795567 67660923 660499465
771641292 808313050 83909055
581552240 25081872 687702869
22850976 685172161 547118961
837484960 359877609 923897859
348344830 647879127 939695640
744133830 938762605 698812007
204452460 111887742 613309003
895440008 601579815 91060005
603752846 67667005 304269664
689382014 130048059 249267488
462892318 700630754 70409753
571698173 827466832 875793966
266459963 183242613 286801476
307508294 102027229 45325261
844732559 69367103 109015009
26787486 39271387 79109374
756324906 770580186 780754682
827256747 906723298 490312793
678702835 662832286 882265302
248707079 962885511 821514770
601980721 647831788 355981863
45539253 651391329 856685825
77727394 174328376 649695592
471962954 481007945 2398140
88061740 491767246 332390018
636862623 442431651 107815643
769165316 740806651 831152857
913125639 894824896 309280810
434964196 460395155 364756019
521116001 607081343 655026145
601963534 240054840 956784697
830926187 171611820 705041409
260956333 13244741 564493768
930501882 825550207 59545129
680649666 662663039 225162749
216111877 7286320 888158429
905632277 266303692 98743246
989543801 480232580 235800431
831057294 405525322 834712022
196551143 427256859 947964779
495203568 125180895 695498392
71000151 229452770 442345765
356366327 361919477 655073107
854256286 826436506 91582692
44853409 736695497 518087712
805520969 844692543 265489667
317976992 185100380 538949336
510600854 31391577 309699630
114674608 360693964 729548745
119431041 268350235 771945637
673561723 322688594 857094904
811987855 220585526 932461641
737993648 852711146 944784130
757338518 634260788 309411877
155761655 786550730 788394230
28034907 533282851 236010256
841945671 415463108 200854602
498969814 495612065 202961292
784058313 610275996 106305083
526523678 988859522 947108138
675185279 695727987 659467709
709373395 346634167 883320785
812414970 934442513 835825355
42278583 910893032 546895019
897609227 823971888 981737249
147981383 303173205 983523401
157176253 710724493 74030360
402905308 108588579 85366139
768223471 559746869 218163693
479825179 668392377 945330711
836793535 991771613 735442478
950153416 940993998 843115310
675985615 706426562 475949311
717455944 99360964 117096511
283692396 771378310 618348760
863037403 927941302 355496181
147736933 261019785 292908764
624491688 914364417 957826327
709485255 537652737 806454172
120620341 564566210 344907354
294352616 161574893 580902730
317418957 775796602 298617154
432912097 152521660 831893322
549770752 407330549 662909228
783118401 614760237 821483902
473564638 910004447 682605843
634571422 815833149 390582129
783574093 432151220 417275635
640303312 887580204 938652681
300811890 249064078 197811326
442596367 318919410 969093281
212731021 928787145 530062437
175022331 546854893 541607606
636758152 510653089 312201069
733071235 293007968 912386842
977505253 125594666 652825609
53293259 269557442 672474046
373392767 783706308 566922393
112321489 431843792 886503327
454631093 95720666 443084924
392013906 166572593 264871122
336691306 730525113 683960207
576576612 993542470 645926761
345399175 136660970 645826181
702868702 666791028 746833313
409971474 155854072 876614064
319130637 530972983 614264406
398063313 885390847 588650805
776968453 437184570 719938863
610440943 803301253 449265350
550850371 38532727 495606846
502600770 413896310 157396693
340885414 840457809 795426221
892987707 400487716 193818900
971910936 270450287 422842902
292525677 481883727 815632182
228892433 333186275 599527861
411211872 729830307 857787973
187866061 435736908 326544364
444746671 204745733 395950545
179588413 673518209 687710073
769252526 541641208 314417758
433468516 85840721 962014689
12089095 30528875 22593181
43894697 818915677 622542796
334686361 756120279 73667205
674869934 185058891 621176399
945760295 531793195 408883749
633507142 818823736 715017815
847644156 141682543 867306092
786575815 448647677 687515169
970614105 364398246 811730082
764687532 26467342 988411495
177112229 20093706 39477886
881151262 977729074 829364918
397755304 807190847 503206604
151872744 54014113 451502120
226278292 856861382 481007504
351696847 163156823 665428830
891318066 180405433 103183337
361989895 325080632 531902350
498942327 990766722 3222548
238085381 889034694 213204516
685711166 312473718 458385125
637727152 278841174 528951390
643096494 377144048 128408632
605109059 688940496 119180785
909184742 194069411 788122711
83495922 996699890 939050579
707890970 491321421 659555153
500308652 173379056 134900649
370974903 447718015 192969068
65496720 642819558 456732087
324686334 788375 165338726
418759544 421449393 973549505
436089507 917552861 655713129
715026101 639649138 264354552
488583587 387692214 862788074
48758239 122357127 24035970
539265360 952890015 932177950
943927497 522701364 470084008
677843027 814733614 517534358
362793046 231182650 897794190
382392567 855934481 978335035
541543200 683797070 906374701
769971706 359690734 795787167
889113886 768147246 88223013
980880079 633793282 661893003
693492358 413822552 67394334
109315698 312871532 510513194
444342853 534503574 676222541
135174582 258377815 192646898
172530017 324866689 625826940
116285251 171348749 127401419
973560274 992369869 973910994
911806476 632496057 594552041
31736302 607625644 955462232
506455788 42306456 821446900
616524673 81309075 273462486
918272606 387562038 677451188
964726010 777208567 180471973
46019008 988463090 726269300
212456519 405939509 866942045
78166117 965899487 379389460
138342893 369905369 287021751
175320548 642457619 897098542
486080865 827869604 458933712
381664243 697627132 662501351
757620196 356896054 670358214
196221926 336852333 464488783
914149792 782579131 352925193
175737130 663290932 79171288
169128398 633884929 829242157
623276431 94079530 164161286
360337477 992191570 221299561
912212419 325075633 60485262
373623090 956801766 579092032
435492369 828646583 442221854
469055395 941743769 980877074
978074204 108239734 175700795
294381139 439269120 851836311
89933603 819058222 48790268
995650366 664488198 954735087
291363708 574339424 755256524
953696079 234421776 218055868
783926011 975316028 220863333
156131439 600726080 358057701
688714174 308271945 748827464
796998192 226086808 299333532
861020427 503761246 64840765
558892891 711347832 776332821
324855509 464718556 599857657
445959994 530347140 25600247
685831065 168072241 312549347
463219451 379241317 341496632
43649610 934934610 965334666
727378112 428837202 38272359
142639841 264257744 148638613
784430646 953405375 486726707
333113864 759975304 878773295
847251808 803114722 626153015
252848682 293764537 652303751
708170990 346012258 608342941
338223980 264609847 669549961
671544241 263320203 458499217
370884572 153163100 802547742
985149162 631310786 313109956
438627370 614731212 354630547
569269916 465007115 688679792
209958905 323347693 502053313
758603531 652761737 658881854
309310935 71924215 838184667
256930507 304591509 912331692
596001729 264936107 912795961
164691475 208053309 610758022
321441469 258620919 753977661
463537492 257669960 952913940
426612945 93055144 470625520
523950522 47113833 751358107
55775388 998523776 842499128
557279591 846648870 872803153
51337037 693988315 868485804
428950963 354772790 52803691
227491540 369107224 767036536
205942081 283132233 535889128
739240852 544235148 931170772
277121465 146592098 175083476
807281028 36896350 337563409
886832930 676456335 486110459
262991879 299047486 466087826
7865836 264590643 878866579
997425680 844428133 860678642
351998524 796270581 707658844
992135371 271892846 617434201
735774399 985799515 94383868
96184863 16835030 194038364
834772023 685148846 933091011
196980485 925884317 136187763
445296625 997639822 318542604
533946537 658947262 518029261
9848072 414456171 651959571
775947206 528815771 772441156
257082290 902791542 544684493
454379813 473225462 993235996
132859063 428738626 74832415
709639523 497408291 88960601
785269903 627595382 496672926
453563673 746399999 38910045
140700606 36061175 764355998
322746734 202822450 381055444
707130072 396228036 520684013
722948037 353338339 78806748
49803778 111035050 450100357
790361151 657703658 150573704
294600034 229933270 774379488
150024165 269547602 781358361
862948462 729919591 593760137
672512578 629284479 672602761
55805746 490771555 625057077
95996750 640778856 408656274
291956129 49047992 821526467
932965227 181080988 736967789
481165856 957715864 172451630
407367186 993537950 811541204
233804830 229328818 176917378
409681265 555768177 750111012
805648765 806174004 790347205
9732736 402530468 749748813
482890092 847845431 330639469
491529973 488594450 96007194
470961011 535882800 330929845
751581485 758303774 616875595
737240300 246286492 841481128
135659253 987610569 379913940
23204929 171468803 522432056
888326459 845014260 175172431
644434461 942617415 844290844
716211733 891681164 997337350
675605112 644254046 266878431
776213527 402831178 907806672
508808640 183285792 693003471
744655602 993363873 385869983
248254272 450155258 157674584
516996661 393403795 696469087
652585298 620409970 277980475
707624016 335326164 29930926
859237174 450299561 932431700
185887942 301314852 260772226
95552022 336876588 871448445
272733982 395971094 404065732
928967423 809399867 68629383
998115021 722848052 771650679
917684027 630476622 1099867
81580339 145579515 237074802
978566165 754937200 864859068
820633731 199997542 821556305
609447845 210655894 996278245
707690980 154263607 345939067
390151584 948153701 525969543
125758929 493346488 616058883
239194604 607128500 198575943
92471185 979407047 297131535
346713427 109041470 992762149
201166617 930626364 417595775
422542215 83075203 95143352
250273788 738097033 868034422
863749877 703597543 644072139
311846154 549195719 292171510
616195917 134886440 202762384
216391250 984033414 528026603
100147860 872023027 995828110
668001529 734262488 363831037
629352566 922538169 30196630
99269583 228425106 847024269
72287000 760641114 271342352
407525581 713783955 524323256
273839876 201256515 556475233
908480766 463608821 481024981
500200098 217737582 419148736
244721173 191348959 967288308
811841774 251431224 155741239
814248197 589448764 806981431
413247568 96495259 64087653
691482040 722996853 208857341
751060462 119306223 893191713
892169498 773385158 953186825
675992153 600957900 81587869
307548258 959034414 604316272
292511160 892449130 875624639
149033170 781880063 239459838
362707826 588291492 287292046
472538102 161351021 838256173
737570662 70311010 846647957
702642518 940035678 158067863
407411701 759496617 69090729
471409172 416770638 977154871
81612678 336127230 907543118
685552658 231173606 240377496
103998265 947829484 447057395
463139004 277637999 318046807
4860194 771141475 55741499
318846380 388534531 24274948
907881072 426415750 224255034
902119959 132986371 217705888
616471914 283528873 282819756
843158872 997694595 253820460
180852601 971843785 833125633
299713987 651355288 278135826
153957733 985009270 967439078
639393431 627910362 842527453
598488569 777639560 933800589
233907547 939477028 682357057
671565073 974605131 827206389
280763627 146341404 296786894
735538699 333831584 875608445
457329721 630561772 712110509
50644260 449564231 548298039
857257879 301283139 445394742
944509165 487321309 513843932
410916863 749555978 56430772
143975580 358312801 905942509
802728770 533530260 98271629
333287193 11501663 231416209
413502499 739748734 39649356
645604341 246865179 540225998
696087348 540362597 117159239
909745721 45931218 557943527
571520563 908917595 568647343
754080140 94304290 581695718
549047100 745476428 461762999
115776085 812351255 888166250
267518706 102256823 740772254
58466505 227629766 958205446
865359923 76570905 618347987
681781302 307379243 380154678
23443287 793326239 329625184
332666375 30685509 280489134
105852763 268280398 653354145
589675074 605208958 843189734
186911423 149402588 470824410
897728500 415093825 929442026
234635392 307945394 301864143
900786139 82140689 1848744
601149973 521990488 35312767
666382935 858367791 493929486
368528077 949278967 433698068
553827864 85644519 556088650
371269721 771395635 619342466
655754803 685954826 667133379
565592749 316752123 465971567
310630934 104644092 975565782
704418284 129654958 642182030
328130092 118914077 904415342
599364416 644113193 604747337
9707582 720496580 348790322
473298143 853255614 93362496
162903084 430819144 490464414
320467118 792429056 977067293
628740618 999567882 782923953
40705654 195540436 602501990
496797097 243190083 263022376
379712452 644922328 648575144
27800836 140451456 36370553
427191883 287724961 443767583
529682174 505402248 191059175
197082639 451112124 497174653
384402885 114989362 227531148
631722227 971644113 384662942
282491638 476141849 999130648
626984876 437920339 840837664
169331410 195513341 983167089
376106712 8968621 874464460
177712811 894927286 421594551
418679437 571850805 785651170
180659193 392783055 849772470
132728753 348126795 520003712
214050444 428909136 105978166
647789268 452760622 925825820
591392112 536434609 273892632
590713966 602405563 28733942
797262374 285430768 512303468
950815187 40058558 160034482
993003881 13478605 917841355
222044591 143624537 679873805
635507510 155730482 776656955
666035276 113894524 177030621
743417976 727381041 144346507
694602889 235667147 957686270
908225985 618546738 544297095
647156611 737926247 701560956
322001820 706184394 580402471
507263786 954177887 297754115
946720083 633738254 7570439
734676163 306162639 188468030
344978314 906055769 636193444
730444879 147486995 88734827
602100716 599059400 539735622
73758603 284804967 183276964
373344198 148452242 108059277
838302199 787944798 313251499
420866720 826447865 616976298
301601970 991446388 758535925
920769405 57362037 752914835
181532293 919992119 471146668
163969564 632077286 142675475
969757332 341676028 979382605
107858190 708817182 24384614
924532388 465677075 571967218
267479666 733655965 268204031
483136341 458162506 255123796
78693915 177345766 544522503
900251767 897521037 125234393
141816222 477057484 44885646
172994132 516036911 975291708
720877609 292012569 357955897
599930021 884389723 402633540
385901793 517968606 580435456
68877040 813347628 679046694
422758477 441883724 317115719
119302932 172651719 825633676
794280445 313155816 151248946
108183236 818932583 191682025
308275380 585705836 510738784
111414873 988583325 685555814
11293234 683053725 106044088
691226299 960739101 855364721
456136720 467543890 151307853
630570132 73110131 625123938
758157203 343954508 569887928
33738019 771739172 558732595
69852420 270570150 80407301
36577224 525389247 709414014
510401912 478003981 647288494
899623362 989435728 231065415
897829564 172005794 17743581
465651189 964919898 640070650
832341637 899050338 856781957
40007674 996821989 170546969
21126286 702306254 514287925
733947450 142949344 618978689
735954512 897933423 197919963
989923883 822612113 990885692
686952743 594923949 975763216
149815702 948104833 994628452
521219733 933733104 72363272
745859806 127962699 361771188
166445219 300092429 476345324
219652526 239735459 931241161
740063446 311052924 705667094
507550000 311920892 696596699
852779145 383806325 615358265
42849799 907126049 190342856
144890292 758654242 565813342
247476880 328318363 217730178
424059639 496532051 83349553
853919369 244840192 355432794
178142841 425573162 611900070
443061171 561057455 384640958
524567337 574462065 264458227
67535721 877148819 630652225
23480185 366188834 118275597
637768706 407852183 58713919
350830630 530601526 967542180
122625198 210483552 437562768
708457308 214708117 886934982
840789692 99023685 358418293
764349910 216544532 306066032
941922230 691831824 457067902
409616761 40506855 228118350
878234082 477172953 537077340
275797954 876110631 429421776
108269749 176412212 214652691
263742942 715278348 152305525
287576337 735208136 962230113
471062334 151251764 440763818
383804287 531374870 916071507
939544191 513769205 105340771
55630360 408791957 548895202
606989944 941953298 254846063
846869229 190267988 821715245
292101238 808836227 758618222
642463167 489940026 616405076
221948926 596056265 652771470
906766405 257868001 492573219
742304223 509169621 559412588
364862819 450025364 389420267
744915688 650300065 953037893
280129183 981180978 335505308
604387281 697568488 219359956
33814025 169582009 609767396
467039695 616994056 796259606
128171814 993323045 369227111
152204868 159319207 877407551
172134329 521417499 617217736
397600094 320278563 506430344
983960886 262898266 648149507
763763634 127796383 374255431
297886404 862116951 340226158
154267697 987873483 479998519
909612381 576683811 718534358
572976195 494838903 341721315
853286756 587646770 629281592
160470661 110776594 260626615
13914435 336110774 101014451
54452343 954325858 723230184
131779434 90121181 239025638
5154170 99518195 477772978
448928061 689062265 225720856
129575157 567705496 645454790
409160311 79462672 314677186
78820573 515010905 864361497
708202630 73470846 205337521
627320616 805494524 162726041
520090592 536967379 519831652
581192265 619322454 266004357
348551557 747659546 543460452
497065778 611597526 372218930
561196586 575995551 646487965
422170050 160473659 176007216
116205058 267267922 274522345
281298698 854429051 876887576
836366109 767168695 362664015
227107929 91004144 972991899
201293956 662837900 553127388
753644983 513319503 825876906
791473135 368587350 183635846
475630494 420734527 509164928
887341978 785914510 828219114
839928257 386028797 942893415
530069034 414926258 555427218
305428372 980004264 549658204
708090959 2106218 267226118
777219761 416290747 504393223
265077951 644032747 219139485
176405670 562366284 501572668
947268293 744493267 777962048
691018479 582939278 966851779
949713107 97881910 604095798
419936137 607043671 99674525
456349602 481563900 618684865
830279495 616133222 265774783
956131682 570152789 724536151
206680777 481510023 396871433
355108143 705475460 524110289
240887555 390625500 531058720
451505772 606798693 327842187
219721452 193814899 696821534
277411997 410346841 477120243
533776208 76799139 57595139
750134135 94587587 1237960
23381936 693872722 911530119
982513524 349719877 705127475
710876609 96263450 146052955
48946351 620519391 129780604
129753837 431826768 295167824
614357192 459745894 575159343
736769534 84425345 896236685
857450050 616830229 63832764
924202248 209989724 202040302
762753148 284939999 437001012
521006641 740805431 457213976
281866414 52652104 475818886
76976127 566296130 745710229
896398102 291563494 837344557
77174961 41124844 829404954
857516682 42975662 584494567
955690066 807910758 974761235
884542998 130035420 668756951
722678565 930879856 356919275
265583824 379549359 786410882
359618431 853041142 842425851
360921745 988085256 576278785
768954430 711236416 69704497
769665762 241774717 578514144
669698222 792113460 815853716
905180625 901991468 138590243
857916934 571607819 433007673
831381920 11548053 173711959
379955118 341630304 564863362
670168359 332320502 565485680
217073993 524370565 882472602
936829076 978511868 677277079
278554128 907905376 697667123
27652587 402051313 612359827
621189599 491207603 117827790
636407057 639932145 229810097
294266953 867422742 108369520
675386058 106417770 746118266
904523645 506173275 531299998
825990854 833840166 490194143
145554978 558723740 445302421
390112575 886783487 108071981
941330867 682785905 208837448
464639549 680502836 154101697
534838009 533329073 992641499
712063096 957659226 277037426
375663188 131729251 115075572
668455850 803304768 800065755
925198456 151424630 248459901
159615415 65438553 197679009
641418286 637272260 358688964
56861310 458710020 317116918
562473946 196951986 138208574
165589398 223242670 381884081
338477328 105046908 110641785
837773809 492811224 222218734
902091309 872251128 448940414
937005830 780338390 294565014
517286377 544094901 532374797
317961985 718173708 244032208
33419787 865750367 853034641
468537663 848484259 594442291
644461315 304676770 650312406
169808445 93348829 792804447
698786487 563925620 777280636
525247172 960479067 307898721
786791621 79007428 965118306
745746554 541577913 25364384
873402771 661639531 68530750
368237696 116307745 299099035
643471138 949472427 369963827
55845604 212189069 788801672
849202254 459406380 145754052
589525912 885745231 223819100
303527833 711720523 101687176
568092110 964933630 602632967
126445464 493608777 530011069
291012665 426926968 769381506
402241601 886486325 6122296
231709901 564524678 808387750
167109420 37680263 467146869
344910805 963727710 931141566
133546685 399039168 825782441
882103533 957746537 381383545
134037908 386830029 529397382
162444176 777980429 752734758
411478888 130197935 600708007
577880481 854482750 883460993
118034336 194708900 849902555
132390566 780004161 533707069
13498041 966456641 712771225
526519705 567893259 312833497
450605716 152223375 86289673
256286241 864826033 337495659
396473583 662080234 338757688
269036309 189429461 25846508
861873271 353929808 153135023
679016296 774144124 589286135
334396512 35936404 197271586
982111501 339946655 411185980
504267945 200264154 785692939
136277262 185009880 877219521
22750235 594331961 810646563
28017189 811536817 525165054
36642132 14683784 603322168
964270154 473766497 477129949
702857807 4198200 713415397
658822253 830483986 882311849
330951190 618360935 387319203
27688093 96491752 179335825
974707589 264852257 682592195
190412155 466682961 129119075
681856715 179657815 831767699
462415646 618646933 131441184
954538594 218242707 430782387
381178001 361086391 547801254
403611292 916603802 86841775
264116417 606546895 988432787
344459485 892121981 212334599
382822542 704537861 998315243
88571407 501383628 77298384
914876786 376359933 801696015
457836353 141693291 311708880
338461306 136910249 256244987
669158717 180447654 344872321
252288592 116765837 836646884
303725110 465989544 71520967
731847893 77947590 691481483
351689227 219062442 123387883
557308143 507054418 568502659
471517882 36432530 527763986
558374131 697830970 426096653
3857374 409148119 787800867
608751673 244742011 571180249
130046944 90643296 283941554
732249470 275144914 977265397
932491666 900129499 119243341
5410106 149488030 26326560
455149561 972623352 564792037
998626447 917993115 333024020
708536615 577820 13217103
896734155 300830229 392218715
61230270 882967464 295585057
874443383 862593948 286631388
261464744 395183337 807836536
193529084 351457650 528282843
660787021 765857200 692000375
608564813 214347222 337968411
950400318 160010902 993359089
399638507 142838636 722784778
292138876 551589444 803616527
180237892 504128492 922053069
750823552 276781573 1458444
414732445 946276437 68819168
967657279 994635486 791054051
461449845 362548113 908297883
76595408 960322154 732995218
293689712 863384879 834874451
220007077 904541792 674785906
879244873 229901511 115121522
568893334 371420846 909870921
594419753 989222251 543748819
287454941 115922186 551242511
712921496 189314866 847276469
135437087 128848542 87047598
257881048 43015539 606579915
152376248 653702933 111691612
277938249 256735948 715089346
725859245 456029657 87616166
141489036 833701028 574411149
513477048 62348495 425913341
220477147 173709663 903812989
232055652 83521956 800328288
229168561 790861022 667840041
642995131 592431926 635910787
970775143 916530130 753110463
766138839 698580203 89696853
452161087 627779781 40096655
72699276 531640533 919484135
567990399 908854892 389039710
326902573 397968834 890860648
37026911 392004644 907237893
114008711 418609501 637732699
31658974 85393680 828849428
550349712 762396379 87916479
105146175 77142066 402759956
439706833 837289330 415832957
566543903 171074950 980849858
709820919 409992177 491486168
119050345 981056639 171699550
120049744 442383435 541006900
802467062 406853114 716226323
827664061 602568822 237244747
488104387 217318670 44469584
714861776 301128540 98245743
813954126 893988941 259109079
428934228 27502832 882424582
298452355 656842063 230208449
875935079 43669617 934331333
9934873 497879780 301300433
277036253 624813181 487274887
503470023 668807987 185872329
657357414 125091155 573302394
246026707 493626193 966815293
231603564 565950371 434866671
970657369 347552998 611257486
436061747 345401785 930292573
328281553 201381240 5751850
451699187 475370459 558171549
272501897 956153924 75893294
437406370 939408743 465310360
910078135 422785279 107953203
739959047 937904871 823257967
104962305 532094369 193958609
270774722 630709366 619244254
273118013 418474720 414057639
987089667 824351474 162079271
813996782 726061228 186250640
42048668 274492073 611752894
103929402 288293138 132081305
835204369 37988393 416089937
370081930 979755680 286237056
912317339 252071910 639510078
238789409 74665567 638902267
355159996 965150528 435910184
343071488 107646539 831130673
458726032 203912109 724546583
70928169 136395198 477936790
300329719 80230120 624672038
188530103 926958065 791679296
456281622 823015455 396505345
121072270 542397150 334103362
683921801 869846371 808620950
34560193 149203586 234530564
611913128 21805766 751849227
553862644 552922381 738469079
640146433 773445432 990612598
763921146 170670925 577078830
961331396 77185615 622504520
590836453 269958631 674015156
438125488 191014236 975361495
708112237 574873870 132813241
367235719 390700781 971559862
904427207 631978978 418993264
53488151 676844455 587752490
519806084 525943040 585949732
612523227 284729375 230184996
780092910 793152129 18148356
316472022 522474817 759844104
921301828 581475627 137882282
563242043 752843195 851802200
862480496 246618513 783913887
76461375 128273641 864452038
24867318 444338777 720579236
578195812 812133730 756339411
612255497 708521338 859747747
18988214 733176508 782860312
50094591 804496716 425603142
201863807 920486921 993220180
609011779 645148752 306154351
875257012 575404347 134576465
637094522 230051163 905630805
489825150 134912396 729529711
985024826 226109740 853040340
838168272 108566118 49244884
260716225 230277637 946875852
530760824 807458256 10090
35925391 910178798 340245526
865659837 64084621 846900192
585092923 183313529 362163150
574038339 17929754 406171677
240788632 99364885 325810393
644728250 50882985 321740455
41237223 317436294 691480287
314954828 374551971 509724523
266799891 956278745 393559089
857085861 739034738 409412841
809879605 324764447 323692686
93996790 985464049 362660375
858584967 823374882 246229732
16294909 936150130 955053291
570152814 991865576 412662670
291920431 422037953 738006683
558517898 380296488 634797901
673998171 207983828 773809260
34925759 635412059 663642537
510553571 839243847 843615942
861532263 132214619 419890524
676493268 882177823 265774282
402727811 131973240 549926925
809097183 675722679 801144292
653993097 181170118 200321155
115008220 64918060 404725854
45117070 591863471 950361338
169248109 761035701 797730873
702044220 493027767 645512141
159706877 771670987 855042735
410832023 279967057 600677788
959020455 959811620 644153412
617546808 15298853 654257675
581930165 94664320 994620675
237510467 141651543 657343425
148401008 367806177 629081612
894173600 601435820 454037429
693666756 374276471 672049836
918102353 662089127 529233091
754918462 916826516 918271710
387770537 310040686 408755944
840238949 220207689 312889200
996407650 118082412 938098187
377373042 6737922 79595116
437794579 242852126 115054044
546325052 897003065 985839241
50704205 67108729 264922231
750273011 163228374 49295319
842280906 39633086 959573796
40444374 818314326 904630643
280044539 612536772 661311175
41448356 90184460 338407450
270028478 74456295 595647156
969396969 736648067 144208263
35147872 152300437 882947218
315301045 572296090 109250647
913266903 25238073 509137161
301216920 657283145 287534422
622012961 574907523 311749046
172797436 360778945 212753611
741267709 731918182 623310032
638035852 535561126 373717804
145216077 659145184 697910957
704267292 189013639 478047187
712456965 735895768 168119727
362843822 720501835 212450579
562276481 877554343 385607971
499287704 16920348 398633381
197010469 360447142 837574867
87594198 17852905 891223213
935857115 731871993 502816091
573580866 971538712 589301587
481622978 784396402 504482052
68392481 797008022 496793609
985384504 717405804 2837452
11630672 3546982 313833499
756214350 250656209 910091145
854408562 57520309 292534710
501324938 601232706 257680710
933375705 271559146 383268161
367911248 136877871 409382827
762370120 54069967 478378352
784381094 374181900 827045781
832048353 733696689 442542980
552127670 975179954 221601912
724344154 316340823 313160793
140520847 643487321 22344476
475246913 940038222 447652565
28992021 736811233 940269892
29460713 595430877 458929268
129382739 837168990 687980446
924890054 546049881 891111534
509020739 53228650 442310249
864140700 859852885 761250899
11420398 439223201 267234826
700311800 12687552 226489319
340892306 732994150 349338334
149761907 438635462 486989618
812098356 313776037 527713921
264299419 493124781 422460998
867373547 172757785 77852421
259345500 806824754 736635077
772269595 26752056 970476291
244366913 575360998 190195928
969402328 144355035 372757845
814807448 545516405 787939851
208895264 631268361 799369144
138333431 759854291 194245362
552372875 922287291 209423526
734602569 20053389 63127798
686820544 909150101 141863210
12565316 364289408 589855427
890486454 655344356 955767662
977839727 66846648 741653457
737358288 611988525 337019083
502517732 950015441 599665099
497818853 86581287 652180147
670659663 251220340 977527601
239272473 667744548 821402089
185312426 686992695 181838817
271079236 178282293 439929231
607523352 473881298 956066195
916396019 8531575 746822969
188566358 352374650 535257234
987736080 891243171 805975023
90625383 841057825 853802171
128046530 514091998 46371254
793362473 466129681 920769990
431326622 472517945 66244191
632485442 600319065 567401452
989200119 275553559 336747328
706842024 489644262 132131759
493946983 132226109 191744539
339789098 11608212 489316844
622614532 906685476 339887998
737899215 148332687 988747220
700798563 829583417 347707324
983106471 911534759 831814939
272718552 438470890 829567010
311392509 808772629 638432139
385372942 734329817 106445178
823790980 514273220 538805994
404604366 494249052 622178809
962770467 639840856 249980380
707195472 313458580 475516625
2397422 907017688 586620502
821177791 466842989 313881505
185751428 298997998 959056872
772320489 930236582 312125440
210498454 808223282 62974849
909313360 824971843 371807931
429146227 266573439 519157718
213736649 25949669 383940423
629648540 387964261 766055784
314972912 826485203 378360091
391032092 795042843 498204965
826449829 222861113 903177368
618727615 991054951 16180977
31558084 470691087 966769214
724071540 582606923 931055585
855992642 218669701 860894584
721454450 118577654 14325421
883408608 648979260 422017454
631439829 661448617 621532949
829129313 434969811 451162770
735459551 133315042 536616678
896671718 734714443 856152941
577269859 214605527 801435600
283856334 956877419 898430377
671393242 215171499 47944691
751188633 775254371 715108831
634908193 254563967 960540793
951874149 383504073 59666674
384670319 708234941 702443090
449974324 843115773 588307758
587084810 684687792 887543494
426719485 453712999 737563020
684447667 938374840 687859102
549167366 101156095 479730924
948019131 296916699 716422712
242890206 242045871 393222321
570000820 513733485 502681035
848578598 437825934 848608921
302853513 954104837 506616450
807139512 3470445 693004034
674351232 544912050 590907622
41793681 230292737 548474371
291989556 964232747 586854877
358991047 417858678 486420097
663418581 644112738 269304978
407693145 370319972 484151636
92923680 774164604 316849589
213667893 710949429 492217495
648741262 760151372 373261940
883481373 796875990 85267659
877027159 356652967 690767499
473987770 493943449 678763992
249872950 932793396 474576818
271457576 478940461 370785921
457048590 220445805 678385456
639310739 43281953 834276704
188317800 320364213 490345040
160387348 386006314 798826623
384174814 498485835 442464504
506763317 439504051 431182656
582043761 774755051 753725948
106868610 947402751 892623896
410793864 9852230 139084136
773682658 29855297 790933433
636630399 196659962 718625605
436052502 989101289 336146741
791266946 389324592 57097902
445369870 892317593 513321915
2328549 6218857 518506581
675148891 226029934 594345081
857727412 799789791 172266557
74696990 23056682 638344579
856340077 160079974 94106819
460862988 759873759 573427874
287444634 869309114 337862196
307772764 132921033 400104654
22350511 999211268 496114113
876055119 606002808 456447319
237319359 112811664 91315613
210351765 764827371 770118714
125987025 433227921 395751353
454755635 498434355 182260124
76852132 555898762 895851611
45538905 835753551 633264369
292578792 316911083 597574627
8589517 767135031 661158973
94217701 298942697 916843520
681267573 901919494 605276519
860278199 623661766 212355334
22776242 468393235 736284780
705027808 257652473 260574839
963681799 793806422 804557554
265986194 687625460 72681423
212065598 973098261 847128291
956353661 497550170 935881423
639152303 609904144 952378721
647800764 16622103 679254763
59727083 398750011 778663747
340185566 12115430 281790521
974773200 861558107 657414013
714727145 228224821 623354613
240319389 720534674 36003676
976764241 192386559 446005606
972117178 305953841 91613824
459169144 509996448 998967416
65393677 997057544 39976691
597837977 301180942 399446262
549928380 637125392 854620291
523924484 78033994 85703145
288555811 413454203 910037258
766057270 69103541 629473134
231576809 272823529 845441671
899474746 155452335 733678426
335467583 620947414 778676896
270214249 546246010 321906347
197401972 857216385 465461301
857134795 42285585 198635607
919289042 792858627 387404307
917047180 468863231 416680398
476984504 206694068 920015090
449326182 669906995 960677779
666506915 281431857 463623207
446945155 940039280 244986856
238059594 514028876 1487308
401893539 812595716 697165841
71278013 119991506 568768759
497426364 292753791 462652049
7998075 857594070 423946956
751150375 845152025 168535009
558761715 57002326 208394494
704931276 864157648 638754600
567552976 213288775 332668954
144997835 937530413 447933656
365054309 207312129 828859236
689093769 250923048 341264463
538031844 521271725 268304672
91188241 373118387 508700874
742444569 74297492 603513291
115218626 245990567 515242108
349671227 229237180 79387961
931205476 478526790 323333123
944951785 41178761 112547464
648441707 486251103 760562601
597532415 888357841 779040898
613653683 883129312 528172003
402700383 387872850 330129863
236966622 17094956 779193096
32205841 576985563 166563837
653317413 122865686 643385796
241166885 329302266 553585161
646932486 717036213 763216145
392233349 126694512 91027377
706845858 964832880 844719540
123874969 738568901 68611151
660026201 753026806 703375247
66238664 908281345 10106751
322789315 309596602 300890023
807969241 340734701 982182657
693801184 208178628 480235310
208260852 605411093 454072493
414896007 464954860 680700126
538912999 462299342 326873342
316317830 534794223 985422677
444159401 805462764 782984676
963287990 11378603 910920257
615690728 901966667 963491703
293688718 976215913 111671115
446810283 273390822 527604810
611677961 809466904 373420842
949987532 292360606 190347623
255441850 89012267 249929744
831257557 427366027 567471064
282064943 174415708 468641617
634135589 157386334 331856946
840432769 775270879 467680011
971164204 135308122 588429873
60566571 961212954 254407021
657197197 528058621 110138981
897514676 572052711 996439508
29953643 593967803 488843869
319693853 474181304 991606161
916832537 702181602 873036938
635964238 567137245 324143434
979022709 797600744 943908255
876616993 151549774 699897259
877566274 145457913 671199099
559250084 286464374 949673634
58151939 976867557 94887230
728242715 572611356 716292780
226534814 572634500 386969793
106763752 57227360 663257792
231716623 90289285 687059618
553845448 596542092 183611033
82889271 765386390 12958745
929433565 669278504 649008543
244256449 122718985 220124644
337306986 361105638 255799107
770176964 773608419 883032545
757923033 244541041 497755594
982976166 472159641 246014435
429011038 851885033 427669285
991796195 592013947 609835269
727318373 409614524 96200766
588648289 848618077 604184238
475501004 863670574 918932103
77139897 516196265 220983609
145318614 211712687 831587013
620966737 339348579 833050759
797558838 771952879 101066216
209516349 331042119 719135899
897295747 278022578 387775549
285475083 160126934 440512384
186708421 979278783 362562673
422254437 282050405 794595977
202184177 977495210 90994426
917919349 737621843 382300943
115886998 414937116 265163512
74449661 571945393 827857127
542768607 325764317 151714124
354057985 871042545 712429308
996386174 264138963 283115213
584916913 216957228 139983683
341165360 431873873 301896700
528781355 236342433 2771960
469581044 87478064 62560718
425237898 482706037 515031023
432691318 422314856 444456375
278055171 870980401 466353722
361149849 827988843 726281184
966979014 126890341 940553669
545625536 102662354 795680340
488030061 52149905 399057380
439309176 602604204 879885006
794346741 350109890 756643103
355299331 347169514 801393027
212048097 858513285 928922421
342303431 724224084 715685619
558001412 54456695 749651380
931785133 824241299 878697772
703048024 479521436 593336213
941159586 644903026 534155863
843608394 518405546 136513317
608698892 773909612 166826143
461231295 865532324 95270079
671220968 196009424 776080173
853124116 672107807 498225326
798083058 931787781 600750095
441420470 50474506 339889007
387008069 893076445 2187752
926827308 28946977 258622814
276575974 975659032 832601413
186043441 909331994 952316112
633657032 650595810 264394089
675613218 687941825 56658222
570210716 774924773 775450743
637618058 174060272 556416033
330834130 672033708 305122250
230047763 400466387 941915546
488779832 432929484 575322241
484567811 634566801 663937405
332674859 834297987 922762229
591166450 353065765 257512162
169575407 615397640 353541908
523774973 797872636 398322348
264456295 284451929 500349406
324370580 966914266 264515926
939378896 151253353 628579580
901896685 278089102 917279469
758715550 247995260 450152577
988763976 740856079 701756910
734018451 920975922 856175103
895042696 336591177 906220792
753262582 206404805 179940845
234518605 477851843 228459421
322901798 206838313 837865395
42230224 288931356 830461669
981533339 95889485 722143525
82345228 945860207 973116396
135108582 802892122 593839828
287006870 286741740 596257318
981931520 427357967 163612506
820607363 176404842 383424568
376266747 435069916 716305129
708177550 589651887 888237000
518323323 115839093 30800391
290377113 708260109 898676905
492548754 207259027 451464345
753265345 821917317 720425569
332912412 342817236 435135816
910693439 97823095 750888248
498989326 684015535 816000108
564981369 171027238 596873253
9640791 645767575 559201916
412297086 170354262 502619662
672648176 526301866 260564247
294747530 56210103 274076492
813476403 220197764 175303261
873934610 485303312 219300865
986752648 497099947 977697795
893766506 453276763 25956391
386650961 267518362 22383981
55838690 615403034 978267091
981027975 896241954 208748052
284348444 180048624 285106211
829422232 378881123 884184482
482308641 870825940 686962702
577699485 957523291 473503698
106937111 846009097 102080940
158848344 562483839 538066032
215135951 552530689 212498078
266297573 672634698 303825065
646219922 856357910 252134102
795558914 815616885 403852935
301896908 526546454 57895458
463781720 591689668 976187038
526122906 108110735 844868039
237420040 153107024 798944716
988014573 118234728 12488759
47339544 552446309 69578234
393820973 213690059 949986751
682903963 759746965 354856061
598752775 912336154 49632389
111562087 458448870 94309164
896238108 928394543 708681043
397688601 481196779 563061621
406175152 457301574 852532438
515365343 587003915 301798757
879063583 992068662 316361195
416363128 682759583 84792058
882382529 539523319 199331399
509990694 519817345 204256269
232894171 81738432 643714745
678179272 137525346 155459430
426754646 41869997 998232278
121073313 540427800 864781006
465867230 648649632 431369837
824427987 85444922 695454995
85476190 339416682 783341917
709638379 227597449 613294642
426951886 425808988 150281215
677215156 160649674 579782386
296468654 112278582 452469396
444492523 85180512 818644281
545114629 613167711 382013615
720421187 442467949 98017005
380396978 848500981 713305577
768439708 979281429 402401997
902704965 493118715 115637372
410286941 131861677 916708728
445313022 875548194 263922364
233397947 159822297 655832370
416153931 207239164 926675986
889146237 760003314 372914053
12683892 320589572 850544567
528385619 791564855 939879494
806006628 709352708 126271633
420176461 947934229 647761084
639202446 584514924 737683131
153813920 161465312 962990354
544151738 960593413 35361238
394155018 550264217 327784604
291904493 86004215 709668070
746440088 244930952 80268070
321023838 715272848 157470866
779771695 252120863 222208405
345390924 879718589 357215366
616377441 631490735 652531079
315910834 312159996 421940197
918976494 16230385 216928722
447005775 415043857 231613430
139108199 854554281 859270185
701767923 435054569 786690194
696040159 721271284 982524501
680799252 339987901 356522493
195038692 733834172 4518171
743406542 161300800 783469184
505089856 770704269 540847898
851548363 935482513 389825622
434270784 581764765 743904243
866116830 662325564 741306488
59543135 124615337 300155375
568566021 246615683 87321952
347477900 220997611 944206083
693142770 291259379 97643112
962103109 382134686 736246862
765312828 645630459 183862686
194922610 662946456 723955339
377106369 788085960 992290630
390118987 61372230 946631903
714472125 727537075 922519123
367665881 20002442 960610925
440813219 311199185 166614607
497357464 701725380 53599430
174416866 14004059 704641317
647161319 300040254 428622071
815858471 612940092 624297673
267722509 47468845 49631537
907956803 366878704 523048983
108931340 436172929 98462695
285541162 445918268 435345499
51205393 610386930 597598497
659420035 445929278 917255509
625851438 745948608 555836739
875439175 146681215 989530698
955883484 861655613 364384477
156227781 638926250 113072459
737413734 768261910 17142079
942679025 71035755 546729561
210695352 472315302 17784518
854707922 976534155 303641071
216682054 558245983 859589058
103819120 93416541 379450219
572148941 236463210 142349453
519825262 845529247 265178641
107397786 774407566 80169981
311355657 882189771 845366295
736346415 886544824 38672928
480341669 283904824 649341279
147361109 210838125 576759194
95704404 165246760 835787250
906101186 513582710 625229769
83040405 139328892 276426750
315340679 499963499 548305980
667622907 38351140 847985955
243106371 293222697 441139852
864743008 135839157 333915498
737121099 480987597 29883614
526216442 329356406 383180311
110936079 83509074 327838445
624266633 158398701 409522770
311541063 110279576 834034155
216941415 618437048 283649021
315320953 575749043 361106224
408341604 278811188 999559047
672896368 817397683 43410753
432348749 585368879 237020800
599300945 793340543 22913237
147091596 763807065 26284442
281178799 109612152 430928727
163161481 829499539 292282036
917610053 230066575 547254995
74802926 824533081 845229576
318412672 385757932 484155527
488916073 826742822 213844041
584636157 925414268 505274793
615561067 534413863 607972576
910496366 573232898 575764072
927144090 178777898 697745185
969703729 777785179 758475597
69159947 879976608 36828655
474925675 542447581 222796609
783290052 890548238 848717399
470841870 651800009 397756303
401804332 931389922 508537034
174516213 974024441 154897349
768039879 377833102 693460331
514520342 706773547 898230944
768410147 588686958 927645658
576360622 10465655 528181907
564370033 165944643 965069215
565294664 587765818 268507488
382436562 76757474 859727982
125754381 333948582 484313483
624743124 859311611 209275100
790325876 481337226 539127470
362151700 284628603 160390220
848949516 316201548 342789266
53962523 277953132 18206049
901706939 923738746 662377076
128839863 942151153 731050067
931654206 985576468 352100700
771714967 429773126 477637531
722721539 16176039 283323866
895779229 601585412 477323390
192166865 160345633 132512942
609100575 54236678 491349537
564902695 100537819 846519349
255241603 408212338 735871420
69095488 9210275 854973448
400932180 940236959 914511021
666376720 141503955 129521842
211601110 363399028 895624763
584289472 270627150 979486554
272706813 884941787 257627681
897885732 141785936 500584369
765416579 599506011 911828167
190145601 493497147 938224956
602926440 623017697 9994928
908331094 575532760 624982197
217878895 669023752 563032403
442457894 297687051 288445330
852594425 304329998 469200326
319707890 687207383 636501461
389713689 472618754 395450698
637593404 705845657 174289824
945493811 833283036 334525810
816558401 661442434 187852648
928924563 980843673 115587108
646187127 434579547 978367142
305170738 455253747 437313913
28661672 656466409 272966316
454574402 820223119 332664555
571657501 791729857 757425121
220060305 927376978 967047624
924436135 741491128 179276367
740954192 524948637 950691056
271710572 598531579 917298168
399091941 920823641 349243529
636179549 295075633 20053289
338220946 725103826 439880636
262934246 189035579 235672240
316333072 907747842 503502588
784763894 603936779 123707274
46231122 825658581 554458844
999311622 31380320 729425196
354706105 691470018 820058458
842120557 273764677 270767199
599621284 780263633 186974881
758860148 97422001 370371336
91500414 333127983 49836807
436470388 700819490 71878615
464450008 400583770 106816385
264183820 537558910 297034158
965270716 333664883 151733403
976376171 4027973 491717909
72439975 668994995 948165427
929229144 895432967 398120250
960315669 341611199 264514146
873821428 369773640 805889739
712798189 796622324 166555316
214693362 61717241 291873496
544776167 49619381 179185302
932177415 78928999 100557735
638084979 838172350 271012835
923569920 141542795 196570694
717051047 267824086 584212925
482068908 385124808 896771995
184928610 509653568 695355907
440542447 81453753 945695642
265272353 40640486 453237085
19496995 338208610 40982640
28402814 461883665 734944931
772710148 198949359 474298224
924449983 360278706 852854508
233308605 85738586 94084894
377166861 147227972 769132250
366283452 770702746 100117917
671435163 950724265 586734604
545750369 773713863 45752295
900245927 106244804 658915831
747088660 945193652 782765046
95241845 101830843 249654081
279408524 977268053 846983463
653935396 85924492 977332296
363024090 253459313 123142893
279938531 197269367 184357645
472737958 661146824 65069377
369449605 777966805 798102194
183614692 98144127 974839640
209605498 546585488 952435877
176239910 535830217 67233617
91066997 515501474 105520116
584105909 354801092 467617527
41663933 145588753 734092540
360070016 266099348 311107309
344193891 120856153 193283068
984227419 168500233 23565359
292443773 21139439 87538005
317931743 667151678 248707869
958295644 325039563 165366228
881818879 616560872 574204662
946208145 48479491 618798559
120147053 459622255 673699914
264168693 498326586 786810416
157237589 546827773 762776836
340419864 380630120 295281161
905984557 711235346 88956748
32209751 288037581 535503239
512737821 661660773 502381256
264660060 777644590 324575393
260489769 772435772 95661782
275836861 61683342 275459365
71005060 880678030 142720276
79343169 688343906 25448250
400332606 734812716 614483848
147900234 34825196 438331426
581241741 476905336 530841537
788789853 661825776 774355883
331023700 821497160 807620461
851680415 945296020 933840610
708720066 972842312 480176450
971633303 275257126 361808503
922228205 468880672 915022291
144520252 475225102 394617410
173770479 24313488 735790972
112094782 567595601 471601424
373114059 528365026 653139572
217189987 816969926 736337663
853367389 322804479 269674323
41346058 664638098 275347829
575863700 384108519 70394496
886878902 312879797 843707326
964504223 644266692 816901698
472127543 590722451 767310833
339679195 684696525 606115719
677276951 397044781 33163240
665209536 563589333 377933361
140938145 142565491 896345352
362228189 872320535 860605403
421911399 633028057 946664808
17845651 241757360 185789028
492527897 477356599 720813549
8313828 29174417 485583771
876858437 606018170 616160173
204485313 233112320 870212845
931866510 398043063 588543915
509508101 556438927 522973846
971475141 668341543 619492602
217877357 804776262 780357760
745396181 389926968 483534220
342067611 307573358 705348276
880119009 849392519 500015255
31940502 598049304 45417598
136023453 578148257 571378272
303616487 743373194 336283212
219112686 447322624 116768826
393449364 111990914 156495526
450527493 87229950 738717340
419750333 318695985 927384723
237291508 581922477 117202300
41831862 730872619 990325170
97450231 684387774 835454163
156628662 828061763 32803404
31991496 672216173 410832920
163938752 986965683 274553097
113084347 188075390 116868774
29882124 31195121 900432564
836819516 851412425 833992941
396833635 432355510 558770933
366060398 765010541 921725472
201164067 553513013 511818217
867207132 675841736 831154670
100812038 333235716 757788547
782814989 494467589 476157932
760326560 368714224 952624023
210489785 6948812 391451775
597790572 693290777 958400067
501187327 222489562 886233315
129143131 869374579 529847954
209924088 428153461 725141452
199834943 538974506 600982636
630049006 730209919 152744185
522747425 775368353 447513896
856997583 847074227 83990520
225274868 481037742 290400515
733436201 600472856 556197770
900790495 420445728 851070984
130462945 913176117 650797252
264037803 76330010 921150603
321583088 214599676 849329747
365616976 79438140 792396045
773029747 726777161 796791778
416624493 131245653 709392008
998104848 735288283 705584231
870195472 176406275 913551843
726808462 685173203 210567690
36638606 577195018 194281384
897228419 654486272 989815227
206749302 493140573 937036520
600852682 894446071 387791804
802347720 569668360 714254120
836802623 442547269 13773450
54191359 556397263 169757092
745981687 849791511 545757521
385026080 556021390 190677111
554342183 201466539 903557090
60977482 200314416 281668243
36979999 529585002 24868191
187115906 909706344 261022287
217186681 223640087 788398623
855559576 360326484 948187676
455953476 884786174 5769104
229145758 417314010 248153779
250419134 953775380 739483704
923389473 915318808 702818956
962290766 723458838 91404557
52125103 460054965 874564443
965795194 245734093 468618101
565010003 268759307 69587328
595948613 450727612 84502062
184397603 285942000 292702986
876837413 264556547 467608152
926628701 199795833 356621169
893855390 440066270 324355621
288220252 884204301 120697115
868087092 707197052 102477381
122926577 828531995 321107363
800509581 537433849 578002559
840609765 942791960 966926317
477679115 684250256 54574352
552443553 665210846 509926719
644717823 663843793 772811124
963385068 247590842 31439876
447950099 321690431 630832574
554402464 666354336 598116079
371452279 897379174 959974224
582974747 445350673 345185767
403210604 543501696 612900786
289749935 690134689 21488543
469806399 648348681 818269287
885701034 178328107 462755353
141527951 915075397 544904513
31275722 997975542 416026511
120505392 328996018 754665051
923679153 856616901 393572850
397701301 410872049 63076369
520817008 241776952 634496541
876617365 263231188 899512000
421105669 958999207 714531914
414015205 481172739 567562374
539622318 567081453 965687469
111784305 494256931 124071716
879523678 562484688 375844476
623427709 853661508 759588023
695890630 655854206 725801260
627512613 510617868 41722178
252377746 997076140 702472695
329506499 441567772 767040810
554225018 254168219 840519581
542046571 609865174 763225082
688213206 43986450 124671450
414037369 325959803 899941427
940381961 602136475 765672497
835080992 988829958 355537511
808510283 933162017 967738750
245772581 839865954 345940412
769505984 206530345 164093355
474372845 540800438 523586473
6784666 744892492 458934434
537682096 48155050 705748505
445874342 349052592 687728379
833644004 208205829 315037254
919768264 567944924 890218084
329287281 16936179 294975948
46328493 623208580 996887785
769543933 77516314 112537221
84710093 222915590 382092587
47763936 488399506 884164995
639568814 771370571 606156700
493951986 415136099 274620080
381708095 106720376 918048586
544244683 155634707 963493374
486616652 811103932 537513376
428879828 831411119 974927823
365216869 514430074 783811407
480292116 701265776 572846380
751737009 525607315 880440904
965695249 838331091 395474901
811867110 577803312 121918040
224342540 535921519 13834100
767003730 550670389 537394534
249288069 530555489 391818982
282023428 30651451 779515722
719868912 703157225 398017677
598450422 901609698 368099074
45908540 518764274 121426987
198944692 725173168 111309973
218048697 913884009 976589171
297257368 252640322 54526913
646291580 799644419 869895718
293280392 40451972 103756709
743170492 475375248 351972041
571931595 71309355 598336276
407985698 367167240 831600712
252845645 900963221 807409578
321515377 181646215 558657926
963129504 215566162 169555638
581717891 65112527 704759884
503307078 183857943 772055770
920256506 294181069 847192134
832820053 658733779 64113810
15059611 525852058 954030973
91973363 411955890 454062253
701694276 89873463 758249953
259393396 200973194 284681446
25792968 178428677 184578485
791212382 864455308 540605880
466823758 831486352 885943036
258384581 362185028 991421662
994419225 393872721 999540634
445365521 190128642 821255581
619501205 933271510 773952424
122926154 749930484 880997465
227916467 829861049 231781404
438443876 400499574 860262547
899104327 121075410 100809509
65552679 487226401 158841017
272888203 751693461 663456897
515403039 338068384 388740459
919096493 935179446 706748615
329281448 854088480 51813737
103986497 381502871 123152754
219768820 162787120 733132211
963953683 287239927 372938436
741145931 623735578 486793716
279972504 218993363 448150204
551403978 831065966 937770270
555835904 688942651 719770956
779817356 234788260 581805789
957946121 519860419 834975895
447379293 923958485 960982555
792934277 875485019 687306547
732122642 698324700 490114990
561332291 968378063 925138101
404984650 110775702 367122235
953043339 328558435 108962375
755079660 124878246 661133579
442878592 561586347 58363797
985802408 448194515 948415335
136993969 87220499 174751972
975268982 966456454 351682889
549456079 918880829 759626907
915224382 928105306 633363044
357779554 308079245 295082794
676357261 321825314 427293733
796163489 729040873 208715589
578255613 685505590 700214773
752338490 923264084 441522938
674799911 537136285 469793791
152828581 214341317 939215357
775225982 496363500 871923679
791731286 977239225 636760403
406776080 731214192 254486514
197021864 369344679 289001332
135888545 719179919 773855006
932061560 986273606 25798179
141158434 224444904 482888649
329836775 464955078 25282060
345016113 518206108 392451941
899683605 658554152 240293877
382435281 805538095 490248318
867128515 366112677 910396853
704249828 906334056 984921440
375835370 994065854 478534835
913231821 66529931 787422860
953193734 588122019 889545040
258984066 302927710 400539551
631095040 304929579 647188678
509460270 916602779 418705303
654698346 964157563 241592566
67996650 5637584 531574464
347317218 562579481 466558077
402433579 593244205 311682884
530358749 394834637 514778307
384954426 994098740 854426158
191827180 120599915 944873236
58075377 144775720 320296458
115680216 516953444 352111788
566413093 37587874 312134444
498556512 921234055 213237906
797101599 520775828 899608118
20442946 246701237 528320631
281686024 739075739 563710567
757204554 204092279 277436044
32588948 433699489 970961866
685070984 344281188 843337795
479894018 540437013 8001023
48949398 944807811 254023873
670349846 914188882 17480207
524290159 102439604 995490253
379787121 985355931 937752396
608461712 812439991 91577497
392132798 660185576 553551936
698203847 806421550 989526501
373977849 509099184 532005617
747418689 142504574 418030120
881056206 76644358 376566840
173154912 526732897 741974271
343181934 865223517 668515705
676440657 279165641 400744830
107414831 43511256 518509153
5720961 432540273 355861410
539332858 977560699 445540528
386562634 965635554 95414834
927050427 184292889 571835539
590259567 79473533 42787350
303040754 745452471 194440513
222023183 79757111 909537269
92222383 44993329 505016740
488070585 799990509 854740469
825363288 242003234 110564478
611057375 963138850 811332968
508570294 470715009 638322916
342479504 273015927 720826380
664877005 710039428 184255987
527582830 562259236 225979430
998803167 669238855 204964916
282912177 577686019 498586120
897051738 952815640 649212734
970016439 517928321 755514805
885656071 163844099 63673147
975641153 952534744 702478485
400912425 948370472 660683705
203513166 955158917 112802153
614654442 250231909 923132703
452066099 916305854 501030842
973239306 855699278 237964723
281692016 146197247 275412029
993621706 755910938 819635070
754623268 158220043 57331258
923102997 587347834 876658592
63531922 927837756 916571817
554937241 449954417 186148332
323320073 686480341 165729368
93170520 781021797 962948463
96351775 48807120 144161426
572310705 727966232 382210178
280572939 947919698 128698465
879184026 833552798 891295139
43689015 836377576 653260685
379430580 701317682 601725094
449138172 450420942 601220924
861309097 958788170 744578425
817805153 166059648 709817895
461387740 331420492 128258282
437675509 365714044 261802083
423604125 590923921 791103998
922754044 552589378 675127853
694429419 370340586 687491307
975859495 992366328 824388807
275935337 313811517 788454930
269631738 303638101 414660915
659093158 782380247 224583722
219639425 878692467 156388092
320736721 344778738 293401088
155939232 563032059 142851182
692879600 856812314 462135116
396138602 425923184 639877889
531107196 657872281 58676531
318992933 176354644 394150633
787046759 154275707 620126161
377924493 773212155 345040927
127270267 63917120 833135497
510535964 602263957 125445601
665107816 623717622 928405642
909135567 983820718 12068175
938308710 543410773 722475246
448673184 824009339 689827429
839953552 96354793 860913006
370228192 21374190 829026009
456789976 297356222 754932071
547477921 606295538 292494868
330302124 152105126 284299037
200110399 522318342 384025915
877057629 897803440 133636460
327690373 601749886 181390511
72618593 852361536 887400349
355571071 188339699 852066293
538309812 787733722 356921020
326853265 957341972 854651944
457243031 626216700 302793637
553553338 938773052 22247993
365941454 447251921 934028589
280053457 318783149 323534089
63311455 140856376 120703076
886441287 372704928 5369420
646174835 672821820 895718048
367368746 968470758 488661187
287103688 145616530 472596211
483062259 617106595 616642136
488606976 132884379 332625536
510988811 887231908 6238631
740749844 150983582 163548899
639336322 473908794 281959118
429796529 380813900 860121811
153379677 762458093 506554470
926418088 61849457 92524604
370422660 391934187 622053163
399788629 686889060 302304086
371092364 593634392 123952967
727674901 501579525 991016698
462842075 933823895 1470989
643288284 868933054 132881183
393887497 194770044 330968298
149429808 746591750 965922386
190835640 992892218 126789115
280821437 521574918 84568939
239966461 664773679 954236441
893403316 100336055 528304684
419419964 39298436 455376321
371070292 150604560 245518203
733888649 448732326 648983164
708842160 494468347 630248681
56954620 444846135 642094106
646216140 948481566 317647911
304003844 596618746 863923786
264999356 190572309 398826978
900167973 737464696 486151607
139570191 890018447 924909710
695421617 414089150 439461195
961939123 450374866 45009817
669923283 276574724 626715640
125760692 851922213 191452436
943053923 90629128 609749625
595285418 268156551 160681190
576385622 104563792 899114921
270178636 959320391 741453237
507087175 394646480 675225845
139945884 595865065 844100884
979086978 294145611 700524102
782151158 90019086 272283076
224018117 765689997 356463477
120639002 902653283 85616975
452751152 785805055 666722786
47975389 715962708 418332602
32759595 359726194 593653789
438106425 26723229 334413713
786642976 791679884 936142170
199041799 1864681 55440089
730600247 377664826 244680091
649071388 201043774 832178121
437840719 991414790 957688010
63458741 988177342 664067815
709853185 93647173 958779887
459452405 103156105 314016161
992336804 574728996 400203551
508355240 962952756 526732779
52282682 792066828 767411868
235373476 527112932 150186136
720883947 678136851 340807200
160934663 964483060 836976161
845829097 209940912 844566258
575966486 213689168 703074111
196402798 10616496 621295769
876808644 116228541 241002882
291619775 149427270 429006663
722827564 933606437 629860474
265314050 896228919 911449026
281588862 7875501 314334641
186342481 401071905 174876856
262401 418964706 406545981
223439188 6760436 900825058
812330881 341487662 645268959
307336776 731806570 194782655
313212030 167463786 620472702
434049747 647288073 23844079
830346990 347719216 278270641
546087119 404555130 373450273
337672037 35968555 359888382
410048424 98979589 479228822
69158495 29722022 976460859
480592221 770508095 737778512
129388101 637559356 687568378
581668037 149448920 902456795
806725766 701373550 261567310
519225057 300385168 784046312
580539560 152377261 84429514
641385595 778972899 35255304
118179625 726692085 943670652
836514858 239767241 319766522
709037725 338800520 248569442
374062803 540154781 426083372
417223707 272148836 334860300
837280452 168107117 674659599
319733702 466476160 614612199
536416507 267443811 211767699
589205274 512125617 618173301
255378127 290458499 638308121
353909466 467775920 748193195
756331993 843990477 683916924
534924598 765118069 194859499
671147125 134089836 695616296
764203726 700798320 880699042
353890517 996747759 467450857
372940523 197407987 598621513
987700885 676269756 593927792
515652827 749603585 364570647
963871559 47980715 140824463
199087924 206852292 114769686
424664139 355891879 52423429
815099803 854975470 574251071
365014079 12304645 479073112
783430409 224170297 382783000
678257843 441680615 496841545
310572929 460301074 599175127
699368860 138778533 413898768
854000887 522913247 454164098
651079594 977424985 810131724
882756242 952033100 560693094
129645682 897450392 936327080
362052844 122888846 936358896
197139989 705657165 73552992
740176449 756797328 210142436
546767959 19311037 240537013
486856317 785196979 164300673
823660819 245331274 940269886
352107303 589894294 423515187
400935538 382357443 523535174
302417696 919873718 277059465
350366269 457949862 740702342
672364476 622802648 181751688
796559032 308754386 231907400
317680043 234285837 173099246
21607329 208752495 538987812
188226383 200081433 312505450
621835965 770422620 319967151
557888523 309542089 933420666
153266326 484047191 332270085
656585959 828630611 376544678
26227980 308738438 637679037
515650050 72913917 431422200
524958105 670608498 853612842
938989241 874760640 3336834
261382888 944601028 272280865
760413537 404241442 701877411
121863160 620581495 455974026
608254655 977804399 566866288
296779699 100835222 927416533
136392566 200721658 457010436
229941302 71037939 418184091
383299133 515749888 605756549
897390640 918233277 784125970
445812310 419746410 586222187
783261307 948998808 552518585
877589129 173965043 904675194
570179407 400609414 296622875
381803147 59899657 137500560
499130497 491866991 595975327
336995371 439393389 177942476
431017507 769575363 698512150
869822607 876671761 519818547
81975813 512174697 866434540
503844204 839761017 28776122
468903355 406442015 728835510
392828116 59137861 235033930
568675786 818205958 606497628
881080273 221024929 938790843
247125839 106060372 767365442
39240167 865318863 872354282
