272 2100 449
299973834 14230015 954368668
719900488 829696049 729282325
223025749 840613031 478096563
851369592 692087185 780091086
76094113 716879556 486832450
211722247 547368063 745871558
270444611 649591177 300856784
921306906 87945547 131898520
848956104 427836553 824591138
192894511 583689116 177415607
818033459 185041260 294177770
87479165 807739136 277238951
526867660 54939944 87215548
481220777 783805636 336706373
555533862 690671566 148897463
863607666 173090912 52751800
988848356 111326016 603614966
761778709 255962294 536956253
672990294 422807512 125600267
172961542 231172596 767636192
908599188 631082992 893930874
957721570 769200875 884228846
83966860 117338826 455001560
179520627 289327602 363127913
9161407 213129233 834698646
335829384 209304261 6887505
799823447 38617656 654365652
46800016 200440264 695139978
222084097 244651134 223896741
815450748 940786013 172185346
177967878 96163039 217718416
201912805 522922164 710996144
194904959 711090574 828065427
752075883 706699580 458552232
238258438 949727586 860009566
596952901 994776776 62779399
202790735 470882297 935053692
942920222 543249215 746761544
386757374 504827740 702485563
375991485 348959891 176647632
709154983 253198107 106495658
121620836 538372488 861621746
282834726 726528755 640842500
204829982 746112167 950311264
245152633 836622158 439279461
881604119 43876541 630304272
980921713 854553243 909368824
849988615 71152084 911949549
108797765 906044263 217327865
972837692 116893910 209230081
563822979 964757994 160339669
598890827 509814927 448772843
691712337 422402038 119928245
293214425 55692890 898788344
627876501 879094831 91642119
739076929 432957221 843203021
780927369 554281795 739192145
67259247 197897067 103157836
855073973 873879967 110924031
924955440 249638130 780360195
996784886 771359029 875239939
486931718 539435209 384393259
471212277 600888139 475762311
733273839 395599230 905409144
749704293 840823214 713882912
93847950 369805862 393368880
473579860 835134594 192292740
689431641 368686350 952804206
173417330 458321047 884684926
727964287 750358785 477145300
405708861 294250808 753572140
17420922 903983631 316188289
490598581 533195227 485635716
843852218 191417590 646840135
506309957 646537879 731605455
787210459 96550935 955522884
813390866 261203015 455303031
507968256 466362486 539503110
675981757 166824764 630749259
218217433 264689304 887261751
418251420 923801439 988511537
696396841 61062242 158807687
838315882 504183970 443206077
593839880 640670108 950019225
647477300 121657461 154828751
242181905 714734803 36117926
150643096 902628147 942060509
272664652 821712508 122852517
10371570 941557511 206085598
424440940 842496115 189441528
862503342 904074499 915120207
781064961 14392341 338635521
287876555 461219379 977241334
479546152 291671591 580741712
842824238 88275527 8706873
340617467 957795086 746554963
292299043 530210770 690168944
44795490 392423324 24277263
894632245 999866999 560700724
151325416 805047256 491822496
452563314 204279221 888868905
817505884 130567282 666466668
578684973 312922296 899651171
850282758 460493429 727659965
901296057 367325399 222533801
317400614 803990362 982847945
659659645 319820953 242517970
165693195 923079990 466377074
409808161 564277345 392965459
842311975 160458621 295515700
34015797 356082077 857840848
719284254 513362220 936876209
968387247 726773103 253096524
602166916 212230982 330252777
861958614 630752158 202630504
65090441 282611855 759229713
910935031 976977842 118287847
11712481 495514163 36490332
401052954 621232279 133121104
960873445 682856720 480686837
103457521 705395774 465115499
735663986 414965357 971460616
948341973 445747440 87242149
170589495 676303699 772106341
204579656 366264333 633424483
202733213 552313943 715202786
986667374 1489836 436554569
249559829 96453965 992370136
883731113 857096074 986312317
38577362 552690713 569386506
559682518 343982140 52168994
758548845 454118278 707214681
221683892 628739769 805884781
551563686 614347372 55547858
301053052 329132320 559399481
645831425 343545877 85427
434971563 288399350 109049880
303012386 877124206 761427966
117643175 116767464 808822068
487656281 370653182 971799755
161946247 745078467 37597419
422966250 557904468 868973305
527577265 975707266 492580270
231422149 816032231 133576676
859056616 958936168 249233419
358614234 254069857 392834852
989549256 269071239 262834949
596945203 902207043 305266450
61731933 74324203 817461347
813940867 782948314 573607858
679973987 380337384 509201842
943463724 808824214 58760046
295675582 85392975 510267152
791485306 263741939 642851627
910499664 391336058 635674909
607154335 539217491 715591205
775077465 316701488 86610859
533146642 229897008 276604236
590194425 798299235 372867029
586297990 615898067 10050492
310230475 667335880 889356507
589405885 947767143 447617321
324324198 932195343 121755750
99363982 182053171 639733502
791925393 490252415 305437157
579235 299182802 325684968
542775563 912085131 875945795
865166448 587955224 191944720
756418796 967808358 91364861
423155272 635192941 540820466
111973446 677680879 271564296
478618124 422814385 608200268
461075269 126010304 527110833
604522130 126386833 106440843
548177688 727205187 38342294
956964564 708127489 287451146
458769406 538115525 185938081
918932769 704629762 493038038
646102199 448220931 315995249
351382325 527869080 665356721
223717369 831080156 20055563
885779214 111937233 665657559
473581281 218420426 816076376
430120974 284715640 334793799
218694117 539560947 557200205
114754022 133211002 325296406
826511688 520133501 543766798
317050678 130194575 368289992
755226281 577658258 582583940
810011802 828927291 814880785
216254200 57182949 678661477
520833635 313625281 973834499
124738402 558463217 572427458
724009864 974151288 245472443
529139833 559701431 562844789
464433706 942207047 129174956
28201808 47519293 563101940
631511499 955863760 445607922
370762146 920750043 17033993
86339961 328861080 32991847
911452721 102889022 276379117
207522538 568713861 706967507
196334873 363314709 938121114
278871639 278766746 647090415
809058772 359982504 171193128
864355130 330113465 390224860
178660608 126519874 223302338
325105090 736132360 991212746
20381450 753270341 881794590
695505630 135422920 954970713
516075697 415756993 648623949
911465028 26582260 121718148
954468575 71727961 345180421
967049851 585872056 255741692
288768221 525179494 54004820
770675996 866402011 453172555
704743756 390653124 67738071
295654103 331584788 252297434
605780342 230574190 277916642
911230252 916038346 294045242
694208282 269863054 676984547
69181157 799815568 134277591
850503165 376640544 557612330
716881093 325900574 927283839
469213342 315679075 371909491
376311700 849232216 456765468
418703489 464290258 296361285
352489605 158672767 330165135
323748392 450847215 702677112
581019088 908889389 843122712
506816298 579062440 491109973
236778479 664116475 654935011
933570492 748029561 348992697
759191612 391343608 718711609
448364359 381400920 472382440
947493277 503999504 339701503
679620806 651930327 406306768
134865949 419741233 98696177
640546242 208212519 290696874
983875749 856324582 764823463
59797251 965505262 635168429
529371370 55289255 978748799
384885440 91625753 468079570
826148944 58389358 522659611
842919510 422907674 387960112
191371265 815872895 834528397
767253729 693503497 785464049
384198454 824733119 975046023
295264840 308019796 92621515
273766699 509862880 96187200
266056255 759972066 498447602
465541332 240303501 218939004
741324978 461346946 799958565
94480554 640773113 677592357
67182730 618655017 519060042
561333070 586065058 384199793
733032712 576875103 755346100
469766950 454992497 137387949
657042462 497697900 708358974
449158013 498866858 520218415
480032419 593271695 254410830
209974442 253290336 695406191
920730649 859941104 811642660
637878039 550472940 839056088
101510653 431633314 587077505
216401870 608733814 264747301
22559715 751815059 131908130
482123782 486712619 598279805
533792965 646040350 56559960
169349784 556002670 8597952
836312311 356857751 489179776
139451957 47497942 381012862
971108778 108602869 104658370
354781036 914964010 751379699
899988999 266789453 80257256
744518331 709160641 313140913
193588228 570271346 625511200
971548043 43456643 463664211
50392746 636454989 995402933
35521410 516249911 714417217
598563996 664601274 392800904
949313575 58068433 79580406
518119192 371118353 373881455
272359499 519810268 9302397
257401275 693540646 155423075
588057170 554358234 968996329
110669544 372802089 597246530
591941263 767020107 984982649
244185645 208205499 979404399
854006706 566993403 222942785
418785207 108579806 184168961
33137958 344479840 307768371
209550059 486966637 871246701
50868439 340942746 748146523
529078916 310619460 314307249
773494806 757887234 261251536
645277871 905987527 214324999
281672132 972874829 582686030
749389653 746780787 2896284
324867966 283144760 79576901
637145683 254744545 445513185
821127501 546779167 315987322
127896539 920971176 36403617
45655797 437011042 499392605
681697098 94954269 386603329
800551973 232613181 926236561
927031828 414404494 978034118
345296312 996249146 488129458
48539973 572750699 261017722
383593997 314902504 302969889
407220424 949487442 482886063
504136200 713735710 236354970
616960745 927301054 35916001
410019112 138439226 19774845
410522064 852292342 881616977
529572371 183343740 418225435
724720937 474621015 926078020
308099300 342809288 494069523
797419189 145495801 654251513
868684301 872699472 980444198
471662107 250038505 422970497
567272661 698356394 484251770
963237142 144883931 116102304
700227917 880263844 435381937
781552945 939052200 537839103
738300537 836566585 286397909
759348139 861204929 245970564
711292880 232119331 789145279
237607561 90088762 274935367
492299685 812904443 646700511
302898807 943825505 84980639
559144501 724578808 341732552
301097787 107077070 763158196
682852156 898533412 790153653
175828627 603744180 593806130
53546163 875939150 650897983
513192200 608700119 322780319
348002888 915618297 679749889
19103260 397077801 669603197
380692295 830230624 277633990
104153935 688764962 263471082
999333822 314831260 786168201
66356339 28128169 412193953
406577917 960630868 443452250
128802155 253530946 727588160
78820098 476396757 269499246
310060030 90489557 906908686
204366231 186536047 180673973
729727967 337789430 692451692
737273011 244328688 134518970
375031504 896954271 143955545
265594143 344480997 425328059
671745295 789850205 118757298
244514240 472118443 35721044
81673639 828408499 278909915
237654045 730141986 986839693
573952612 213232333 100408648
587653040 193728754 422554338
637532700 262559669 310594593
895246319 618360908 967828273
37219104 989540848 918417800
333666893 34324728 353891650
801727635 538881548 735099012
248812057 98305800 159595449
274857146 441920047 742777716
388929620 316015360 759166139
936089100 167140529 162753722
816175840 832794183 697344266
754507829 715636802 345506652
665907279 584885326 486442399
424646192 350871752 226719947
380341042 102528893 848347046
417449825 9565702 223602328
345124462 39499044 841558979
204948846 413106529 367031385
804145037 505851594 161509918
347658386 744248386 99305918
16058808 631342976 954791333
990762951 330443067 507726613
544646720 478328257 550417291
573504656 58737744 536767715
333407095 910561955 356718698
937772451 72788719 372316692
504796558 421647332 420585256
118544459 184912012 385566692
632335497 929905839 134265278
425665816 232064690 547516512
957481037 514634373 408208566
333317677 472246758 385849490
360224492 149392078 454879915
144542857 835197652 921287442
460553731 361605314 649153290
752080459 213818605 194706172
480263902 989905013 67223639
197012475 114947670 964934151
492976286 488365848 371999221
963770714 302738663 886279192
807185967 876422382 342977693
14027273 612810651 27603916
475005352 650080929 59366466
444786130 525324160 88202965
337137555 875002288 626361773
666043567 626484620 829690364
600654771 352523395 48152530
609787212 313061866 545509515
443543779 583481177 135774093
891672735 793171157 766220851
87198268 837534832 142649996
959809688 946903410 628128550
360124516 586349865 604055707
653978358 74622249 277971631
558361888 608302946 464116522
795437837 31495707 70616242
548116249 322269682 895514944
984174678 807184962 70449841
754801257 530964168 583793906
800727952 165357857 37392825
109421454 426936869 507581435
748600126 592802851 80886370
643171423 920932540 418370807
232761334 365734944 756937730
494347841 972927901 189828111
279802747 441924449 586382791
439565119 669038932 256929116
265169118 845042599 129767517
415493748 652835433 509684655
936868859 342161643 931898863
918616574 27293242 590017941
541873411 657704972 186347260
292436840 568663752 107445519
405804372 615163759 19609644
885878759 123148003 56314819
790343028 784621415 815004815
263446630 152937199 683785457
662507178 859837353 400927911
627915371 379645988 828019223
815255436 658426168 203441599
329857378 338349726 51570366
387815086 583508460 569359669
11700237 618976244 178873391
519856892 562266770 922702347
220655785 656704735 632417426
927381756 942221280 193976666
41472734 126828765 235967827
705352495 117342125 632167988
841915713 105337016 259467094
220373210 125943139 631987551
894262984 113419465 498151
339089009 274204687 73833225
849586306 532212184 388887460
399558331 634279802 140203592
170459305 343239575 307942821
674298980 13205474 604355663
479103412 437305648 709061643
302130260 573597148 455474027
765469745 246756874 751324657
316052543 254207044 585805260
70869102 268199717 864604725
387078110 205302669 322010482
645798329 258282221 753278333
204009783 211280208 411394352
392645457 448617493 204342868
48000013 447239973 716230968
786972774 998041734 314460780
232488818 174582719 490111260
516489554 30030367 473570164
697345891 41474197 358530809
31390531 321307259 673809658
475978412 904859924 230584134
882916309 95382779 989766145
73992755 636921516 64822477
490838631 981133837 734192575
297361815 791456999 331402021
289009740 703086907 256889126
743592667 655888635 938424511
870765939 221368051 500068607
757213033 263266714 56011533
829021520 539850978 206597450
79803848 383476346 544872527
89552789 202489061 580506690
661677633 701971715 923158617
37266106 828410617 825120387
225475248 484886203 391829890
861357990 794005086 45294312
320263125 238591120 668062600
68568916 561966908 405938256
74229363 161556625 387108334
808831326 489457350 824244724
152004717 420887823 955006983
100056929 599271649 67309399
206281969 913766936 310822394
404356921 116511794 42250551
615913410 537338618 497232772
606370192 20281121 708709915
49219658 567236825 412063018
866872861 776582860 869894176
657886355 327902141 267381868
152950854 231647352 134550506
991570092 280217565 745840150
260359869 216493205 248230420
360042594 730133480 981834343
455375313 96921880 952629908
504822381 197727154 164200799
806870642 538051948 623577959
767954619 595714361 688003720
658812725 143625301 993268492
642033090 878170671 729767784
787209468 924153271 185427832
998866902 758913016 768456056
988645875 502511932 729336593
455123471 210063270 24562587
455266498 330036274 619889381
738056461 600476782 433744414
584286894 394025711 742696078
985289933 563556891 505290322
224575295 495458935 56078843
229514680 76201261 58950507
910056068 439164160 538876441
651989756 718997896 821405204
925050053 308489809 319084805
434712549 318425159 42820388
637486825 682413473 314143638
624057722 205550154 902861560
603743769 318105014 910279862
955235974 411093072 479220346
766764096 790745042 222664905
512412938 797145816 191945312
802112859 819257737 16991053
749097357 490536756 87254214
786518779 853440686 625819395
586527065 224162743 298216761
575879780 820223326 587953036
63256031 77442252 276920460
817906394 890029034 765928171
978016619 319557166 514717412
366239054 626942750 960069936
844581832 848724970 346032751
322137756 714897711 274616729
934524811 978801123 557244859
601124510 581032229 500246688
970223454 382646952 546678759
616229155 407171704 835075227
945415695 59469456 242250680
946449448 986232705 161084301
879128273 441912703 750299251
563436439 706880407 666757895
278052584 985954915 321847992
197626383 863470067 174819701
638313530 289001600 950110952
561559000 682496900 759470002
849508982 79384186 804040552
205895881 387799603 274841998
968558618 544051208 467796415
428019291 372535973 617077809
629972236 621932220 232756311
122149553 374912296 264645454
211572032 105202802 938180821
492518403 318083654 336521302
647419287 829253855 953491135
615066458 610373066 671690798
565978233 114280918 514596275
402303067 334503385 688125710
928665273 413019000 576301547
177011530 169975141 123597858
682266609 564256097 94650866
786820711 954976082 11442416
391601220 998106198 113918624
296261264 725313050 472028289
654326852 389715531 435282914
953232421 121798003 615321306
798519998 438410210 935967513
284400777 405125142 798030106
139336177 644168221 426558559
796147248 565222236 297964372
928714197 874430069 899092391
165573628 669896682 972828492
996338771 207431296 38848109
340382705 895218882 509246419
633254276 716897634 705145743
843694674 634346576 165209044
669940416 502970619 557847788
995501212 807618787 577829994
661802107 885615578 550743974
433449130 306832227 768931313
343901608 196607331 358527261
400028757 485859363 626843967
599014 105894556 186844944
877787571 596294662 417987896
134090506 706004531 896029767
666129460 320162511 356047408
178524488 738523628 987859742
37659105 632794004 204869951
658114540 130021705 217783387
453230183 799806461 918661209
58462432 197046227 86730351
709367765 836642175 134427056
863781831 883257940 690025648
557174822 456271103 397549337
929638097 834654772 926918368
941391428 525406702 330581049
68165075 338552230 33196421
173953465 80020978 610691047
55674773 792778903 212030340
105954935 749850462 975678381
223442033 197462580 563461805
120000807 239368434 148629987
412037003 604250892 974101217
862015051 187609975 746247416
919267355 997250575 327449733
750497464 862645653 522817062
558599934 26764254 265396022
156437188 790515350 767171210
670397048 778402693 398343616
853254055 56453665 909502507
356506117 660661004 354599384
356651302 936462954 404493204
999483860 905013509 398037763
582608584 331727160 983556008
903737316 130968955 120199287
918117252 247062003 618527608
896609384 429354220 443337839
133284419 617315439 921494123
26294620 436160195 795309214
967548386 595629905 681231517
225052557 696980609 727803635
64589679 377414418 409755938
113125462 473840009 196244364
410463044 180415300 175125720
472755561 47357142 227971360
149137836 499537356 702048907
293742301 875790217 649545320
788556041 810077251 143884560
209944282 253734901 290078419
288336441 793948610 496666056
936327663 589634116 481358870
333297538 76135663 94339400
369760894 861642233 497498947
970209307 355670135 546430884
766445850 368900357 301471547
920580365 221123311 284262067
83304053 310641730 348872432
540649628 879309348 889554731
283803811 857468272 845033850
146861342 314769078 642008478
672867620 38596824 319434042
160444975 369610983 100832816
758888446 184511489 686276451
608666628 641723813 164554582
296574002 200927556 121924041
189013798 839387224 156966105
745265282 299219766 947393083
557751552 666877041 414708929
209744302 445537635 102289324
545171384 801112674 903096154
552042123 21062056 667394166
43371233 215866422 49036888
368413976 395170103 386275402
922635820 88781567 426189767
101542760 838807096 721681187
521267999 425017924 918454503
949765160 451924326 896879210
757040497 320943865 926708023
414866134 631759753 159606084
943268626 982553937 88112050
575049061 349393680 334082362
316880371 212343433 844503134
843603428 555221545 82563420
794680866 110433340 950569920
774476306 172759391 304435805
653831265 375364600 18405653
171423744 505170309 769914979
167547176 364330284 126153811
619822501 127765374 211238895
827134591 884047205 594184194
256055658 722463865 391827108
448994403 730262530 937684046
794823184 549525062 412243502
365457382 99934407 549403396
635915843 768136256 533396108
403540977 915324207 155148311
246106164 397823646 367557798
266890347 560118808 426730363
891858261 106596786 411662031
81350179 537514959 68263260
868009614 306258250 50137442
880159621 716761349 986787207
573330865 604310090 2204028
791305798 365413143 216703516
543049958 63139043 560179424
172443972 719300925 434382309
738962596 220217784 538802729
540117385 933633812 845299792
250938293 480620738 433973611
464583871 191550653 572676437
136458466 150767583 866750781
568991652 218273632 935710700
237846803 661088918 723142764
301345006 568119902 189810401
234564252 304706544 84382086
622559989 655153586 412049881
481329466 180209328 880075028
331060756 786590202 585025724
922559941 433283706 705407187
639808926 98216191 890898771
371907852 938766338 168550991
998199099 488176370 424511629
414073771 484632266 311984931
192472588 937602532 822144308
115328972 793426914 523235355
888180144 854302014 665171978
519556005 682157971 325287138
679285249 795894499 223288991
78569217 666002432 59294520
293219034 762940879 759596793
638076676 3956394 239688053
233796312 29181545 656720533
909600666 689686082 631425963
682059000 719252526 375852949
9325580 565292843 846292350
25438034 600575165 728673484
880054118 697817963 676864552
851013743 455626302 319419358
244565304 188897148 565253806
801938337 710494031 294824753
686335548 974832822 533121221
666362753 233522063 269897352
185534606 113978293 436015831
283167526 516401087 962856406
351639343 718505510 768062660
275846529 884628858 210464174
698914061 931763538 932805204
99859028 32128781 699116627
217345929 308671964 680291642
505122768 152827825 132409137
123925001 87337754 295493274
627620384 901784149 862969154
997321312 521520657 609388517
172952104 305532510 577106441
981322566 869128633 496486355
666853425 72552991 357443382
521574587 636535877 87200175
259634427 784271070 426205275
435860347 645272393 120146496
630617134 332816484 151269617
231125860 829338272 260622073
33748950 147466680 361644371
934835224 239972935 821326004
423199987 786278253 946535370
838476196 180432085 149374913
189696919 642367575 966462109
679875964 503200006 382184911
484330605 510842337 465194057
182809748 925311762 587188326
649797292 334274211 735017117
926353821 734494829 942229208
233782560 206573175 943424463
740887084 451209137 371647421
131812232 980079963 48187432
757339747 136782146 444341954
407143822 974831896 618815703
659760464 554419567 224800116
103309350 562037696 729602555
498618433 154599269 177208658
690884690 569647213 512217275
319440428 450586899 565200574
692401756 961340687 245615821
133004395 454759033 188754430
59782332 799442938 53564748
301243576 398982419 495609484
847819050 283034997 964468635
293317011 348803229 353018836
315726185 894305961 692004432
674967130 849936635 878739177
108932729 569783 565535258
904491163 748169372 176722126
309971234 821004231 84070803
555095204 633853366 73618814
903648220 579476878 389156147
813046104 220726921 137008720
391359367 843158279 539381641
974719276 365502711 57555771
804286684 650886423 939953722
632365777 783645142 762799045
212164257 971527887 272356625
213840114 512692773 656721673
454518925 415012302 402154143
854753347 341269229 798426985
870810669 944333220 247557800
544222739 67547905 896486899
437435256 273671250 512089761
119881446 186217619 785361360
482396197 8081738 840120271
496928961 582687397 383801038
522398653 256063834 540410770
868667139 827896126 130892963
181902392 930914773 397177249
143106997 67686862 572251188
971001343 553769226 30262556
19707878 855166612 803186334
200030358 864168470 207909831
34746770 302042103 169516546
12883507 891011502 593950868
934606959 575772689 729053096
106615244 49573710 649370605
463251882 106060840 369860672
858624622 50296237 476135941
271253419 50247103 610115207
615614346 53046243 378742789
323193377 101351856 515587300
707277458 222796280 490493854
401200909 738721586 962713201
2841674 486060942 79127325
469294623 893172270 285205327
569023653 769530035 333205585
277962692 318774280 291186912
847621214 610023919 401018225
41976640 872328114 844112395
713386016 554162731 771995059
765299145 656243996 897515800
73304583 454731548 391497950
669878518 954729327 139860055
421939323 926332936 544705352
934883129 545051593 554144071
127761285 853072308 734469518
388201100 78240885 338780125
410990659 406780327 988214268
437329114 208138612 329313150
682573493 418381394 605751934
933494430 522504328 439372583
149869463 352791397 349675516
929830285 539713950 66726097
159866071 715144475 920279500
33673769 645447048 243596945
878548990 61645410 427774053
254066861 418985089 801277000
209609208 482062763 187287757
987979918 71435312 320246741
589691631 375361008 687850565
423600074 81127653 830449423
435278343 825000920 495848421
791490840 97053112 471364361
557340237 283313037 751210342
44300309 527038195 194701414
799314348 142814144 298811176
390682884 652212000 283985868
676624256 404491434 810677216
20065446 380411703 312372575
496084000 490826313 145721580
922134113 188789535 736476406
476128854 202086688 197235661
869083751 37279364 98918030
727337860 44637828 945806189
174322356 811394791 900106281
873699364 296582575 352294610
107596836 4816397 450557732
69009817 297314964 168821020
422307222 794308876 164553633
997284830 887261708 632723947
695242534 193680144 561333302
179941162 767847066 335563303
750685284 741177287 27646601
580672203 586872916 396827724
416930874 261125490 950001313
98868905 595091537 934135519
246984355 772704961 595454403
775540405 72745555 609244254
914126313 294662979 988255836
774348561 226929577 671835414
61798559 475659569 323737511
164215051 701331702 85795779
838378110 141243768 436642972
716143437 781670386 996362853
256123869 65995511 344744832
40651497 900008198 632629925
802885888 181775984 718825169
973089949 472993636 875126221
345084592 996863902 789189689
298818139 82569239 831120400
736714748 709345818 446813817
598476771 420196423 392867496
258990465 387550477 895278448
634633718 661158436 568639324
558693733 350376675 328269392
660171639 974591677 780661249
482415297 410069648 466990469
639125442 838806961 67198065
21588682 308556065 894670288
746161407 12248750 16737100
298932402 67185427 253530287
283958072 636411531 647026728
864216722 528702969 191732903
909596466 556375639 406591811
697722741 253602806 212142684
946413243 614842470 606339180
294257342 73249102 482149913
967090904 262726502 605950361
244767282 643044555 232846558
885649896 527520330 900447848
136243674 85245700 190044258
985155588 625051841 514830900
473961548 797846417 702757340
868442844 885475444 745898734
267080177 394457685 610378455
435695686 948209337 116546922
98922785 316216119 258877644
883797346 711232201 466090238
476853242 130750859 673305799
461313737 296697867 809601900
308298294 447525323 716198452
9219963 50873543 856882582
176618565 439646473 498991915
227367669 274038079 285209799
332251239 981746595 392316774
273372864 656839938 807686790
328017725 745975749 626536348
793711558 915910674 115540197
695995239 634484774 818232846
744988429 54352388 291786950
30834770 683067273 201869627
174297416 228814853 196428559
532867290 204667989 508096448
528776824 173213956 66081265
85728889 428855614 323090251
800937923 88277850 3370546
244418427 969175109 363115860
309757338 189316146 958746511
499256867 43521401 42251958
50214091 493721173 507372078
458844756 992555364 563820959
102642323 233075007 471265843
577818409 108965403 755221725
222506262 427858600 331164758
197207043 189975717 360413379
68519978 17261419 515815884
630723737 789217026 970533012
993353180 619129805 543316166
369681938 325174260 736470131
328193201 535408924 731456985
753236231 797275852 493424978
644487 211157105 869081924
286146772 20060791 797981192
739181960 430747835 22582619
928029382 235860836 187905256
888290336 641299385 33963463
431088392 213951044 16598784
727472510 977616218 821633327
312930126 243688406 908176967
724470969 652033762 261625111
132775422 235061400 973906925
486816715 279087212 878856789
698901513 286604527 616533799
625038813 176882728 205782452
774681101 863421931 238469798
152486138 628876995 131784884
233081789 564592230 87549853
318250781 316019087 690238657
281865622 110128198 425443286
597144008 229775080 55836582
447417844 380647654 210251483
992732575 787323190 811835284
587792641 858455494 708327667
709087211 213329042 858426668
711415037 460833370 859911608
812706853 848289405 307862618
8290909 60321436 415633240
951571780 135051829 159254148
164056205 374266363 906468962
424740669 532828962 612081322
636968203 702862029 804604753
960643975 520359878 550946226
956617314 711032818 320078479
513225165 537742588 631522074
7325014 875920181 104085016
79015829 309912326 103703357
706163210 706263819 118335737
7018922 547148331 45755960
809987536 131959239 241984378
932432363 274653467 447408277
17981996 848877961 67204780
770508374 824581770 945180551
484580412 55027390 819631421
644524226 493824571 605514253
805436866 159536653 472569956
505656223 638591715 259219088
805449339 356591769 827792892
617035696 419147029 570914357
848216172 682279330 736269640
730980908 213273573 686628665
272605539 479540161 13949835
919729844 592320351 599185921
659506073 18770246 561117182
492290809 339527247 951040429
570677288 963255674 662927660
782166976 390041762 436427309
4087432 597390017 181149792
813050783 887190811 604151690
274692358 114822324 507000897
309057129 959027192 258667689
734226910 173554494 378211279
547379344 130733456 873006610
939620881 933689378 930642804
925821590 143518400 427371951
631095698 182505452 349108568
762372422 656769359 283175794
363444410 28355630 467648068
211823806 141913049 176618561
165701770 715435783 496064545
576086043 758696333 228342586
922613621 926593728 827571543
744264905 75637855 417037770
945613351 177260777 416353242
404179140 158349927 856824129
593286561 516475538 863524072
804602769 813468982 853426657
343434425 16069974 553727904
510170303 788882250 4901889
414343999 185972884 798908383
816522712 733356792 846851991
663886965 62942697 551255508
149659405 974181071 156446567
502923423 744509863 915419355
290806146 521901647 363607388
9004751 745482556 469522107
699601919 939158565 955129926
654489002 45461884 880670464
782052713 958847466 467115445
301573952 684920826 792422701
434792182 255766572 838012335
463944888 472120165 142095605
593547331 514056072 640431008
153025278 329154952 238872884
299626898 137209146 762699766
372634484 174577333 637340181
692805642 821921917 23556336
865891913 607628781 112430444
983687903 429294495 455949100
100477353 790146857 991300737
978559092 626677556 47054665
387529623 345755934 56726104
333605320 646047037 112826169
878289737 606131026 346550637
299344685 926418565 689510279
393070337 588513277 972747063
855608998 436024047 731692087
591464797 103022342 986287324
467152038 980735622 114806863
528905623 495281419 610698716
48743885 142036186 23794352
916712463 276489711 349588364
112571059 426772605 820130047
382732635 826843833 699098807
338989849 385218608 865933540
525811126 387359475 271859187
984266085 618068896 418514618
501123449 184141392 723671425
838135843 376192365 134809348
609572623 477922391 905072207
403035579 68151846 957020415
501246253 340620838 322690715
886719051 218784284 994781025
461468707 676564603 42794385
959948602 328082459 839617919
179188845 192785458 617822182
787429676 150071583 590977934
693688275 277244179 374851980
198417309 782738922 232207222
52032079 26866399 816316096
822243934 814060869 154025276
793259998 933905896 373480133
164614805 285989375 736561485
833532872 893756712 57013924
982996167 560954177 983044664
820208431 187954735 82491972
565264451 44673250 676654527
303412229 929973610 376005281
249789330 793863408 275947501
441095603 483551741 564131917
477981422 467230324 493274791
972577215 28501026 137347976
823476520 77339101 569622665
468847189 892271492 204793808
805800082 898502010 101096494
319113072 41511635 466340315
581624500 263273153 186362212
843992447 645461612 502750085
384557494 799623537 486023689
271903967 676322570 702463514
546291434 790279886 805231715
491071083 640363188 370625802
402536805 548091710 833954435
296770030 106682463 793028033
416192839 775636839 117659648
720495249 294228503 213694786
292914980 599336788 126702703
306770939 377206270 695457543
551569517 116327803 773190566
605816713 478333828 656162951
242876620 194246226 978752065
84135160 227026593 748923875
689504341 249511423 125444989
951755395 921838257 226861914
603948051 58834330 447946321
915924416 190951583 393392103
182181790 885636820 820826921
545356663 350408615 164364451
618818645 890836934 817534693
712852618 44720346 393541503
714862774 249909184 101483449
218946373 44543811 272818213
931844071 504956575 594274393
841207660 782294778 303090891
144560076 111774308 887477652
975198973 916218977 443089986
194655141 580453284 506777191
677702314 778495332 95249563
948764941 73945344 43252495
826826802 344785791 333456636
827842054 964505846 159829484
704780669 408861131 147457311
907199721 225705216 936583612
872212653 433226727 149345534
296320250 425656629 426569070
794990959 159982474 802493315
817977262 865940693 605164074
381280322 492809081 950922836
770708803 295000974 842991320
411347763 931807094 455505680
593583605 77931534 343166067
798233299 678915882 875860889
240609712 926771272 446101004
7944682 514438092 887984556
72188928 267722960 526563738
525578809 698260573 984252430
573830447 612545516 374575896
89955037 630465506 5685046
723529638 419204045 691669975
487886760 548977423 669975917
13156403 931619425 372303051
114686778 330199915 409314049
624028364 261785854 172950227
330292414 56837245 361114484
687479435 90509402 581507761
418510435 187924602 539167763
361226677 205153420 657983384
25738221 260528196 85520707
42481100 569091655 162294805
732348734 529194705 909289752
292874710 454737806 593348517
721825137 817970414 611245462
235202304 797253199 743630057
723613412 771308358 675665072
470969160 147580947 141969727
176920106 516862925 195951795
759781598 726060660 823145018
126338339 466503188 235250096
332302688 744525608 396603121
604956704 424423176 305617232
721506761 789790176 689032170
549525931 642555025 54053693
542769843 867607790 415087553
90295572 217109387 222135634
629233911 520038815 979950323
746664423 108649479 775097241
108732553 184393802 431236430
202632630 757931795 877654419
644506379 169894440 301211707
587513747 80560587 366485692
463348471 398215255 235048737
738503994 162619070 451570438
810335325 112367852 349799549
916685311 274018072 515035120
299187401 130743710 661750381
252727746 246694566 100025258
147669998 932827059 546525873
459479453 253732321 808307500
935714282 547727710 130426108
268346040 64864360 430643577
281518119 221952380 748082016
931054939 163017392 437866909
233755959 64199286 10670708
530951223 759850121 527912249
698697608 980048757 122067915
29406121 166379025 992781046
501369459 188110203 237939680
182333543 141969858 522705897
157995777 80228376 518240600
578139818 313349667 314856546
458418829 406911158 909221473
202051597 970698959 802457644
524842955 93382380 873942664
556836120 197743641 316056533
862322964 754933794 97051049
940220387 322911631 934844032
969899962 25122873 526874513
572808353 129429609 685631304
461940129 676264209 85368512
901887496 468064286 540274285
344368423 952834028 993789584
283120512 524832479 347243141
135053468 35658015 14297191
338432558 945669442 524511746
734563106 965426156 121791630
698808736 420048905 328831980
78346492 584815954 603541188
643700081 4107539 321528438
463095213 565587765 512954489
61649408 277790532 409819945
992212796 353113877 191603460
403323933 960836311 942852413
278209626 223231234 901354514
640225875 842155264 195087238
627862124 991814782 232971437
625941152 390821374 513377417
463336099 262296237 967854400
282005802 625395428 710550520
596341739 883853095 8013819
181623648 580092643 263559993
765346571 920650950 727990296
367495362 696728864 921308513
702153242 948363326 319791455
201846554 611034244 675894258
263484725 964446052 5014749
400963780 22571265 319351330
385285138 857067638 621046290
684473155 64710567 154934583
308722562 143662758 691808055
150440061 26468558 461070004
450709503 99442662 565377758
830178753 880298029 26885788
232776193 859938431 511032402
672217102 368505975 523078366
427226039 188493530 131638354
278475469 122720808 927445129
144412781 48297071 826726400
902873509 218007101 846368178
87893742 635565451 228609365
579194265 623823477 792848202
83346203 703298505 323174094
259362290 224508883 310120429
344450627 985737608 595268483
867917482 779476686 661686540
47990638 617636153 14689867
924552172 778990091 690390549
964357573 998802628 4698446
618814520 206529032 505588912
135615439 221080975 55142258
395505055 973163128 908831873
956570051 550921223 599392940
734597982 124008550 976125998
757839479 728979831 541153170
468042554 663779227 403649512
676261716 197787142 703932749
382821838 681280078 475164920
517511580 150596711 98818872
303232071 785194483 749926043
285952557 948292100 494124731
656125641 619368701 310067252
550712025 268178129 12620744
698359715 192114367 920897372
749569482 701053344 966691145
912339169 105905584 997930533
823084521 446986524 142955268
313278910 445580204 698527723
57471373 249828024 178441273
912298535 920559504 109194008
627267531 566311236 533061557
491013592 851967546 68118368
664152733 890639682 751773628
46087645 670285869 542226968
68421439 186782045 445604922
945093411 118137749 298512563
620396956 795265400 843871259
100 362673453 808290307
307404052 595245309 312011914
871750877 545757610 130598514
81149183 228746218 453104157
118108730 629969020 306504270
62868404 572646621 237098247
154472322 833386730 198008177
242778957 440171913 457428764
929522280 53129755 495566341
787410111 8886642 283129332
957784313 403259941 330505399
102116994 316008001 771475783
978820752 638343860 979312639
161929589 932680953 185039663
92836845 887776900 676737251
113944805 426817809 344084438
860310991 376257715 938359750
842573983 448759532 230813139
87784762 824032435 470917209
344433888 332565319 142697669
551256741 170754917 213764773
729439208 253769673 237533648
694671516 160777156 51451419
921522903 840920201 248947102
956129835 794826283 991216328
196184350 827464841 236504981
719088517 892112658 426293707
116836481 654545816 15146192
267339832 326438745 211814473
523676840 462881935 135649966
361309378 693688572 612903609
955891301 761700515 648958465
967895851 62894857 844985443
613367284 107264392 252556465
773240939 989557288 125062049
889594384 139872537 756037632
376016403 365753086 100481875
890789973 341228073 500862275
292839978 115389433 916572240
413798436 405615646 458955535
399817850 86591727 430401379
739914977 256634745 435259671
310716197 537202416 720203351
716727763 518023605 122601070
294386718 475466020 306455054
687400831 984691410 85134762
820896285 922901560 419750507
164820081 195751758 451060190
475272112 64175551 807808096
138108123 706922576 273838889
210800941 570505785 371564141
567993883 193312372 11729407
399240446 969463585 340490346
129557638 30130513 577293242
904511248 901894186 268839813
555178723 164311040 423566946
132993331 898165527 272025949
763028864 276346038 254032209
107682776 555726798 296391110
332024633 944191546 62003497
394165496 156892682 450067093
122469839 249931220 768395435
532352674 939693999 825324750
560897642 353610751 840421173
537461004 85616758 409938945
161212491 829790851 526760578
613207541 11155682 661214690
748987704 606178982 308604091
584669670 338875106 942030073
78656071 406546124 756803149
931855242 647427460 82913035
709170054 213256602 817611037
339282113 232649871 945171994
142324459 153674796 2648732
837219118 90917510 861402977
511650951 574217747 241823668
486387342 519754880 493464649
806489897 745749792 395289619
728746885 351816700 910826335
316742059 825662677 235834556
200590189 613570682 379015131
218716411 370120467 641257205
766893372 315888048 608817074
142142332 25565560 631644911
694349890 562310350 283221607
815951625 929694830 548204621
842969843 63468169 23174646
469771466 369325001 732081661
558487328 611068977 555855988
615444118 849632808 362385851
357914742 876271169 630829379
293643101 967561980 373381155
714410829 652697023 487575727
726959751 608090406 222617778
263227324 672108330 825616267
829230819 783142496 695228240
148239861 127504595 141198659
980298306 593700186 394130770
125323660 119300172 318873192
378764506 740126750 409295170
150866521 901132163 625631448
394719092 694283934 662121287
54793216 484105144 70005138
853823187 982414967 332085942
458725967 488201919 43917089
144740855 626571496 332922906
234659552 974788266 924718792
519267014 845906694 241324927
153836404 768583532 200288448
394722410 546710786 796139066
74958414 777042356 257366607
57877257 389541039 671978095
124698081 889937213 331463525
507537627 729846128 288429383
397056044 793130973 106715002
335042095 215772226 186872608
230467517 769841336 900134672
621715513 132332680 208996259
744058419 103459123 401943061
907550137 629112550 123392158
782502930 889238247 525408225
324315438 216637173 413332853
527732231 733745195 148325374
68060929 951544556 774058099
627875276 940384308 101664791
158574257 841602609 313749417
322126622 905561550 264289223
576732786 463372604 383546404
707710211 194584959 717825648
632309670 494702343 59560084
485312702 715758650 779425951
440720197 759897916 483522905
628358987 847584829 953721304
412487513 82331824 719134007
965068885 547659581 730873690
9611420 97470223 397436208
342673619 659724079 126658422
252051989 786354585 654933581
865057537 676233243 202942889
596570847 901506748 546660883
722728220 377072294 646153479
352979879 129590677 490667017
387535289 809135192 600415289
497757235 143166363 43841203
966273047 353952665 862008410
448488100 564903033 54649078
210116142 596001503 792328766
721094127 329398654 629545890
752053612 793969625 896198229
452934967 214732549 620453818
538811160 453255125 223510276
927036809 262683552 242865795
771503646 651674875 250842348
269749789 849709378 62822621
928301042 155853682 774686319
920523209 417291550 774203937
839693299 337165481 214557375
667572007 984388684 536741279
307256553 161389173 501206919
612987750 478683864 324795353
839750978 143964134 379917058
898975709 986873632 596638333
555553787 682145689 690073243
445230473 650777953 389552455
130618444 362808835 251500760
914573085 806234636 597326338
177169429 799131392 428452466
155477372 5685750 737997514
721483207 867765574 184943024
242071910 467008531 223713702
834491185 113115788 595830681
368765878 705079366 485949759
705607074 851503096 647593553
647270730 778455259 955094411
68032129 93547184 320428439
409497857 188295731 880381656
615558278 363582603 137254325
301274981 750923529 241804049
630052476 214160216 29729803
990688944 448651209 462569978
710914825 652215482 467169208
467634626 961328636 610442719
459871804 875317311 292364643
310131063 481548721 622818414
216113644 49690078 609292947
466211001 911412646 488945815
934775552 144395662 164293633
950483780 861568407 286268003
270672157 207543122 650048551
464411255 324307776 854018455
335135168 633254772 236391153
860120133 134886210 608024336
765796598 229228132 29748243
435646346 864821293 197453926
449318929 800379432 141679894
156091397 111772751 687970144
575803635 686164823 661641461
974108293 792000316 139147510
766448173 839423890 394241897
720845288 776338839 41888254
945992797 85018965 307365404
316818476 313638520 501797056
497640713 967469740 461515352
826543938 909609475 524001179
785183738 836850214 843808808
17309972 950642901 194090968
640107944 112985576 715093455
527159089 241126189 229527349
291522171 654762725 460901640
581376871 335836572 116514928
513373818 836037007 984243831
126991501 597389747 381046731
166992477 595253403 385487980
535343306 343548988 117677526
280343003 368200984 567563817
430405733 668312792 973119477
913458210 156960061 40451700
756612257 193184784 878442622
129960354 670049765 680063141
164048551 328670122 672275066
680925359 976668838 881286792
932660147 254803230 105870621
670970432 666592038 146783521
388878014 346313082 154996368
6068887 924225128 952961247
686009741 908641317 183935461
980441324 414616283 128259426
233811119 196934911 314004363
733318027 930172811 109934235
164112524 861235737 789770063
423325227 134303917 799476928
954787910 266201707 993114301
230779170 19408544 98756483
640248905 216144786 16654588
216337323 598117805 452910727
686297315 732968039 189315724
656759905 329089606 756889686
107910175 340177270 793800859
846893235 686994303 389535607
762993881 709359287 707907919
515272345 846178904 668628702
63377139 108035860 996381158
87791346 678374930 714089107
75957088 517914947 309103763
85865441 927716563 684229238
728729143 453310611 816742053
276268805 510192924 82573947
162574955 520355574 822695734
900267731 165318560 286101450
295525846 857303827 682424733
889438521 571578381 974212832
685373390 574745516 521158547
629317886 577587112 929378828
648788429 305509758 320773164
829218245 702168187 922860349
301336562 108822446 486275253
725726590 64855454 402141290
557279313 571085505 613090868
914542800 842731254 69270743
556526507 887457866 157743356
679231514 101641048 878936671
843152055 681944379 911942047
350840090 534304706 863422792
324600401 902110904 751223040
815204725 660955611 283871617
831194840 719391282 524507057
281191986 513791532 211019382
528108048 988155370 279872279
441796491 898625134 322520215
797103984 942524149 633784201
802551813 973871171 104098463
831366110 716022128 903764600
577117129 952399221 696517042
412272425 871263474 657809616
24971659 969233710 736956376
903627621 591675744 950369504
231920165 89501213 230500103
255634911 121563896 62698815
336877503 469747647 271609159
208010299 623991305 498352950
945586493 760830227 285517019
905960350 757767798 46622364
800811761 364225156 682849470
557039051 843859611 849011085
582557131 71693675 79873784
1919864 14654799 266567964
822401125 209388790 959953136
815181564 186984026 903239141
412470980 574542108 144933027
682835878 277023900 687948473
820565800 771421507 64589617
183748310 817033949 450720901
862608178 739248329 850480335
246905156 511686053 304531001
2328862 430703044 623246601
334717125 33839144 134809921
201392631 445251415 316381718
351197592 781212362 800736245
491417809 692882100 180480791
128286662 569503144 936165238
470848398 587426658 643335995
50405598 728192103 247536439
749516124 400886289 932500218
883290939 389131005 57058699
680463882 495612275 15298332
768626354 189712606 582317121
359697655 932284539 971057344
888403753 200017289 916530848
805224059 796269774 789994564
536617464 58251736 189400825
407402019 139806043 768869418
543383918 820345982 842749390
473870828 416495723 532168626
870792427 616684332 876228156
372273266 552482729 605289733
308412782 156825835 478130339
410413700 782934889 164980775
961079965 653905170 223961767
201378315 303237033 377612174
845002315 141834452 539420350
820792914 699783446 661142358
270160857 583202975 534065168
492146583 865838572 806746323
501835952 663271972 680868114
368568639 336441949 341441800
229268815 832895185 671436812
704004041 663669934 175471288
836029746 260564915 529073729
840069780 466110614 623613427
695446962 948778258 199253734
926733397 636360440 937183557
650608161 460814153 178325145
228227603 107978734 551572775
540088444 381087621 530460161
121481490 669933014 352206235
379216240 597566627 757727328
586355928 983526623 979347242
464010154 374824098 253031321
885777339 506433763 987510856
773888685 34218162 43755774
337609367 547748408 239263355
202812181 622656674 276501541
981213146 985417944 277187784
573437625 559663993 507397905
45695791 225639812 680720833
125806585 92123334 971509711
829596525 602993816 509344071
361292269 189071918 113680783
78167794 871157509 997720604
436725664 222603936 282174222
998018524 982933603 147270050
779296870 629725480 240648688
558748550 65329114 214105157
161650286 395771799 511223877
165746249 834037369 39340199
640906468 357487237 994170587
815653674 920212937 968187877
398024199 241039560 584731346
144434372 809868116 502461623
786033995 467150367 272699970
478563958 474759323 620692300
469676974 571146434 579710982
174510022 297560111 875769483
13055912 418856407 319343069
111930496 784443319 782084078
647819011 815607191 139745075
533903293 144673246 529814044
585384252 174044837 712773817
731861466 305803902 328832802
835681581 272146256 558260835
964518287 892844701 302196983
438332062 806445650 416964682
633638478 892131700 979888409
687623043 219780308 745028587
588974904 298189600 67771609
176860061 67448459 752528363
905858163 706159742 863220314
969887019 199295945 57285364
594501102 789782800 66889924
219035252 349178106 888933850
458320910 385972943 624095662
320765237 61552686 234543049
585516534 212073166 739356690
699217791 730971318 484249636
919266616 953896050 174596649
304704238 828314052 776001467
287057654 928729947 113854596
417506066 856279924 431908512
699906040 370999026 424110470
537971915 201175975 680080433
295601429 109576505 122534548
242893172 902517722 487855495
83733383 935257720 485485094
164047686 243011826 636955975
561062006 420726720 680841373
391545082 273780183 147563474
346922279 592795978 543667689
621510303 686119715 196762857
958678100 182350832 477657519
42295967 319818556 200296359
452772113 268819858 308106507
541658219 650589533 562333516
373405511 283548086 81985987
369993859 946785182 142791321
741107801 854786347 581169297
889166512 457479756 189884303
974077704 343549352 436362232
222584287 603557260 108575046
994524763 72952768 203760664
162035886 639260980 796888778
592088607 438992912 736472195
93744204 578826213 502229619
387267954 518609881 677788917
777892078 22048876 63411314
484212321 98705384 34098410
722650734 430925710 262801706
821942939 150525090 430582948
371509195 68379013 335194119
538497068 604875916 605222882
416800298 123517063 628789221
691148090 391334500 435606627
607551636 823469225 468892398
571914928 524295901 280858313
695016114 409357406 268729955
511327914 742141545 768427857
707834564 211169261 265812368
969873989 780472941 430296701
167989104 599137976 997501765
282828792 680402900 875335795
539983251 126946276 726339095
756352286 761238973 667116250
426829518 27393885 508040191
625523571 450628151 804138134
721741255 484472104 221986589
289533066 731421813 186463735
619937989 204671999 502799207
981217949 899761500 437321247
67737274 440360784 492866764
675963514 365716010 822299902
379266113 192353688 649126333
976727838 549551762 397769047
441441214 7331827 555291311
787115766 980723193 425944572
960839648 110512411 507368780
979756472 574894730 617827255
988071156 465439203 258305957
942077215 953285891 862789770
918054002 848595313 203651751
855728265 478141537 359906673
524459808 886563595 758227233
706685698 346497332 475746380
62285833 926358161 376682150
53495001 508532060 319273369
276094436 691741956 185748641
973248439 611404347 923712470
235638453 516177147 813237008
775546492 971377227 240209372
732188167 891704984 67377225
671522481 987467396 180793854
869994771 614469603 478154362
822894436 977613324 164486439
217671965 764373053 543272989
478451215 622241574 382794982
255959954 877227384 119470341
107408945 781590774 996528907
270089301 183160399 680100700
146244529 274739487 429641762
481706741 207875763 114394665
124027968 467924519 33856857
264616780 612442789 274310942
163692461 90574467 40061537
361560770 897180573 202531588
704249115 428034108 511757802
329346090 144898995 915691769
548676114 928413868 671720404
627212208 687473292 788224122
185871809 679096196 776487231
719914131 837860992 922562438
835577256 546406973 367186195
644697773 909783970 661559023
122628754 559218372 120373201
135034180 396419141 803344424
756043885 95948219 665150937
114114893 887950049 111275943
627154252 19789018 752337759
401111603 961935114 97513082
945017018 635928740 555960298
960685757 27362968 388739038
357030500 781407740 424177234
3637687 838546593 767734404
650567309 503632791 563609705
889898345 753727358 534477004
401963425 4594923 713418576
318282630 786165709 722142424
907748425 67920204 887887720
782221268 580447962 931324182
1921223 591140736 632859225
871844675 357440088 400273541
579793493 89417984 295295566
159025867 655751428 63516221
603147737 765441586 246186504
970859189 563572959 304912081
136096403 458194650 972384204
604174567 528343516 206332338
115073832 290052587 620513477
396794569 954594155 448023809
552409523 130664406 589488130
530306858 795812057 929720434
842465158 35163194 21001366
839626726 749473752 507201282
774536584 619577472 150342299
580530078 324345580 81917589
477898198 247066155 259790262
243290784 305799515 304302731
825857735 757425475 305858746
208158949 585776976 610260901
902060270 428715638 388890223
180392158 434014644 688616708
754359136 684867514 960483828
658941176 514718690 924443217
441305570 818048715 288023922
190328103 385253971 818566572
175919820 72146435 737917250
522474085 755962524 777929193
117946703 384679675 517969453
800462350 164311649 972967412
305328881 85466008 889629994
346820906 316855399 834836293
759039399 180611972 462919237
136171276 275418187 420883969
866527956 304655231 577947277
225375543 250048687 235695239
434163575 668987027 477050934
39936673 358607117 756697521
198805902 435089305 312357036
980384774 351932542 369927567
918072505 313271426 732190893
421524578 65760663 644254100
550762067 854820703 490178625
11015660 91707821 344690012
841505554 898101273 170173513
784046265 737943890 610412681
95925844 805470120 780169773
697466157 154569207 508229463
42625212 219913257 74039144
768363459 106567243 897883677
324356543 350801156 690669312
373512783 158385266 14329857
463405966 127867534 620489418
930179154 521164935 928760074
580855248 432664001 513368762
224139126 326010117 699394498
544727217 319700287 392294436
484318565 981075682 201766089
362076000 823375123 226646940
257761010 715454235 189828135
67623037 164601080 833826204
581300004 818064945 597606846
216626006 595807008 893251739
486651969 418245585 229363122
200402619 443449100 29521037
823499117 209746329 237683482
640345410 786522536 333138667
693543366 660593158 716111847
870198733 923990804 918577960
37670937 713815073 88675463
722288061 540172380 43224604
952125437 372496035 867385013
542869852 480152320 483606927
17763263 508640151 74925954
918134232 672289808 741770549
361951869 759439508 868892212
606712007 478938707 509652982
976488884 473810243 674117796
8515407 999339351 670795844
329322630 684158971 317455139
641546752 281273021 30834271
309872120 544003831 314128302
837669885 212196323 523654981
498825544 907220787 616879311
911317008 705045030 506834085
761470871 287775787 229772240
873216838 523492864 627457627
171363817 502755021 6852749
29343532 202683945 767022166
744516184 168192900 19276945
451554246 193636050 153959384
314546416 605993590 716200733
637196204 430821927 147007143
803136140 643833392 205360450
99764533 857360669 586134526
209711532 44137498 451947119
286033445 775233012 123267360
72289966 771549708 725327517
818591054 573221406 208296972
427895054 384522536 139121224
756055822 33522790 93705381
75472098 661491084 846971547
683020289 518535870 30168577
510885837 893772557 583981019
593071000 75356305 811384209
606899280 693445417 753065054
962501251 69300227 648264873
298605295 701515608 387177272
630677424 655479409 432471058
356984466 348692371 646696107
716018745 381403582 719406514
844525095 76589232 702626325
166027537 113677283 209231576
137438446 26212151 894712180
737615271 181751176 803498590
732856252 77854779 432558875
835357834 56381858 104007895
941773355 107572744 598053162
83820126 159820755 753705588
628936758 990878469 634321232
849191412 988591742 521919249
757274837 105471450 780555411
566565710 253455917 192530278
235305375 225162112 283201674
163861225 881264824 129080949
629824745 77542729 377551703
981344406 823098660 744679504
617017604 937035113 10984535
408225334 38662355 712389295
326677831 569512240 719740184
812753395 354712902 745742718
927462580 668063798 279495913
405723256 203135435 773168669
295131850 854411550 404461102
754100964 429594081 465697594
492049223 697760390 519587419
86777331 793048725 903021435
493539424 247716208 465673867
311326522 346895152 219187567
665823498 610667626 672665943
586985183 472828121 346528365
489777977 214544575 143651220
517506 551208155 515242217
374846521 453175796 707241521
169327403 355481398 875614273
760085781 864361842 652517219
62517661 595694664 707477235
135446594 514944044 402228958
836164115 506900712 3028827
546606191 506629204 770365832
358940421 741861283 37570573
979995136 717694802 730567813
438146438 725023356 435028981
248871230 397498800 16188728
587894385 521648744 255304109
873367077 753588457 681389388
657826642 270946927 479248905
808672102 233633487 202529684
403704739 648596433 382298805
886708620 455654622 437692499
26845480 134018560 139986576
80160650 594766832 444538844
476388122 65622731 869628277
798791109 37508427 684037167
802710196 2070937 910013125
529729045 103722755 389184118
860878817 662319490 983207158
307390877 784188522 360846861
20640512 304371990 738159166
297033925 254551860 240395852
219989498 722248646 711518516
727255796 808543930 944016014
106102538 756108797 639532231
973215289 50408282 659658656
529817057 592794206 815290790
375357863 528934227 105286114
72139100 975784045 177172226
234489873 767109303 79232761
114021795 818620246 81852498
49918500 756298358 149599957
299714652 407671015 87577918
893820331 166550784 930258256
652995495 81895419 41530589
837459369 790953741 92262075
440514161 305959438 734542077
827747796 431247201 575250228
908863943 389473140 926285826
651917418 122803803 222978034
465079473 363252019 319301368
984043913 386128644 370194002
695901295 43367897 391462
986990852 322200447 223620220
705244435 804995507 345660734
83746407 424646105 858388541
48702982 273585882 779692191
618850781 310469564 968580021
979452932 335824494 974861572
410526662 809359659 232071013
677836336 98660252 331320207
476328109 484617529 866232222
631789242 328395670 309447334
182234039 488265339 832099002
879841488 654197406 173881741
10491860 43906804 152999850
763168240 936047178 335097351
117257129 250101838 623044672
189361871 192399708 1444158
667783614 111747871 907985463
541817696 818057181 231416053
898053915 735150778 372307858
601375281 336552053 607023000
45927917 235210178 127926047
367674479 63495284 77354658
984040019 411488126 564404673
63404548 684811032 407889218
598088822 535877043 154571984
956482295 509174361 295874276
452147897 377711271 293625263
250400585 435708721 567429009
59343508 599912139 294370324
611859260 10727728 190321872
963876791 617106805 787083891
454597354 296326842 211944312
594667183 950378260 192626647
659816209 93706324 382380413
637366839 470555738 446465922
98521225 729126565 365492027
817224676 316522343 62285964
738520185 866870371 410227794
759948797 964586580 652284486
973943151 905610023 802647651
661828541 393373341 812700622
519846939 744978591 969472442
509624090 84721448 379239195
228708283 933410314 90489598
403599343 544485912 629138900
415111094 548641304 626396131
873173696 355323849 741578269
607950258 253285632 956713092
845645915 430959135 739310882
514624137 982677204 122082493
475135597 414907375 829067549
920820126 533717609 251995833
499513747 770648556 526708311
85619299 908872911 246971010
133719171 767414907 530365552
33886277 850484824 601952634
452936846 892527378 686079703
918341203 562071137 793486876
935011893 127204030 833464666
481773033 613941152 298648530
376160929 762477317 280416170
230105408 79135730 642329142
476012833 894702629 951831660
13277820 149914702 81284670
389778554 680359769 559142429
605207509 502209633 694441330
223865452 97224358 252490446
197351132 927709299 540527059
619933016 267213226 675563167
898145292 792883417 251591002
780943212 362066780 408716027
866935484 121423332 207651390
560387539 764896275 940891150
397260859 682172445 242064951
225761421 372220072 254588687
949230768 300549590 440535959
963878121 135142354 918265915
585364592 992522450 368773481
767989791 342363247 929864618
368447079 59893972 753025423
804909233 181025383 904299949
700989512 466627036 920887293
665244280 315400183 828408695
991100210 929728694 646408750
787439726 595045070 192016791
421900428 680237608 579202809
521424106 844720826 476746515
953960853 126543833 780961520
386833167 45397516 879697928
304270354 376943573 853310661
533870530 921383857 885793296
777909867 262903480 605854145
475054412 886411038 948205214
255474721 503295688 745149907
190420945 112644908 251156580
530642171 792369821 917433885
282051185 101059790 425056971
13251485 749506097 326494367
704763841 302831564 856714902
87618879 885285421 282725236
404751933 48001469 5550559
742460525 581281018 173580969
247186454 538877636 661490057
587880674 848327165 419973411
754189602 806971143 322524863
801155212 93953567 300045100
867812160 728891733 681455886
345791637 600003725 794853071
25010472 864228592 684680278
642842513 814058825 763318651
165955585 912141889 552308496
939073527 618455835 785788974
113700079 241118622 145344180
497377120 107132025 77327569
444335978 600431375 303832756
94516861 955707895 808402592
507894734 661170054 251062167
450650895 834971724 372652508
393442950 600435695 133219209
17462204 263958384 694837455
392675390 562935744 726498533
274203348 664855236 989733055
858626484 737740615 503128882
104699267 379156390 654064939
616910571 383273620 264976210
830921290 670029428 906628654
511100457 344090153 940639707
590466645 934967383 121142323
314222389 778227835 306513284
193834067 683473449 912444584
298045062 393127524 825646007
209687290 209687871 388785141
929985053 121130694 986059313
524671429 182585867 589527582
777854206 320901091 382986652
216068978 687384162 60653583
758594505 211389677 24581030
65813820 955570221 231016805
739885632 565740605 755793875
786588722 432115331 727564094
813548263 348277768 464660008
818122534 74078325 425021608
120276295 243628922 216974829
809112740 642492956 605495466
7345912 469007934 681239156
851368189 583806380 905472540
956133986 693088294 872443241
627634460 145827693 675075212
437111059 950769410 784887604
832105833 835879657 469810711
520086863 469606096 832617777
781178740 218919792 49114608
762102732 381899434 434649266
267293124 300644880 398312580
660531473 283975781 847861242
642478719 467583520 453595729
405524942 58311056 606377049
371110438 264202566 936489730
863145762 27628744 926101980
529026805 552452983 292151425
107448502 764721665 331628282
624868698 902202298 883271672
879665165 871332311 502259735
680864701 681955595 665648651
519760561 679429780 10514891
736828385 976819402 806899793
651401077 808838019 115273702
97147850 304415526 937952345
597282614 948767829 382387191
523862951 94691518 285792161
899474616 752926467 937473610
369647605 16545824 442135506
966898301 409265451 886764742
86632355 360314614 909514274
149866279 267327125 922768885
302983444 239663777 805780670
468142541 852312971 396735990
695091098 50837105 118975176
643260842 653712008 295220802
54138744 734828361 878025686
678346263 19656764 44734898
735245607 108879800 994338110
10058596 840651990 936716836
524006968 988831799 195685793
777621276 846393823 328666243
558257714 714216211 910288719
764252191 859039643 577021538
288961092 717229846 749606821
56090746 198999176 117668629
92556629 278694189 338208810
360109217 715173521 214485209
418460014 706133559 937209759
185500658 792518826 462820119
965712926 473965009 917403625
152501635 51780580 545060168
769074572 222658918 599076101
782639604 391769199 741739309
995419345 43298907 178996301
346027829 453469197 402328948
598397050 312590625 808154959
17711353 889211662 213551442
678213290 365840217 373684969
120325881 546223514 331280920
976527898 934828527 240779623
689767354 377478844 109044872
402318367 143736876 80363419
253959544 411751264 868722638
367014139 492351184 114440522
125140690 423596481 974987591
682472821 358571157 46285070
449057567 766824632 675492325
488802495 615315022 162717946
733945235 499197433 560673646
838300398 228862783 529642
552147600 252571410 578860276
34866230 356139788 12899710
281067296 341400480 30907964
617896888 165838878 408870231
518819611 767709362 143946233
336718846 848210011 417324450
42259786 4663830 107629180
642499802 624033782 922992378
339612343 601368145 947373223
375235834 32337551 973037723
730885447 888641315 642911766
210650053 605694413 446243827
31270228 525844419 588131291
463818628 398160469 719663693
775371389 566086315 737657621
340570789 129587088 229095541
334102441 246407166 857924257
346792238 513955395 154231420
362598891 758208394 3079441
719298824 254168915 4395165
944093634 190985935 452465651
539611629 673495386 701945749
201356876 734627560 504069284
424018378 390526925 346869174
155042836 130656396 939499331
360464708 985479599 37936106
398728459 359130478 155221170
904127527 764179412 890106255
756836647 751456028 799535873
729523712 271320571 341756460
388086075 671261868 668060258
744607381 952024263 531948244
309598637 278302771 359746111
259189168 295595564 348697318
751006206 366841277 661737485
87241158 675483480 78571445
327005712 948601299 47195090
929983975 490869129 435012976
972064852 314696488 167011871
955898444 750599022 36922078
986582729 558827843 843223736
14513032 647979672 874681307
59553912 801550572 440713131
763336407 995873512 33137711
905881591 355854996 540593381
782590923 93999850 875093470
895284019 518353838 591478682
337934340 285053577 144128868
218028636 284775161 162357798
375741161 730818096 793646035
665671634 221955473 39979446
891104320 337943191 990322214
956494582 484025436 345821581
386929238 314308415 371227485
551909384 575316656 109480704
420653592 94041345 377977599
437387415 176728291 948564946
598484629 987033896 643254602
153109361 539090464 793727520
823997853 927260133 946197116
656841676 122483690 888610805
576161127 709621252 176574970
240046204 163365745 129819233
785445964 41176197 22204269
24112351 8871776 537271794
114708996 991403510 662040448
819013906 585005965 864827795
568712952 828457137 339622941
388142824 585735806 91507051
675906922 977473076 857277659
148129154 946828081 134194455
794389030 229558423 357062832
152651238 650867034 998890513
355699349 863146255 48210934
288685258 931707330 111202478
972060492 591347949 599733809
742581668 498786151 397642000
410374246 516496332 482648918
810094643 20933664 37583764
50243051 406545253 843254619
237482895 503815947 273062073
381628810 95692621 20531965
866368481 13068365 955106886
288883566 648493563 286415340
370986558 448330240 839174265
350689268 789152247 841483068
193939311 890219259 336215219
738700908 680037228 376868606
861903561 177546135 526808853
210765783 54277846 988898829
269942479 47772606 587162880
620964071 88851267 654133019
251097044 964675824 941601859
722096688 563719586 264761089
514981893 122821736 262844301
90666858 425900652 877192267
161846371 359841571 518881945
64282025 301876160 805879898
312107654 865088566 381944163
536197590 88482336 876466329
652659685 459274995 190975578
877163910 499465691 172861118
510034521 577821192 238923997
90264880 771187349 28330287
421730328 555474827 286682169
602227314 565316024 248144705
374784703 766082662 189645051
309303622 687666480 164988719
309674661 652419271 746889756
676426209 904053431 135511651
910115983 694055097 807272514
48254809 6399183 713900059
260297858 66138654 329084367
162197893 107285612 445540888
708103826 598173426 624748725
902131646 772870076 346127847
621477071 121652148 748339638
840671149 825125653 5070856
490846049 962851265 108602003
381399112 924830965 248345844
27528589 129024599 527615039
58588705 455814014 184072399
851161048 516424484 280633701
669516938 654904317 268161653
632274746 317714756 510676643
582861236 240832296 19135507
470390341 252158203 339364666
696544590 168327722 924915672
455076495 755840109 523919128
884676725 228926951 243447637
319786638 982009758 425514652
188518422 196988110 895410936
508113905 674557330 875564053
190827086 453557652 212051965
286400903 731219649 27445586
228027910 641237938 960676550
874114950 699889829 228892941
276923798 812948898 370243273
284889522 684304657 40324139
69884902 416798763 194171468
760287795 275580040 975501941
927810754 256853636 221446033
425095886 456152039 224883594
734048688 231330882 831484557
792895557 505283964 503892112
463475699 337784384 816926798
888528279 480392549 196117640
982092947 738469550 586635678
67857429 453936211 411218299
942393552 341934293 18402511
148021690 261458666 358322598
551379416 985219662 941162568
301811921 527482548 960966202
517593411 225096714 443071
960521192 178641057 877880635
351303065 6090154 511531782
755444070 825319480 713263130
790078071 892644549 444473412
510366307 109532005 340619188
974903648 612576407 909969969
974708685 696106453 557589459
676104525 745309605 10065341
530074520 903551165 889400638
161961797 957370912 185929249
292330158 140835839 721952521
13983397 921651811 295402144
8560788 371234844 761430262
411780629 266245996 865532244
574056150 510371010 328402862
538654877 411411108 604276323
313044117 551694559 913415169
761009021 214877366 994109157
938098864 472735406 987019897
474474069 134554313 97757771
690649468 523491769 53246521
605686606 7239912 76622039
425425699 828043248 459544028
672673914 747308212 205301367
389835714 828861373 585887294
579077141 299593613 214407046
502031440 80732164 740060132
965886043 435913728 785985606
188407044 385380227 707459304
801716326 691346977 762780692
718788702 465261944 553218545
256861549 152656224 535912240
935069968 707754935 743662709
358413266 48509384 522949691
571651361 109804136 21166345
329361343 689254942 317650882
698421584 814274268 676543674
252141356 4941552 573469234
48423245 2832548 145564101
765870972 835660751 94081793
949110379 332769476 717642893
645218374 212668974 176535548
144552572 462174832 519887075
988715986 857720600 317181705
68781915 960525866 246721912
554837092 109719017 243076223
122276552 264171256 767699165
476258522 206918224 789596552
723382035 492354735 697136718
732994224 656925678 139595745
168008359 598273448 428981770
920321398 568874297 371117167
290807420 892494412 156694175
830292391 464264070 981886007
516252812 960272456 115748564
560311107 111776078 955360226
328015732 841248009 658401631
785544240 902235036 847293338
433056538 318737893 787179115
396772234 815587262 676224619
739770394 71281998 831352184
15128148 783799585 660258825
836907035 126462616 391896103
341810024 14228956 237348772
348811863 675572496 793806055
48469530 85891210 180679259
957911211 323339403 982222829
478601656 662032344 476609695
594989542 331349360 134888753
59261601 188862686 537908562
70344356 878322106 774599691
113772141 132732968 701038624
561572273 160234493 352132181
693404843 678232647 27448558
604444301 611760230 44046260
654616156 928816917 275631205
949954645 494906534 432228328
729751999 650550184 242825820
823862656 921062975 661974345
322951058 778594858 164249408
668093474 985019508 732897426
400296657 659091500 928937248
825770478 739589299 787483523
84996765 322406293 929547589
424622860 211677196 715962089
255760258 855047617 664052589
822683232 490929570 935217971
778630270 605013755 326640027
477975413 283189186 541196964
64236174 90518796 907370465
484032190 658924680 29789413
245760171 901858634 559450808
103275312 156592587 210494505
621661480 891349362 357598225
218534562 93665698 472247855
16668553 430487303 755866449
19606401 273136844 51906455
329997266 71732044 31893651
156747688 329836405 407725649
944220025 751052838 798062707
311383176 835086598 350659957
843078274 924525757 744949198
718223933 157162106 399654538
452633636 776070111 377526294
985607606 804993146 18308401
429587858 820240775 733458610
577127240 196238019 71574928
595931311 859571050 443966971
350935438 234008812 825193517
588626963 465873241 421623992
849935963 773237881 899847254
230615002 518735179 190147745
215638153 197986345 30269548
932061457 716379550 310447718
887252083 697635315 571973564
460672132 780704371 517059619
275846982 843866060 656974951
431112217 544224559 61941976
177858673 469301983 507626776
580327140 35199941 663525125
151734533 578604188 172561962
366603162 564635173 520621547
842622892 736231497 66197499
886041379 496381448 213351120
337917397 883175002 412326905
303862087 496929637 996230140
941362560 636242074 24350300
630539259 349994744 347430278
835972650 70703713 229795983
80348973 57232739 28800344
922318402 203211717 26456077
64582509 262474910 526736596
772297176 132274765 414061513
977973624 788910926 54080788
247716080 290472221 255233830
127072903 576038189 768225687
208003703 437188391 791032136
485675496 25806924 588893721
224751915 174171677 496455555
685729978 723449596 113154814
360439481 383484751 537877447
510324615 360051598 78317199
416749713 606150148 783877286
920174553 431971918 151563810
353071538 369269677 741294734
822115058 484258866 572930322
966198083 409826319 66078626
565428209 861210318 294239753
585020148 906359089 964906099
578803324 518404152 987855983
547608341 399311509 91483161
11857213 698848049 967033954
570392433 603288484 223259656
313500150 388249246 152855012
123832009 845723360 252700100
67365741 672674934 534975741
412543918 870971797 987428981
746220199 813426515 200412266
44835653 149166137 97887398
201131792 185547403 758595733
755457202 470104055 726560922
788640540 301025252 148653963
231278526 673514553 174749069
672891466 496788200 725880623
698517782 129173818 344347321
943551602 262799235 55414504
676177059 987813244 156936956
798421345 276541243 115560342
694156506 209323579 272316505
524982840 569203150 993996956
273206965 140071509 29076662
96155212 671717559 816951028
606393262 234678231 187806620
978791604 840252682 317641751
336278243 438121891 389634554
492497562 509701069 357537153
628462036 219030405 168231490
292644101 41545413 42539210
327509312 387442763 585801195
123013200 41119071 421325748
677525890 207716800 848679668
569160034 33507836 815992265
963081332 734433755 893818171
415304787 185907618 833121694
311407920 330947027 436616234
733088540 629358430 169712391
250021347 800911852 252282837
843082360 997277816 282256584
133880873 368737270 617614869
275840482 615416986 438009559
978795812 880256194 562643424
893775143 522630794 392410124
848120484 421161144 656083381
117012542 795392746 576503057
313188285 872714960 562074867
168503105 946528053 468911597
177271487 218720408 956811053
40247888 716061564 853688974
53245913 342017451 919096249
798097364 561465681 605436407
875179173 93764022 10206150
685930844 246839211 384109276
882304560 134216465 179378725
894160232 45044066 2512089
22770790 25280116 938708598
195805332 561623467 684829576
130233317 285718211 310355893
154802156 65162696 283427931
469725110 180117033 804462436
982766963 409911341 760781274
844445528 692711569 915088292
465462815 247108296 648926759
756846770 374186947 561647341
4080139 166451030 840084547
507428188 832454974 722775412
245413579 912379112 801973179
414285797 892813319 26134284
51772989 148021245 245530292
646312144 135995449 756909632
726558894 765921412 510034376
294195055 78404354 234513547
338648274 390930445 59537605
45754550 465339792 241257385
410318680 218375047 43697885
631536104 742976550 888919136
137621191 185349514 667548574
837809431 945109622 919843115
649880457 814921734 815399899
706047963 404994344 54901937
68318996 582542900 246093182
590697509 309424723 85729000
206726604 954337041 24942730
496673366 664231896 391622807
511158668 873951642 706300104
349237897 751816556 196186732
40134530 985422336 425595512
142027215 331556588 641727445
27753667 316619573 636891830
226757237 299741982 440949503
953589519 227273357 312089758
601605047 490328032 942201746
566619842 313713545 65682933
799872810 384965221 925842045
401170436 153376135 477882428
996810417 249866529 663625267
86838480 907702022 666715244
613771576 631556460 390855946
912698943 797125823 258905638
510166268 38635902 214753984
623967309 198380424 583055956
999585264 128500458 6936991
582657424 458973322 928699669
189828242 184411801 611269877
232235719 873125942 1934073
414477980 48220971 813685901
735659797 101280609 122353229
381233139 484815977 156474587
752202807 237114548 49855933
344654099 649943784 619794988
663706551 914693908 148299975
954101072 386459309 123677905
83936867 317773812 146452735
330171618 528131460 829048956
125458956 844842797 664522951
359890496 68790553 457904915
523460849 14842765 235029564
458767946 795094327 74586912
654311477 286100552 803799892
897367954 963635831 451093714
731794848 415890741 583629741
466141912 873991509 712542245
890616725 250495580 546250976
827585200 58377484 415981590
445403006 945230362 187433430
384795699 114787336 233941594
424176959 836539384 847496067
960470963 607171729 638510098
603406207 271645480 430106746
814695661 490505106 827681631
876740769 448890124 749303745
254764229 274673676 216924518
833631118 305668414 121203753
810260498 654353998 13031439
48592225 404275492 355419890
141066584 796701186 491711659
493079725 801692388 914538065
668312908 419262872 966096707
942828981 245538696 383503174
336966494 791836848 709966890
617220138 654858968 383158041
507752324 743989815 307578339
119903867 799640318 499817442
890853128 749129738 403923745
257445996 969293901 262913122
736813924 933404465 733935844
602328935 515028522 989881365
915264502 11459438 506026925
465703865 998439944 575810394
6415366 88958445 544740501
862654380 89519189 71367405
144944747 843183971 922823337
971531542 272092613 428145718
191948440 467474715 387857761
331756285 358700388 499133228
692087587 969029118 554502516
686141723 368661988 276626448
986692813 886582700 72769800
377142318 40902694 49682876
301692734 450904867 842665003
988954127 546587494 450843763
140337652 76055260 231785591
545862896 269259048 406150497
924171162 544750832 746340436
497102589 303071679 527973185
470428151 550669839 376413774
959496409 792913512 405975335
234876371 919718548 864005848
252326452 808693093 326756440
714580036 995511030 72842185
676851739 66347602 122591941
468331349 264607445 50757251
5862483 831126102 313047546
968079066 420858757 209179163
356421686 8492324 176953230
304200497 192264212 193497572
526782033 844096494 823548734
995225648 995206355 597717014
93374950 386238828 422674836
347087049 928286820 950949456
611535544 975056975 456773834
479508081 904189481 125241745
476488761 543261564 366889817
789626323 37919809 685443694
8351048 12858639 37725543
161648764 501899260 722852233
918300738 617050080 948535847
726138411 219839021 818647675
971031272 775402944 64352771
524262529 395561340 293081972
764208405 720620853 478371477
915224951 427032858 173068062
132930920 149126893 143658627
369002654 728471599 568665850
39405124 691365865 933137432
182547233 375974167 766135642
526522503 588549781 390851356
679198482 308870209 441668327
275332413 770747215 586379400
402620039 772382340 847828762
901137115 531068558 622172489
824416721 925086365 654898442
68431082 757003725 984707027
489881760 9246219 420083037
344656276 90250134 623406206
893589573 5027315 235129368
141564573 413127272 322518577
832116043 785348349 448902549
40072443 766440027 761405261
655993340 77825837 826820401
220970359 924232412 178994164
342021600 422268803 901117465
720707213 927215732 120138988
491132392 420056296 872410646
269697512 23890899 470902827
549566463 442172921 600457061
571688606 17815234 974610813
997601840 776691270 231231891
58964236 72757795 391950374
670138077 701963502 497569806
214418344 816956839 53790553
466254644 316850367 755648586
909481391 572939754 904380471
388685088 61832885 196450355
397094926 414759033 664886638
265915464 161925657 712165195
534310915 459835252 411105243
705376523 731232608 217127776
607986739 499699847 409140580
946966449 423176362 305416662
932575799 121968919 716607145
126862957 534240629 241577437
133399107 501279270 576359209
257967995 723642586 640802402
502463530 209430922 917435045
641883185 923892826 503322359
957852697 420522863 597848087
391707338 666932252 255204076
767227473 448078130 142444963
367666344 464785551 778331602
643680471 826101192 114760476
459150513 171790183 929766992
805684250 625051008 860171205
856489360 947181932 520305086
457631315 124103340 326404453
954038941 386130865 830733214
15840612 417099709 329951274
833804383 416595228 983811404
551177260 332038890 795474984
172511203 568258164 519686915
344878311 372258438 221139750
721975194 288378599 103644670
56933045 361145242 902312995
956357017 288788318 439273559
415773850 755664703 961877065
201442973 686934693 300665146
872596700 264453900 592120235
21447447 799870152 362673001
833283506 415422110 723263647
808711612 65580525 947861784
429280226 674728980 181427989
832578684 331520207 144484199
622147911 284906701 474733162
904103307 640295339 347900967
748251492 297013044 426372753
614276417 220443347 65827584
94251689 636862042 196738609
570306541 514195930 307933187
411133551 919348458 371991608
303144363 109133414 497696339
851148729 411347016 758682445
243271078 268472269 640416092
555960145 842217203 651900147
760882915 348904606 292022435
352586164 956766480 21823440
325024138 891158430 819242743
35638986 193192929 297507305
938992174 640754709 52109027
241269730 244459396 207551626
531766146 405914385 78809438
982407827 527039920 304411224
620819895 16930861 770412265
813465320 22570740 670174893
72236620 217146764 201366215
878501862 767261301 875230566
202638524 277874544 117163689
620914530 599558556 885077319
790479503 396742349 107502023
638520048 678345848 461524893
377224458 738482581 989016799
763223035 575682852 33923389
839067024 508810632 134711133
18603535 252693680 578893874
383400229 200312775 257300793
706329341 837175897 193646117
465865358 907753245 508933048
624196383 287039922 404298769
648047540 506434135 970951645
241259313 100858037 813562261
947004091 543340957 445711354
303557106 369016233 217517909
164111884 855048791 718786584
825570620 277449115 600492404
557722197 967339113 309696739
410726047 281989405 594397810
837539312 724519088 198332537
920038130 517736666 251880841
68096843 931990087 692720361
671127297 882150045 700419709
902696891 729617970 975469542
428810222 516574672 16756192
447234262 641608515 777442568
425842663 846979916 204663110
355694727 409994308 616823145
197965243 282519880 342472819
688100931 527068809 116208397
800752639 372151340 199877716
956003774 234804720 849642873
364812574 650534785 169052353
689727498 812047541 246670634
793067105 253081569 9407176
947185815 842639528 542149253
541228264 748507142 697224987
341787864 321450568 713373534
82545260 572518294 141874433
626053039 398259970 465207908
434084238 548519699 4293679
209744194 239248722 559872526
881877949 842569701 446072389
794460368 513352982 563140966
335733474 862763649 195690745
123711833 804565398 243988555
884589875 954574032 997299845
586152440 196781845 583358468
173835641 443983435 301930320
81118412 310786051 654564584
857724174 955280958 361066844
401636704 12003547 243552193
848722233 793401493 566577215
976326451 89637751 845853049
738765947 19761244 138462142
333518825 671332625 568287379
500891979 326010578 906265854
975327611 251111780 677539128
76022691 19031537 570172672
