304 806 608
814338332 260318494 175991553
175615276 316939535 774505996
101296810 443489190 461340447
317740652 666266107 292471189
800160786 467837057 23269562
834672630 650601541 886881221
577357476 326554343 709160942
811601310 731701122 331950684
408874338 687882842 981833097
424835192 285316080 318164393
243300965 258616553 524909856
660169756 907844805 922589224
416967954 57949381 475076886
569571129 968718844 125643807
309455492 902652629 523898930
949225177 748641955 860507820
171500233 242156543 345064075
982966434 513075311 383044376
441644641 796387994 925541300
744937680 808584555 456250027
872616903 336620262 512135254
828651994 329139041 874793838
641492071 185084295 881739243
719996104 626675650 410494940
833295753 210053810 853542481
334986531 266582362 643203564
266467429 363905574 394970278
239633536 526792665 409254304
72079639 577803946 961818084
600994357 309629777 265275205
254076761 744240455 380611716
875057473 60353441 82021616
842805433 750556429 388632601
406485263 97128330 143636111
802301946 317612783 243365259
967489454 573027111 504008820
19549263 585324459 903489204
719499430 366518961 77631952
647280595 448986171 304902021
984636847 578140266 435664972
132848771 300188553 172049800
509870927 716219459 641531490
395102968 708997547 796301470
949955445 900023438 963886923
484459113 635862315 894373964
930994661 337324717 731327387
882393349 686979746 740733037
177325649 478172877 108445314
259671720 997872446 135969304
200082286 181437260 343077156
179619590 351695827 583624100
630374786 428758718 209590969
224285532 740254630 556112081
402385456 483772483 398897964
558547856 180198595 738023872
94668063 276977857 979626862
746560429 466469752 645761784
987553065 709136614 259739016
195841602 630258247 990064849
598735739 942602560 340205007
547672759 761058511 438829818
728312626 398025802 548575907
184568718 188858945 155336317
968774515 278422468 34834338
252171238 989868187 871408864
194490471 262470107 396703417
545779780 872522480 222286380
435007910 616027806 104006245
590525152 5146354 404329524
345362162 303622933 766709379
379004070 311822853 483946300
521857672 330813482 589641959
67912300 400876355 880350735
246367008 602040620 207252567
280184735 914871299 271590499
250143649 695797662 714964900
949675783 83387995 146387192
373474873 347915338 507583519
600955728 824797326 537489243
335230928 825942532 193627135
24305637 249223084 585283
419230585 810209225 226215702
335173555 308119741 470765530
408872466 15072432 621029865
812825277 690882503 389764135
438391613 834394307 424530868
49753286 626281746 168544499
437722729 826176635 789218921
352107744 178595440 150330280
83704440 723429104 652946428
878506035 89516878 84455583
507407574 403750102 643084956
446807623 315481375 42999955
607186509 975868895 314235802
541483514 649713851 532871949
888556880 258455370 181969615
582417333 32281735 474040041
72663102 338138800 348788938
216542083 684608642 666070056
277873674 832542292 204201528
465506683 72299672 225535260
25783286 675785039 659138691
243995207 274889637 323286965
821780050 181015562 327672192
795533728 512294444 388880892
455968356 892459373 969892922
570029223 411760714 437431993
113728110 395279997 345343973
358172478 236149275 396912630
206855915 777901459 305391523
760949021 497009183 21415838
427882065 657094815 630401453
842348242 733069596 700731295
266869190 739839532 246247454
877167928 213300047 75619435
677085474 542730424 987315951
645944572 457297590 16721269
453344249 522851179 823002511
826201934 893436470 568318401
525007778 761967500 697877802
901194949 345005817 641782970
573481621 744545981 619347235
581527332 665285072 214459670
231973398 33133640 901658498
203842530 458114437 547745337
159055488 818392373 130996542
100730173 883580819 780372027
654821812 47846502 169918385
955568291 308952573 134354375
504547110 82749004 489018915
620841908 193875357 506302060
588800471 240563086 358764711
185538321 28457051 771728980
209540454 56839864 469525985
928104494 237359680 775870322
482307195 761032588 635833041
843556978 756213806 688920009
403287632 1434924 939689768
764907884 202253006 206379190
462556265 880095779 72686067
845516391 236488526 532074694
543722757 753342077 744237534
622708302 738668857 814215684
602234009 515893666 193279142
120563356 417160708 302185277
763563709 232111929 182398805
86392530 397747177 450277696
425132212 511254428 913728182
884719392 501598900 393047375
52409730 204434814 194384983
737335578 570742730 992554732
822641298 496636555 968622816
477830911 633935485 980697622
474717971 410385278 579112183
851176788 546833943 683868117
948628685 776307480 431963410
347103048 362966111 417812956
403171370 202868929 595710079
685586831 597530958 430249280
648252336 585619339 558291196
303917131 745212571 17517797
733330287 701610872 41448844
195238872 142283269 5922690
126835631 48327990 789706282
151334776 529360818 838675405
118015629 249144389 369030155
601957338 764744078 388848460
308192526 86375454 82183418
318449023 869852593 562496225
219556707 472723196 626031703
92317081 536054042 966993198
317786530 10105192 506469715
52616858 22898070 509801690
172838982 652169217 675845151
635243844 347394038 455828039
67995589 955095619 879943087
648222554 302399679 659023222
376856861 769134573 517532657
252992362 681550098 573466872
786978441 115736194 489512100
970148185 350845033 71081427
314777434 50634745 397365856
965271011 843536557 438148879
625949453 82478864 236404970
366685395 987857544 176238324
905232854 347898368 153692680
585007606 977143009 702685090
902935380 43373384 551601883
354258978 147274657 267576812
606443030 718204579 275318419
430444365 729606005 575803109
325264719 196927801 646220345
934528067 880731606 351197059
5121289 515707787 490315946
861411053 503219750 286364903
780255201 68470918 578060104
295846753 430253490 161572081
831219045 139496613 150560471
372751187 129073392 66726240
63409295 554543644 780936849
366678524 443641628 34117953
586147248 315636902 480401862
206751759 783109382 264019988
491871734 137181970 41980735
421035732 545446186 809281092
673659344 809839393 318160206
922490862 32759913 962115673
613067160 616686879 853374399
707529519 295110912 965239221
799268198 53776759 96897560
453732590 418705934 932193613
142326605 239443024 449857269
520444112 307382250 23815174
897506457 469051289 223857955
823189746 88049686 94501931
836686492 924814870 428846686
66309484 135553457 678267248
339603883 235178158 996848791
931168907 468106847 637785895
375308880 536819194 563686222
983718882 379129358 891855730
58067916 952831077 829046953
134796186 840534541 631513392
850421715 967546782 95862107
964301348 87515969 719003182
421480727 914763570 110001610
408600583 563785670 652570436
163774534 602280125 511447542
156364750 485460218 834961042
698140266 855376346 470462153
547888417 850709282 715970917
285411090 199816720 380341399
803767506 269272031 16758838
282719046 806466194 290697844
313759628 303330908 780906129
56421290 668481714 821232120
918287411 695272323 128928245
713719337 748711315 134728634
263797645 905860299 670893669
849092639 119055477 881518342
524451860 696863754 676373592
494914755 301796315 215621735
322136433 52332761 413571714
966532600 718425774 741488233
878968637 501362782 578921110
229818963 445305377 185699736
364944526 930300887 332114337
869677886 588451990 226634493
652395277 877930780 961505498
106142824 906602981 93827377
480871302 925016876 619146671
573949996 996738009 806173730
298963422 217959381 54693896
674983790 288078347 581364870
277264119 523857330 126330092
303249956 916187133 585840125
241547626 440568629 577635481
953115521 619412514 692308737
883142315 758913177 948329995
916010843 251116166 627769477
19358629 232412973 638691276
410263181 946092348 873503886
592089266 842756164 481743368
835970177 57617610 430614765
427316054 179505023 731456913
699177826 860513199 631536592
679664913 850222985 506759143
167068548 666171052 963045626
245473977 513984289 900002707
540404790 702685679 831224408
964037607 132081955 578617237
917168737 809594945 252218138
512042068 111952540 696988900
944975733 385573329 105543186
424647432 581055813 966727239
934572699 594009758 759800799
670988986 848655654 885273888
172987035 924210201 630095305
993425579 513365451 599573976
737733805 689995197 230001771
528262396 576135193 525773410
443511221 522248951 903219957
38393406 157645537 882554982
199220416 297101824 624440689
852801958 856258458 874772812
856018759 915710382 152115058
913610497 739247512 480667388
801800697 397898206 111432976
444221431 448342877 401931756
182573011 622541755 668176993
404290091 401115602 404227978
117304337 257875583 13318781
266492362 386743074 101253104
580797856 592313397 22615857
170425093 937410050 796408198
842512711 277836794 716667870
75414182 481791372 93152919
492487822 716442283 975273806
221009379 349066256 814553928
982035036 799408117 114017741
2164178 128233984 400362461
717847330 602343339 621497061
328512294 156527868 863820521
436408065 774777623 18177626
898238867 740818479 126947163
96772716 842486866 239454698
981628779 997409328 51298676
803394627 287315065 259183348
752661695 984935604 225371058
461605883 425716311 16739125
180825790 883499968 750484881
761683356 616030446 928254862
61193734 682676906 633460987
132943601 461985575 399668694
406434886 875429121 966230151
934358376 271375682 32948493
604836421 474692948 350930906
47243823 816916136 66757482
428498806 949926487 409973226
555188361 951770302 131896060
630105237 112139420 213438020
810597636 993406348 278432052
402618596 595580534 326485873
906260331 948350923 493198706
31925536 183324089 239440848
216349355 352228235 442233410
998201203 785385906 369322965
286553518 940077929 537579653
225490215 998667964 549858547
346006571 240051178 182416494
35049710 129686332 779567185
592922823 60659309 80678966
468744196 210075037 724194970
980932140 316703937 795648704
425892654 775016316 717332579
687800783 515222916 476037174
45977727 206577858 163618938
370165341 52783885 733160294
388308060 29373773 224538052
537360161 724840590 215580508
428971792 48786649 624168873
891210511 448918185 886283118
228598830 773040991 366596295
694804141 500360024 401828638
728779760 432685147 494184953
934588536 789903877 843159689
10324432 138242167 243571774
506828757 693356396 887571340
694731937 56596843 850016181
59452581 460047400 417179293
108948854 585058767 446173085
95820623 794635199 428798724
340598006 737954761 251286423
410527783 800678380 404026544
833751741 148950841 969942920
607215163 773674893 79910637
55301534 961617893 27493773
177350764 416044500 786623139
840649088 215478418 110625955
824883375 642651400 214724896
242089763 368790027 986951404
599338105 396084375 273231876
268514249 136269470 789838728
792786863 396170834 148927601
257947417 313217705 630794215
584983922 618498448 76679781
460672121 571805779 113733508
193190028 322478785 536676018
378771900 47148384 581845296
147079839 261507937 500081883
142654145 651089875 302127752
86505039 513363627 773995287
794625514 463950226 695876822
669664532 727513042 619067342
331263322 805819609 782365759
554283968 230706604 201160967
309683872 777249859 553579120
828549636 929194284 623934928
466487627 365752046 294423771
797432694 193920737 517882675
276788068 331088016 88729138
647285841 229133751 632904700
161513463 508419510 122725938
432417446 143159030 478067999
218619387 521755169 563097396
552544077 921889195 612991155
31316057 929924047 111070060
731880911 762937384 79088076
738650656 471067726 498218675
212540401 733118355 142176559
165781437 923068328 830887297
95748081 775155351 234714279
823139325 806265819 876535789
568023685 386067594 784355872
281847052 762328015 790322466
775292023 700637330 271342036
57174902 660219143 235491078
991164871 320233768 295253037
88470631 459311592 271675139
233078175 487128883 758187456
209177161 110339796 550021017
929912554 22493591 789660870
956933298 253510175 70236839
903239552 377180738 220792937
401579407 856779090 790394876
436996999 881956286 250859030
594891018 209238772 896322430
677589571 354743732 211684022
796541391 431894801 840188536
718073229 627824351 875357571
492292496 116811652 880651343
403083169 925992069 854995771
726829496 210404047 735091444
982660603 90009223 429391898
68654231 38858542 708438323
489740496 83706276 262949155
554915226 737153505 968998632
413147034 413858221 404178748
716303619 805918971 119972337
14174613 267880924 225276512
894355872 665378237 695200146
993568389 674005086 783957038
706898981 573376525 106235384
221777325 592377954 134807123
286764527 164396301 37862111
872737655 283770691 329757880
592662173 417683719 296346104
787487516 406110517 406610277
834103122 293631576 737535356
447142064 260117260 849397251
68761211 514818311 267561143
512925442 858398557 107102671
481366085 732984016 533438232
807294663 929218047 479095911
875577544 838951573 367440825
938832908 859409596 841910117
176485218 847391273 929320742
888658476 266335102 353575349
2207638 964854891 597483368
18776319 938291581 836792882
303299418 928797538 66774231
451387206 244076739 144220890
54245969 710571586 914144294
406164681 984651250 276402013
898446877 8075978 861219413
810096190 187707000 534467647
711649000 109855377 92397566
823439969 957967598 718504997
393427515 364696730 680829274
760652295 792610649 141190662
271306897 378844638 881051034
648651862 972649583 886955053
365891033 181461635 207923407
514025902 839967146 992797921
405612123 386842787 439267947
330095275 796625171 442472218
892924425 142034891 105694026
760198020 768110133 805870675
222398420 179609382 802274481
672488004 633429548 259258223
820413900 881233731 643284312
32613893 471059221 714274247
719134083 691878883 531990985
533927619 78548067 880045223
845329918 288518892 394187619
82156986 778823935 338674609
185565466 144814023 255440789
982644951 856041055 28091928
344807939 990753587 443690647
823185117 454499677 421837152
994255449 424701553 462222042
864686879 147915388 904835348
681910544 369641763 716695068
848802551 92919180 208284152
231996425 827056115 853640446
505606047 861880590 259922335
707086982 203831477 422871345
734912200 435275252 13035570
645857293 883409837 625914366
713374981 536060316 35767394
942306006 775824075 786869724
930192114 675670625 568006555
281275317 193769805 934942097
297835414 801965569 833380880
899494623 714954191 113706115
797573753 943326140 127691110
492904421 424441320 196476342
603794362 327898829 558676552
708186693 437991550 908088362
267013699 373621081 361941927
536076587 893587011 37548057
942857134 405068776 391604619
342633350 191277105 556134681
926833372 964989145 972203238
719670098 643158761 158651627
494646047 509033380 370807639
325142789 357960715 189104087
232857901 608570201 970975724
385702013 896505303 326601078
829364834 507137113 287543312
750426938 647019396 657899578
928325471 721029894 509322244
664618260 967305875 78217437
148753846 125339077 387311386
875720334 654474831 509768951
384391158 850023619 22398903
352781889 298512098 320427678
897697674 317141885 48514562
140700196 945799567 366397721
404042863 190157156 295994516
32583626 539680945 522427108
751437480 132972520 767167250
43308926 850179623 999940290
735459663 407552473 480630878
233799222 834872335 617483641
270786306 967115475 805169928
332586141 860920948 398529726
604524338 894147823 469061173
523593935 102358061 838598387
820500683 724444411 976035746
540418782 925881296 248399298
860160227 721695924 497325482
170962274 890265818 979852948
282458075 489479688 50557144
441031947 774786980 93999913
882801915 517586089 564878794
631214284 19681661 728812889
66447350 320149467 701449858
797949433 741497844 79358229
432794732 468754023 494849244
667351832 599440929 391450872
327137557 597831121 923538517
728557599 262587953 658330056
845363057 543193372 428662405
858935796 609653939 760530136
77330917 654407126 988582818
322110908 923511582 855345195
28871838 730458713 550394348
249306910 731299826 905911076
479848268 104371438 103433522
76956608 172813739 552316291
859997907 537730562 137053667
854733926 875485570 232706216
230826154 140696893 169142622
317906529 562212972 572088559
44093535 110974391 1011169
883336425 570146310 492537912
716466979 610266539 649544477
918554159 590487482 706144680
61953154 533630803 291266624
962797484 690103243 343129018
167551520 901406448 268048802
461530941 621968624 623238599
871913400 352497553 534760931
892418995 453140227 88096786
433442670 484206734 947041318
42308479 791541801 769854251
935048796 272394184 83187446
235849756 751464744 271296532
878362724 276646548 998192413
685098992 817894552 919950448
735423769 743644236 583555063
458431059 497571563 355988446
890866513 377935805 131572727
659967882 199635313 908056720
563730915 822105251 106667131
695297778 883838434 839670604
39653682 582151227 697467634
287416055 165729329 613527898
860538534 286386818 611659878
530961063 518452685 614567627
716450277 923409400 919768765
621822983 836233319 542625186
276498003 529307597 589471824
929203195 139288155 130697562
432780966 303933935 826973219
337144456 46334233 149439883
58938675 516185558 80278924
207554552 542022979 652267430
844842206 198304717 891549814
754316796 664432790 384896649
279754631 374928652 224730820
942407105 773630381 836917177
886796660 245285649 467831574
109857815 490280592 736816442
366093572 24951527 654203943
446362136 659459585 684715711
498736302 305190870 897187032
814590156 6629553 108457038
149432710 73088379 192952968
24976291 773427824 517523540
871990829 729369801 368737764
174346827 119403309 444207295
105198959 35011875 748973780
791102216 954537990 621514492
830569883 302686024 705622636
890937434 476862563 859322025
612357770 170327344 397585351
249626096 935045607 378322219
153499565 573027235 759647311
414290075 993696742 380695987
236353816 652453435 375834413
160855692 550919451 244109580
296954668 34034981 222857163
626167290 16290255 444060946
797407389 286044977 654711029
592035243 754506844 652309711
729130489 8207911 231719755
623920641 825116015 886513652
140470486 151975081 186399623
706106385 613613934 450758458
472104620 62067993 918596013
422331868 178219082 240772096
998783821 266480287 682635733
705466146 344796388 114102737
802055970 802158037 413459920
696550698 712438652 633350072
985677575 710037953 841390568
854262514 438332211 9061257
612977054 182654767 467514068
727058614 863811196 837268296
143439444 970449043 688004322
566192023 826137461 548421717
350701473 373197831 160407326
600475931 959118189 242909103
945580238 96612130 685705671
31716191 876891776 582269698
773362725 846123218 375791962
377412161 804203604 232217375
834260561 753502476 634662966
319395429 569782326 297354683
286282771 423113513 100194092
686428168 788712679 202418329
621917898 23753922 992582637
767424205 319188340 372128500
127826051 11233514 120680586
668217330 780572460 723321155
267083055 149521141 846216728
691373895 493311804 52354035
224037043 969001742 654846897
802355452 259840126 908706017
311601997 224314182 205473348
559271432 949294681 68714409
371802655 349855720 719137930
224712453 589589382 849847184
296928906 667148731 427772154
797261305 248455744 789791149
872991471 423099551 335747498
836894351 384506757 114942872
11078814 777876437 910825205
853275379 390561009 177485961
884214986 523804337 633529737
251301443 647047789 485462260
786646888 488729220 983314892
464301229 854448299 493342477
784588460 37390815 678083127
412700691 198385573 172437072
925393131 521466339 886997787
870496269 797599385 404375828
964587799 373690886 979380375
719743799 292711462 847371049
333259615 539567741 423453017
423590230 707178531 277017750
758512917 594750308 894037098
826847963 238213668 363859138
362574411 800976558 116235837
812521906 146921268 581241054
610263443 163964735 354839979
319849384 662665655 735605675
655115915 521504342 639931516
308731784 400446108 252270230
414409914 937651727 844071150
521833169 236606363 366156285
915112110 870003209 392617850
885688616 932893823 196413280
887698061 681578239 364671036
992515907 144384381 583522060
52954321 966445799 750357231
762129003 617045644 770374645
622628178 765455431 825558080
841703416 646959419 492543332
33006855 45815697 604183389
284999491 213413844 237417015
866741984 321044691 378885385
891056030 477081948 450302653
132539175 573861004 120453885
354519217 502426147 977523429
384048621 744740044 417614493
237318186 806079689 196671008
732068131 759187296 180968639
757499564 991992105 962706499
420980739 363317674 807390004
547062259 653839951 567759638
81076729 589684557 264418958
415041853 156795721 641816610
593705442 596338322 638056792
687430528 679059365 891596252
461577853 156649202 340266344
239668900 358917861 795425186
209605038 20607844 949613952
124820307 507272950 81106894
910521472 455040358 111287321
978749379 852416609 191897420
303006772 918689770 804895540
27096743 345715965 550272508
90050503 668643053 616266154
803664103 2511225 884542974
952134318 562758354 372495350
32090284 88599530 966611682
906524019 836705687 322888424
276611908 777859794 583161267
284992380 395527234 188335684
953907446 87335926 94385476
134838978 285325572 273617171
284887365 739777820 881170059
264711688 631925068 256728964
669306684 634348330 997789176
355698239 204755933 277326092
505799458 748099194 874565745
557345008 803548358 742703763
531358056 382037469 906521009
968909844 279329780 221349502
852245007 638372954 560146365
997530254 631383715 35810874
547183707 16207874 868440366
433321810 650274992 792580049
575627718 813977241 256421127
943605072 504115057 935069270
207326799 732005621 453834742
619892668 46231269 878247508
171762121 844797395 235255854
710275587 794923785 288231387
265088977 864226154 968381227
26811213 389955432 566841994
665281165 716269212 253492584
683109449 527900443 318061373
889542907 631599181 507766189
563401944 940082563 365787439
152541275 422075252 8358189
559493129 454302138 890286484
833383812 251348678 549067630
61452508 109344034 745902714
296666572 868650418 835850613
399029903 30133517 802638082
832910710 467853242 161131002
419161889 534457381 519395988
827013559 848403529 285667330
811948246 546852703 492961614
849614483 364121407 113307408
159601953 600683101 12824234
769514163 534717920 625041897
78615584 435966473 317580539
67797469 51556710 644665432
933936310 650139436 490983107
78755641 108124819 597744580
377610326 278495307 176061216
873013764 493934431 701469017
703163859 552902617 567130448
595489267 800611142 791779550
763577901 633509113 83175589
213630832 705613061 46326094
590609804 201029455 592816417
480356371 639476834 513708195
3050407 51659289 227970739
41607133 173670846 766805150
371384266 703871942 136918106
108694221 807125188 303913537
322707374 504431501 922654444
519542552 825643577 415313801
525116463 183187612 898532278
699141715 639712982 66331606
12442278 621431025 203542242
120414329 843672585 447872910
532877011 880648370 390536782
948866437 976712987 688710428
844862858 712192817 560073492
310607388 686045201 339503981
734146956 140998671 84907563
655379077 915762174 603523012
50495887 763945319 490066839
478268809 654008811 898113272
69813350 658430186 791971656
575825609 551246393 153360279
546910642 441438398 645341261
349511607 473951686 851359441
571121233 389450905 497734486
501702261 3318143 400770862
34965601 46943968 52539363
266602865 964845794 27553337
380942690 963650025 936664535
73436305 892875900 556904556
861141507 466057588 876516905
80638286 409195779 351760054
390129141 22151237 675172100
12842302 492842496 843912325
766561192 325198408 468423693
349469346 363601599 90570432
26365270 976478232 112110003
662972105 79023073 365263461
431914836 960963393 536805915
286599188 694108743 664243888
659860009 532527959 219095726
660668105 402357254 457123233
694768931 9051594 368891596
548835119 226377754 551170713
423817953 591895490 873625706
128855525 276969532 718783742
77669619 154986921 605369102
813195755 355870636 203630447
240778214 155569168 941866227
267635934 345643211 667405852
456675904 906996374 105929947
865426731 16621643 12416046
415016014 691850306 306159573
208300259 874616335 727263145
627517214 861699883 737894891
532440964 725689835 522550905
390785962 450417189 945564869
481767350 231115334 978984716
982114670 834580245 53599501
839024260 433671391 288675424
766601029 308489406 840785637
82074787 391229458 213055565
494002573 188195940 184579032
64301188 869844688 879354070
853436686 91433219 233700330
934416799 275067484 388183097
836630589 401593173 207105332
180060649 25843563 354914216
126175734 815542525 288370991
588091953 133995913 839350439
335250653 908004422 944946753
767376322 995481940 855041424
242687732 20928701 690882996
881307181 282141279 323284632
184700189 788364105 971086866
949586008 514943708 282858452
64293743 708018027 554134468
74771406 62700930 212075417
304477676 207602834 818230832
399555139 307379941 344868061
23149156 562251386 919085603
736609939 713115672 563900688
653614658 791781345 898499698
925165812 441177314 876971946
321385559 527691560 470332126
542333014 356634274 110256675
908510737 568563048 495431231
655749495 93011504 31701342
328803776 610172719 4640278
933218159 100349808 877778715
185199725 959808976 831601293
487004987 615538973 39251404
874499998 53061054 934978381
529142149 74512580 44421154
35496688 705283446 883745011
753888146 199089076 646772116
866328594 664255066 339059405
12302205 743821396 107156385
313503686 213977521 195169992
932455113 942554762 361794492
856785371 642284599 765546961
189968871 954991024 826275194
483784917 838448858 467753661
630833072 749889855 955940680
851480050 353632740 116855270
979031664 68672947 515181286
61037968 49976755 619713408
979822133 803642417 530602742
588798481 371149652 393464637
849208449 221601764 698479506
843353970 458070269 638654168
444149504 966531283 674029294
223883716 490678416 442151603
706896112 630607502 736194359
37699508 874032840 972219577
642858442 536932781 216161503
884218901 928850610 918952081
543542865 135458002 974611738
315850521 913316420 729901268
793105536 665170997 955579519
528820052 853561316 61252165
702511761 5573793 748255483
930936432 741232768 286164514
940102349 848866339 296008619
637441392 978626580 198121946
695535844 944546367 926903094
411162824 104569930 821716070
95367677 686442676 734083115
546033739 247615098 664501686
751848945 162015872 117962612
96412199 439848686 54702367
14101313 314606077 910665013
789646404 738224204 758070893
425671458 2603926 363983208
266379885 59167492 459502925
728673323 866932494 151304553
157276782 687149666 698792080
103703427 111825401 759450432
176061817 700484848 805209475
600213238 923647518 342551618
754246881 743842618 916604100
968212254 466551024 179099236
224879518 712193621 304732897
836803996 408040956 876255104
738794539 173929935 99765304
591148486 276046818 335248023
806681048 314745640 272468855
146749625 473598016 910377014
910171763 235295578 643412716
655172176 833635209 596600719
484395282 673276188 942720025
193385121 719606752 868170331
231060654 618545167 720786581
366762143 404580814 974290383
115983332 634519840 556902017
640798832 951349114 210584941
909888472 560864107 299209079
75952643 279118102 866156342
250228755 599859713 830197797
652735529 639928889 682913097
21851409 223325456 173506818
41181518 768162820 992594319
947755302 715001652 301937370
726216983 496690590 201142708
865124802 867297798 351998849
308609471 202316830 512034094
49523398 887709851 921492026
412055550 910964083 179477936
943158154 205923894 542903233
470396109 469012226 244346355
955575489 763218624 913148651
569646651 179643977 722936154
750265951 577761299 448781774
770232536 742354220 264234286
197281811 344265881 828175140
433270225 958913150 392093117
592916984 815609741 612663758
297145184 122812767 40556943
853452920 661280924 372370575
206552771 182914218 175842374
929121690 723910384 353749371
656501917 745774776 882471102
53878246 660355051 171886729
869523762 964545449 638854698
941216258 769322622 539221353
278978576 227869322 888894113
908558651 352365300 913686955
945881572 774588398 97323775
73170287 405919078 421856187
483788598 522858660 719362799
993731509 109977768 574343664
532045825 898521442 190624502
782904269 438293269 919140051
447350238 52103646 553706633
317116513 141326086 515253527
434411150 44942840 220225839
634233550 355212119 755629212
119199875 441948549 274700408
265434584 260651814 9128181
854232927 666235439 414691532
410501029 710114618 691392821
686184687 282280039 711429716
369729229 337411385 373386985
682872838 795620161 827727477
360064857 295658138 416162230
547330281 888325970 436209190
9907915 601397698 887199364
64202878 835819531 830913755
393594457 776467263 748529689
553725695 333605056 660669733
61822289 967072053 235168597
708507773 987784713 295560182
14589298 951073507 870119222
484793445 965649527 469474545
113810518 327624836 589106317
290636893 939702296 989545174
790790461 919876685 118076803
451121291 832058735 352123649
483977508 372823707 126539464
530716830 449338759 732157734
847577962 153606587 609630062
711847669 796796812 874327992
30431103 110520230 355033398
825231299 492240127 32272849
423276822 341965462 684621335
66282447 303224567 755156791
658357606 877060743 339664243
373647594 969801714 912361240
804777664 409144198 413948486
25248019 785602037 305283336
232000238 612650228 547515928
142479978 24071655 769851900
444045623 636010388 152925331
274492429 373290801 88146322
610841620 283927229 242234042
183450068 575080429 574717361
334231773 396363269 173498890
658795473 727792222 885599436
319763193 211708349 150774397
38954488 921408976 625656451
577543872 288859052 262698350
610836054 119463633 819793400
369964699 319449467 322572440
333438364 861417121 449148096
111437151 318303466 912340469
764269807 894263367 586094759
146735965 640413129 707424773
957758248 615643919 868911342
329885153 543944743 906788795
299401709 551590997 967928126
858156392 528064075 952794586
510606677 704303044 138887170
132086134 743752544 749580566
329866019 800299226 29501480
16874090 648695688 915490187
863937621 125735330 629386209
735522223 748469098 612749520
169790364 519051903 91272009
881363560 440084417 851443698
742971556 190426904 631137017
513722759 153652763 796179774
391656236 393332269 704348649
453591452 584729560 532263672
38542610 118562076 41969253
465090446 332233549 499094168
981050079 558819547 219294885
590153700 138534299 62496464
114312730 954771674 172354834
859883233 906131996 877681816
715354595 379720688 387510790
132826057 277303839 136907802
916327797 81027932 71976395
97468860 363659339 811074066
249464209 105706370 805769861
62464690 361582132 260169870
302044942 924315383 624530044
338449953 435248777 460228555
70172290 683373471 764439231
581672484 172018353 975236001
179715440 452182667 270353518
955074190 290710430 204883252
636660712 60354935 812234676
358184240 542558923 326473769
908125230 192258223 195128233
515894029 791754101 28521135
367249441 200270429 559239098
987946419 910851261 346168286
106541562 528453427 930757848
995638781 249582983 100034236
575599885 424172205 672780996
457682264 380873005 800873900
395993135 875506504 32293866
927997957 602858000 528643789
931690933 345620144 402221079
808455798 37554169 573252068
4624604 2100196 235303278
604169916 45314943 644230619
356081413 641240857 491239072
337789378 755735034 640697563
610655070 325228754 206097361
607848822 402429080 245244722
376045601 593779029 951116115
17023099 220252911 236997219
192145896 297386029 43153982
129474005 540202216 726420825
398708008 197468902 32279288
792503638 972594835 899641538
999363625 218586050 628167868
914983925 933795758 853687329
473319788 489689230 888515657
482934317 322130253 489557142
119169823 995561525 844790465
152016875 173683505 655658019
608532697 592435121 512684034
52504117 898355191 596489510
806983991 86220085 663758570
451855590 252708131 835251808
253530990 676010526 459674966
673791008 453041814 496919305
736135232 734748859 340793058
737250572 199480429 698118493
222019 607307564 947752795
210082542 525260206 529433154
382924321 541061566 229763806
208927560 966135367 13885589
501896204 8328127 927937190
668493036 779613251 117104119
964184425 114501325 238865625
569304652 278232188 124305031
918426002 761426827 62353648
892136535 846866311 553954637
678611707 329287692 302901342
305995448 183639069 720627680
848235019 71714995 257152153
609239807 729872671 659684243
2432928 873750046 899731976
32604086 338289215 283252699
358892855 285399652 125069585
877781016 885153524 639868058
639765878 698804495 390451550
714744489 679046390 350428987
48699633 422522893 420915806
921545347 510374524 120104959
97807311 519376056 51529811
575164826 478743165 650253603
851570977 689701245 350202976
840111402 163011787 216109316
961359492 882569496 329990702
318698757 132484258 158989900
900867557 398331607 281870778
734903302 39111237 982105256
779908521 172889533 163131333
237518484 324369814 245465950
647371707 226451153 695528711
566001963 509032083 224296449
30866968 886277115 494391099
809143990 814793508 156072700
261442377 948910953 58634561
562439741 399207142 374620404
557993031 331933350 903544239
58210944 764900934 360984838
575578999 63451867 562951716
702438523 731231618 188241612
855910212 4846994 90617899
775660037 712556929 756101440
624204934 449328238 480126513
340252049 471610509 611498711
652582248 411074972 212479537
391091377 576981042 588786366
760755682 809199072 838284646
449801334 921341315 759731175
449130738 141849557 917625727
730011068 448644237 906371878
748346415 709837604 624170434
174468816 854373063 817372312
927495400 944363119 431953775
645984489 731959358 371448564
91923327 921820795 689838024
855824672 696535994 614068687
942030424 310922857 513653321
830942325 324440928 756208754
701440271 45474044 808217794
468414462 498388565 729204827
246293323 586120791 540817147
840035002 17789156 661211518
796825919 847887018 529111745
700919996 747645381 279426095
675101585 554408395 893851003
874663164 486346025 947229440
588762369 398304284 44571422
97620671 624255340 825907957
725064199 457015274 288626613
498853381 147396291 614538555
122734382 463137510 856545367
128543157 402958542 677938181
164901932 781023159 571949322
630915635 405322582 810781682
490512130 280344081 911802789
32086883 982874264 652993106
171614166 108720735 820850036
256653233 677810565 35630438
253468863 910635111 150095373
979020084 845868150 267910893
244256808 415793371 5767229
200094779 33003354 358821410
690180386 928018839 608738925
547136757 46051671 308370903
762031303 696860748 333217892
662075047 757353010 73398797
549093834 965112855 304748022
939044782 126402405 602078476
966681253 792489162 237073580
114145636 435527045 294919579
232659018 436879630 497253971
147139882 602947139 997651344
185360190 867499076 713602301
89884070 958824184 333574008
763532555 287779394 264853566
543723338 8549199 625673697
6738204 563963703 136206916
302336695 437502563 274488484
571258683 461714595 992432142
618011584 340982661 530060820
701347230 388084693 510858431
682147805 765070740 629919031
292450903 885112068 601693067
328695193 110775302 153413485
999517690 687554315 893770058
453154360 579470238 717544400
22476213 346226481 62832010
849688541 803193026 674063832
292779828 764819313 345127251
242308509 986450188 656433302
988672829 435658828 153320015
25139306 150858982 94424433
156722134 973403266 931157383
108436093 86715018 108549397
462879292 946068218 41205049
660012043 595393586 141442288
284121655 480762713 277724112
509863911 572705261 162983904
175193804 867284144 372932281
943171856 314626266 50884485
361098755 625086728 191701305
7986379 116025610 710471713
356756910 438986715 629355627
137149936 507491853 951048894
479308 706968023 890784786
196445749 712068685 128706224
475991028 903797294 959194126
512890080 667031751 296473683
228441357 759027760 348750016
129361302 440806156 709458926
174106899 489077657 878277177
664775065 653883346 321475490
367127973 347429329 510979433
784505249 180143132 18855132
884343958 740105188 782158785
428754579 711810802 413290390
738953039 723805362 850145929
557050692 507840800 288213362
215466577 906022113 951464169
449855606 512626262 991870022
935480990 276702372 816273182
413878784 882254791 848552721
266212489 385404307 391214534
743263935 390306761 149466073
558072007 392334072 671190234
506853801 922744872 357976985
723045389 805293770 7102743
197355603 954032124 270122885
402886629 424016161 843125230
808108513 294555733 878831518
340921743 373306712 976773373
149814299 506303943 267600911
956865291 732776687 568754201
122381857 715099065 750156309
355090788 310080785 820773178
440565469 132084301 429737421
247609927 863049286 53717663
593862904 83141143 13550115
648024298 450817827 838874734
844475818 351485015 402803098
29518322 895340198 348535128
922097846 89679631 389012079
577284417 41899447 137932020
863185546 857070829 30917723
518933246 694995416 901033641
813940626 41303178 183167122
220355229 580468934 592489168
760905435 693302870 313018934
157333817 305562677 199433298
577183138 225159308 125372852
108014828 71446785 289469418
84315486 634667627 731182119
137009562 235418432 399889638
187270902 40780170 751990586
370653566 843928827 931818320
154801292 994485708 253585715
865364364 874229538 373322785
368295953 987293988 732710438
328134143 268159092 179178268
786904945 83156600 493567279
442451559 819677323 109612180
300148172 382552628 302667249
710726310 410869452 309629978
690613259 573804276 229257116
198006020 48109544 948851572
44955732 313940965 554160217
571717158 773658877 967749974
20361558 770919215 24131510
985858157 915322233 814052488
920566702 884076822 337987601
725809421 89130165 856101744
807602176 33724120 956539585
363164209 543545897 957286246
612993226 552551506 320383492
775488978 333803194 550908866
359972507 967938694 290093800
960486134 78017231 178605579
293975841 17662849 248583821
170554616 405727914 939999963
179111352 605243471 184415855
914794259 815739079 375884314
647042575 542074123 864248963
966755496 662679538 287848452
38844081 996593756 99493527
922461052 44261504 555575931
314919002 977190062 285595565
981693399 736857573 48588745
854202060 909400773 872297301
578473934 605569987 336595170
745429919 690530151 356320935
196663103 262210588 145660349
355035232 630171823 26272175
276295178 127994087 616626947
21007729 167840479 530511878
40374197 33198276 774102541
12940426 934282106 227680783
493278695 690116644 540538471
465373386 910943267 135838645
800926555 664952980 303012179
882942705 154917194 346240463
156230887 236412286 803272961
791094549 8559083 371642718
190012176 588889071 510951617
272340886 870051260 239742906
324782655 155360607 944182812
655454997 139791065 207330532
852073094 988198516 80028612
163368178 273388165 488848747
587852969 428474220 481597677
453986724 457397473 120295057
32542307 56847518 401983350
702792353 33810847 154545362
589694518 339953484 183490102
858946264 786393219 996345150
296915259 157545898 103626480
955066161 872699376 659795154
508685050 38339478 412375830
951355392 342530356 115698105
881861317 434075332 96673450
405860372 181423448 368986631
960735253 958571318 957537034
489623597 392479681 815842466
614344319 822606838 979251703
939444294 640185292 79396965
515060034 514445598 342941511
135886877 25724020 363109508
857207815 171650742 655401823
290644583 588630952 285521745
188845784 182326871 843638656
842860161 27219075 374647490
638095805 311621078 563843157
18430085 294429584 580049547
231849994 69480858 791623802
977625091 949962593 33981532
933549715 655492675 640043831
72164815 997504034 193721266
818046802 184205721 391216533
624613232 936445662 716332025
160226672 290275901 320134826
82768897 741941728 368410756
180494796 756114680 249352825
690743632 574567669 469633820
603373566 174456553 820450029
217405749 232163062 356215214
185402124 808645752 223957591
366002452 550924145 186371266
22414360 568265003 727395422
126169137 177743248 834900946
645110819 566585885 583906297
886220662 335168862 517917698
252301139 744792948 886838853
193322014 654767350 639469977
146139900 873190685 493511283
215092302 794491192 501916256
52724808 810265773 613825082
284189780 788128514 523044253
118141153 383700014 615854166
7965975 168512323 363035303
912192464 727330134 937027426
380254414 577992694 591722924
975191829 644312314 580544346
411577386 718687909 333485490
547702565 65481231 919921358
961407098 889862318 83236671
282285397 613177187 91295225
868379666 362457251 692442836
397001552 51363681 480902056
383057267 310892546 135358189
977559284 5715674 672839978
554832460 46900853 729010371
171049043 250036424 412344435
8073258 382797576 206111611
587391233 737772911 450334826
926809918 889484030 888895569
215411342 953051404 184341330
406024772 545840751 715608065
539179519 484807928 878132429
217020972 202572195 885661057
154718601 643719287 98470383
932521441 797161812 259362928
834638400 356716992 518515715
422958508 671949204 715326436
864926801 557066428 155794412
84204413 610578519 365093333
915906107 653465974 502917349
145878680 523874662 287371256
170842229 582569987 242508176
347729535 521147764 803121331
783658698 765912134 45288372
938624636 302059378 609772040
623505626 425415518 309947607
656396267 896081161 293471226
770903923 205522130 121409510
249945728 468887584 39585274
220242753 686064173 118346224
119358162 284291484 804807644
720768365 318145775 739045060
86971314 298349812 610862495
184839606 14168195 642835356
855745832 823737639 458372280
65900642 17763244 108272817
144816614 208387524 147920829
143056938 748809281 344543172
811454565 942276594 661007613
251761456 548431067 351043536
327932671 266746801 363420285
193121288 987757558 775358625
477230516 404934342 839668902
10724492 639937197 673841138
72151023 81768249 840889660
531147791 180699807 468933833
541720902 884769203 407716670
597360115 728366054 982735906
128598580 99464923 815238295
186932075 599120979 816618155
579279497 385914402 513653899
523181011 200241118 98794308
178583372 441609772 108791582
300040967 400479248 455573650
861378996 652697733 199702709
228245057 424717560 584935339
694007300 252797046 687822042
133306725 871859014 798800437
66030562 18418651 278201162
84833459 305457875 330504706
698019551 954543416 471083255
67975502 822473853 581067915
618406063 482227092 867632750
743508016 510184433 69352455
464932769 771070682 235868869
395644035 233740231 227573159
483092962 867489884 236846218
272103673 132304955 778911811
980610113 531006039 921020881
813408490 531369435 345935093
567306635 564585972 223812166
53766682 740397797 949977246
609668053 766743590 750822511
902598826 808251328 386327503
30013834 28074528 644254388
190324547 191896399 613241558
953550027 690010142 503217562
744245686 967997477 770172854
345421888 953350406 144698113
506725653 567886525 152506204
31554122 75713535 439864828
659826618 556998740 918797946
876950494 165700483 543689721
481508404 113397550 37971737
747224666 530963531 994327113
469387363 389352365 564048017
77329890 869400447 353921822
282541885 135022582 808387283
402386105 58050240 927863997
143625825 895816847 328773489
527305112 396025919 732490127
164071291 59662260 434367916
750298712 378988999 824286957
232684828 470223538 215743750
928506107 279210427 454400510
158170460 433199868 807036390
866441547 901888206 803112656
633997710 341352813 19386927
655935060 217227214 396271577
297920509 370645000 801376273
282531616 126457233 878282031
468938933 68074165 175332008
32281014 809264694 436490394
624597805 387106877 527521026
498446662 496388433 877152057
567165567 588451394 68290422
45749765 416607143 986159197
167958910 537519161 960048031
743811297 664372029 210965229
439391567 716238657 329350131
714632575 564067919 660151455
201583856 209458175 334237370
353685347 974958331 123387024
83895542 168862882 516828397
17347464 545469127 911938931
477914270 413989565 161267919
209452626 314723918 915459087
149967719 216515950 169255662
482513156 111220998 775133081
86547645 275944053 252437691
713779727 734055623 73534656
247278424 190903753 857575662
584877622 244646909 381876202
250893700 314681764 385210509
212274036 416550706 144010908
796169854 314842628 784923886
741844741 495698934 10716689
929822088 606918302 340336683
20943479 945088546 119530548
338055831 349383524 209439875
90735118 742712862 548763977
803642501 135440697 271462684
499899444 715678240 801770386
511661267 488376518 471051504
805704588 687238775 797047362
433917285 222675939 180092304
878413098 853994938 351518841
436370672 404452523 825663454
134337054 729001276 718157522
129220553 294301986 349966404
34381336 654603637 202401152
699325723 739379333 865355905
456944789 34280187 482039410
216334472 628343154 115355936
269735729 235521361 904385832
17748014 85735707 19128033
251748629 321232095 720123094
282775266 639258514 268342146
244502884 755940004 394963804
316880788 896184087 185685496
296436992 904424344 635394010
567648603 647429745 448912699
859444957 908920168 693225355
531866781 522022784 802847719
343149462 329747054 164094345
654936334 904053151 136772925
519460170 593498977 723548270
322515239 425914895 932271938
123788415 233184403 990909249
12046600 113195748 959455248
759551674 761332286 785861901
93000400 392840211 15380861
521549929 230975932 718669265
416404283 248573108 520312012
650786551 760273692 135122608
554538694 806924097 83237965
173218577 441533612 513934550
278902373 13302206 557830839
486654089 89255835 896078918
483399615 176213107 264356926
485827233 715486698 35248199
204999190 118667051 982461181
165430742 554721816 404233141
550529203 599395893 599396224
675686147 689289937 466881435
340225968 206192552 930888800
173292198 736552200 222438150
718647511 291206828 79143621
595410670 579147602 136142739
202869828 615255261 234446254
938487454 971583748 278117517
279285247 245376823 207988053
643285218 869450786 919023259
133984752 629170967 639764612
291717828 459201440 178136976
138066027 891326022 375662172
876633220 155051461 246864069
568070971 720760511 274521742
209004323 564210367 711795734
388914829 201626888 796536987
446849354 353628941 980133393
428705935 87813483 422895898
637836416 125931241 781331795
625527881 251066787 300889569
550333288 511676638 375036546
597764781 127367645 460858068
64580833 168524753 197194936
191757900 683975105 176873595
697584819 483490223 816923774
997993529 10074824 558929789
244836743 115003968 434074935
722436348 890244265 234342136
410217373 117228771 509633650
771384233 683866969 770137494
721720466 360274412 231174660
283395380 137777687 561311061
21554309 876412404 827758846
480588013 11576356 805077418
766055438 184006372 200831134
277953278 691061900 435407643
647319308 559166072 104534934
147301377 754871952 548787434
252661567 75620884 615328572
880639696 901681212 125010593
172753165 910606721 455633524
602090122 570132921 392701053
849644670 202259839 150064861
301816699 123581602 978795768
853941014 16492584 427087388
181744757 605144129 704651293
37941497 835260875 951221926
774081744 764154336 492728499
838467677 363266819 964781165
507322447 306831299 510191713
967715236 597365557 957860837
5741358 990656660 941176947
638019707 591983069 20105854
424686891 66057650 219686006
771674288 136415542 133120701
654800455 295529674 663600296
78724803 399140913 413092019
850337970 675972762 307317958
763772159 937647484 989698802
534508247 916058347 763254259
449691757 693947554 342313352
92451067 284471048 320631877
833385179 297428385 396306721
457471196 986080721 214350762
816236147 977379798 964646382
910308802 805357392 337068429
971790979 625447306 561060750
121349762 908522526 24314665
194226703 567064875 330360605
446166914 521038516 96098115
286968561 203993819 546313287
729770839 501159943 770097288
564044272 625980590 472093391
308725061 563167116 19912203
931068141 535684833 27364280
555450680 761798165 326968689
378132288 917710575 336866494
426016450 454876407 728291642
183235749 74403926 576503846
820988459 39858291 836756833
277461660 531406159 358721816
954011535 880275214 859364992
352588547 689093733 107458587
744994112 182559148 396024579
739711998 230350437 35152617
570654381 494796598 553832575
809242273 319439746 181051517
526120229 493911203 690294934
754076973 506890007 749761949
503424288 73244008 714247536
503054709 472631109 173357985
463061086 604560459 500120194
849304270 285595235 46623020
398130991 804786863 66682395
898375335 177685850 936112027
532041411 729828096 344755569
627710639 657516663 845028550
440902214 806945077 748718796
630119338 765140613 647992799
666168617 176975974 89998348
492600208 25117445 136128819
923276545 866873399 987964801
336968237 910589674 108479613
552976031 1157064 898667969
63297636 400885655 154962541
167226809 286999498 812177031
165343374 237900080 778962770
777150587 521110682 522666730
13021095 793864737 438184534
659928385 736689524 940379014
963978226 542640559 774487108
837950513 621562071 318314719
430065766 570933140 873706961
491649864 790669072 518765059
164374463 382536984 859763046
932611668 480167870 765347258
767154793 186714034 436985383
483985883 249006003 959356575
906039226 593075135 421838516
813534670 613268797 740138016
860677778 945082081 250055199
169043920 475331379 947162059
332853816 421090418 331850116
373355375 254030153 614001181
890652539 502831721 303515402
783034893 579040554 404973882
399567166 812113010 891775230
267375137 105516816 690835846
561867499 38552436 2378798
987107144 376825693 391426492
747578296 523296917 284221085
758131414 970986981 229665985
787439297 703202487 768916993
674759860 974397512 878336713
856173660 241343120 6935512
917524679 454500856 329433503
803992744 785316667 551437299
505880040 115515405 287175591
199521385 381500148 242533737
312036027 623792253 279835194
169749845 399285672 152602535
523275154 710264650 417363079
422220400 222835401 752297922
670354865 724743405 736834765
90094117 531881601 709874946
17602338 371079946 642015780
316486721 651670658 852973077
535339983 176604251 796961778
268151948 991375043 166201531
209413840 106157185 434476501
60993068 280818631 159234076
38725631 160079506 604311499
315857724 80634188 975448114
439975894 814670427 504909987
602615558 833551752 685239863
549477726 631181678 689419234
836029486 590245150 839894476
345563685 193226312 400626928
703020521 886818751 199060283
935166373 317281731 192434938
678404896 675291381 881955473
603405784 248312861 459903241
144099425 280647900 660438980
638045607 550172959 615580148
717167553 602453434 986437757
805860282 143202917 134393765
435336708 892319268 850266726
269259918 532931185 586238302
165596268 302432806 890796550
735468007 631076582 442642072
420671674 504602215 891489804
876384432 303400944 599379420
524023924 749785486 780091134
434850668 708345575 946736039
212369031 750136694 450882030
