873 1033 930
932271098 564087109 164534528
63452799 76840816 926266372
452552641 22668505 297193389
882312407 207960579 17801335
469715815 339961586 621305713
175191584 440852981 712975662
172556726 863698997 763274157
566768717 886441186 800923886
312214368 155640605 231695640
717019910 848140745 260927581
296889926 863737296 130915944
770004307 698426328 764472674
603210061 403999203 206366046
431223883 711463471 61164694
785596936 451804119 131279943
544994972 697394548 14932694
165632788 641622639 688022801
173554406 423823333 322084505
139959644 18415374 370170945
845718687 949923199 473554919
379271546 609869324 467545068
435466878 378807817 371981
407528295 494794757 61152556
994783519 617391506 576877268
127492479 595080711 253605192
772364887 369388370 922544144
615380207 218033549 880906738
577978124 254767751 945782305
632704637 205822470 698142452
468110921 114204205 525013193
360154743 843943201 278027928
707355138 261869494 465793966
292224087 938862761 904343343
451034257 106849051 600534479
29175907 382922775 425922716
658630735 777441627 141579943
798638853 269304608 835669342
637197893 856880352 370559545
509971950 591159441 390014637
710747355 517492949 804000729
85449318 553606499 644298539
475628018 827170957 14180368
15920921 92992943 859384134
189913668 133937525 881531469
732632313 798378883 865419626
888868159 52766216 458008153
35552697 572708456 401422757
695394011 161401948 258863896
468930092 372141265 420853286
905016837 891778738 549034460
193381733 94866776 489118732
760701336 673008142 302583083
53348323 595136704 590400100
602242129 747477511 468869532
119435838 358504934 553711932
668876762 24261117 555136660
849764250 743858677 508616871
922739320 943125454 464273904
713454341 266335511 440505044
303406559 603332564 137160623
201698067 66817227 669612503
88282323 470560626 733186789
70090295 99700959 747689995
819221610 201573659 918102178
462930657 270895076 326979034
767684599 206103341 295738590
935994254 510821837 863486579
671049884 411509880 419405124
666323421 939471801 680389123
546017362 863471956 464849972
758772744 430251193 769861267
310723517 50837961 184342250
396864164 990574777 868402348
99136133 756420227 419904035
821695509 609729713 851759318
343038741 522705588 463255130
186691631 868396576 611088909
412320225 319528617 764160779
394462238 289569695 631132943
722802908 253828218 315177557
251364592 368238772 296788839
502712921 891212829 36874390
445496865 741340985 950149757
443782626 274614872 207567928
870648702 790449446 665351288
96211198 586047167 157400296
193416518 197482093 157470677
567378937 830149196 18574006
444147919 555625637 881005168
162446457 919797675 508291980
830544071 783833995 724725352
206273597 772830575 809768176
92326174 486259621 434941151
64662060 21389132 453641863
440984442 127786103 698710244
336806360 190549086 428757973
950283896 560260196 979332308
843968149 176622372 187607270
183266731 230622856 331720564
533955668 999359907 883859641
924419944 34000881 990386949
804460070 236915222 867788269
593026260 553326824 328711891
301829802 572578835 14888964
941263165 342494514 939228956
304425862 631086495 48501546
103534878 691457810 386612362
113369552 289771043 748089308
1565462 232328779 507866591
253375052 823216645 908591627
445767163 182219558 538550423
770454231 123896083 111549403
698062295 122566392 312137640
603283110 14720710 98895671
858411203 554762735 891208329
254322876 934914988 475601160
608338239 291853368 149333160
426159866 727627415 217330203
880219959 583192216 777435459
35432882 664184324 261918439
165086507 907272910 215104496
559013632 175957048 755873218
806722476 917134317 642064448
274585449 21982241 838053118
247506574 795484787 666930105
84700099 621256067 536749919
189010158 761148817 958729618
860172420 732754450 651965831
416008722 539887071 164046515
389992402 331423379 262805484
391333074 540365256 120236221
241524762 425692901 810441762
682482316 402943555 928276772
564362856 572615881 103280677
274284219 967168331 425154287
551474927 965429867 409691755
757704441 183913528 714607120
750282386 179965452 177304398
147820664 229381168 739491075
449582627 168388529 26648965
259208455 478115066 377802143
921902083 338942121 106509861
905282464 958151535 219121121
767166711 514603874 192130914
161877591 169247256 406119198
434541898 577638967 289978097
106412612 199694365 956733549
439619736 948161666 387277786
414475702 197576738 578696414
73330308 175287298 819944815
251295033 333097982 798244304
740209413 966998817 983629995
724634471 722554992 357714541
98709593 633648366 414626776
560428002 418295376 288739018
596499165 698696802 785521826
549078311 663479843 730625396
153091761 294034593 606318539
690918065 100438992 765850943
595353566 43254231 346124621
160186775 747547003 866234456
564361902 696218417 759165015
376891077 704992595 66572445
74646526 712441639 359269524
699549277 965622275 511177746
897719321 91943978 874196737
759774564 936936759 277196907
40726626 470515454 316550925
698419618 889394925 684526902
191026561 729898618 5062666
487061010 11968284 598873113
375628595 837997177 636554059
706479244 853700309 154604189
565264515 792039937 896396180
846403154 114517343 620565671
282471137 749760887 400059120
730804732 168995575 87132894
613859180 700986864 517593547
299811245 770061627 113109498
466397023 746526369 241787148
213832061 497976891 562557413
100187617 451206733 517147253
589309853 492383251 877751285
846594456 547718998 362759686
32018975 919302530 273597154
496359052 904130654 10930483
4904792 18051512 501776514
640581425 369580073 540891516
428673158 524753518 665264826
952781707 206113493 966687148
906074899 47139531 263071963
963343549 568370062 92363609
908975003 331146245 614353354
425419149 504806355 457012890
854827147 563855801 431112487
780355149 797567726 440778608
528885901 315226153 799513408
765331528 208643240 824710999
731632628 168974079 465649371
327488680 265857846 930519942
618222765 302632683 947155347
792817830 300095585 660754931
660294119 380549501 477360465
626939261 474379462 999058558
946944717 387183121 908917177
981857140 422260923 856676169
671395958 73085529 287566668
611627698 424317430 535612872
974137527 168985891 84142591
622206170 236127820 423181292
277447614 171948078 805054241
140389509 998775068 368930763
997486840 974349729 710633778
540845195 371650913 885983422
403139893 820302429 641004565
662887010 15415271 663132162
616632981 87838802 991376040
935606425 850471913 888377665
784542548 343051720 171820281
422477797 339692868 846116976
219213170 228590636 160692057
534972242 912815612 464135394
977757555 525999985 287305911
557402192 962917770 387537821
495950552 809616408 134249510
478958065 774587816 794439873
831015182 339454051 924868717
297412935 430028517 269809299
64443410 343622873 62819402
817581625 749315713 966936190
499029351 507640589 401757391
444182069 89157246 467675054
283939934 87663575 789703956
14241463 283140450 301272329
896724760 567904152 437433723
958625794 378654977 487630194
727210660 707781274 314221058
253192878 591994993 429294014
991869086 684161094 159168930
731956848 965654119 399332267
693733524 315966002 187250601
873461263 132157532 320513723
838388322 35679131 255062746
541803593 881448673 421767762
818694645 145164734 940894169
905212256 92285175 607143783
228647473 752602510 43500654
824602049 367102556 438952913
679924619 600697109 848785936
512500636 499628373 37922755
90592144 405928747 634779125
64790273 467860578 410343824
551397842 820240451 291244480
775315782 38041462 510223885
35575756 29277097 243135675
836557342 918563864 55098114
570266344 47947312 203767297
529237985 740693349 213998088
776310591 390390861 84000594
425518394 162573731 76641173
437335604 849173125 676101071
62459006 900596711 132000560
140434284 956320388 325630596
220981105 651420325 208450164
89530440 918916921 71880696
269130681 888935609 492113221
376591286 141666254 988440424
816639041 205736376 939318246
36607366 974723888 987106412
636920373 26204143 88560270
854692887 461975161 381706973
195517590 58363771 537268258
777256959 865164993 172897024
414933732 748702300 552408390
236528449 953474849 342694938
14870863 328358287 294671978
699507301 29145290 736003007
800824752 160530265 455819097
743734020 172349775 262079186
574368283 711680121 650272931
40516650 544062989 475223564
56941925 747301188 335843408
758243225 730664948 159029421
740028584 963192930 664314275
367122932 332377928 201044510
435657957 921405238 188361253
452691934 387038089 925186960
973360955 28863677 517673985
265193588 425772299 294946728
614854859 130347751 997860859
633370545 68343630 100271950
694938352 573862776 460624096
586349052 170976469 680480515
84623723 668617808 201700204
762033863 963719595 867337232
195389339 881268742 217857917
948282889 56923895 256629597
339351150 778160993 967485160
420673405 370462580 920825696
217769544 383142917 899557422
883693513 410022719 205439241
226490468 788114166 841130542
617866206 319656611 617794298
173525938 723129860 882394181
515356755 968197111 164851861
881214127 489347529 839131808
142801537 27775468 535225100
796825464 591301451 954361139
484533459 49233159 781952398
126842831 822622777 305312958
413680926 895879924 983514694
924442898 698240589 441932130
20556397 635660011 915620723
18002797 456957683 13052568
944633180 894320057 719434922
609064494 580291582 640956653
139697248 966115300 888231577
882770935 437529823 435309117
486816541 867355142 579054380
50989568 656089760 260097432
424710393 873659114 45895419
612898846 688851793 695748319
111133254 324240463 961208827
873850294 277918035 618311420
247091150 152588671 524810285
93342940 949472332 941989230
572650938 575297859 874768794
750442323 233866148 767356150
463052188 363831851 242550733
341849709 407494693 967299480
207808227 498725156 500398322
883311837 822619566 154049643
324685945 229533084 735732996
517912231 834552346 32649704
150653538 278672017 356690418
724922263 817028385 270191838
515638960 116248671 383406433
815202597 807841038 759866321
741694364 418764195 752952790
16981633 510100487 656156464
308079699 577112340 628270941
19392986 568230890 938338916
158537173 771846117 11445460
51214223 117239992 567225672
873989130 548756782 954412415
516581640 850692863 685897471
317148725 535754270 570946779
443530255 273559099 917116117
120054599 607234413 787160752
992457518 164991474 226717520
484717475 27620700 129403758
52908434 432249384 684717526
481447629 48750039 697728779
57565491 729758512 966915090
71477336 518862577 910973681
252168296 795255184 301422667
44576234 317349834 407489092
801490736 192509294 316676295
24573669 524161532 504629920
489772662 696722547 907999308
988621932 30110197 531349994
4593834 51902573 656789984
61549848 31001815 227142410
503541013 147993148 849154377
276288941 350180205 718017519
752263343 740605769 286638270
578052160 860532044 247538903
967741274 14786336 983357530
179006016 114709905 564100037
339679971 72737154 937549982
925570947 445784336 876620215
239046000 998097551 457486957
956739935 255310075 70076907
440264907 642226908 18872961
634102725 990821986 581724503
687437395 607003478 404915557
998571316 694672911 20511478
217570347 400580329 301877113
826916936 407401700 864686040
846775359 501029869 720059032
58796266 768357037 760659097
3726859 372809872 472432218
736097480 372121892 841514865
76843483 686222642 290071000
576231587 674842634 820841609
372969641 233423902 994596498
904739464 403188205 614036198
213926725 520349269 695634668
804074154 283036145 711423066
692630124 766092268 627924447
187458919 903191008 921295597
851176643 938683522 722790041
891281290 261374578 233078629
929792649 404776629 275750761
633012924 957499693 773599418
991991137 888726652 704482061
383136905 112197953 718391757
329695185 866447137 262323824
123661547 829860050 31488480
578391645 594068853 267115185
945848934 313844979 978458626
310381138 399483874 29909880
68866325 651880774 747224796
585584531 362923124 362875738
273415274 590695764 129968235
132482397 559017161 967092128
481330408 524451360 429762296
762966260 431380070 451564412
528244588 549508148 538232372
1911779 705925632 967844388
698366197 561025096 39719709
716309815 261786634 527798731
171094101 589779016 72524949
971561045 504789045 855032532
32459024 107097729 592457830
532077723 931412015 124678105
673781525 271415212 549728798
966154078 687964683 832009794
798959395 209906789 468148222
679184360 719853574 614677844
69715354 829822688 289987733
988659247 355897656 414170051
110645475 588955115 404532192
950633078 645234154 250428890
649861970 292290896 406683971
900238705 129435390 916069211
397470674 829756376 74694152
142344918 343540875 229294272
758790948 648463593 728066944
180715101 410430812 747355439
347171269 353110202 630778263
18404767 462761161 379102686
282127963 140837525 724587332
215106894 941017209 796252038
294160118 757611122 471270100
802133293 625800449 805911838
633725864 937904972 999167446
311580796 406895495 605568342
943669054 399257141 441124735
192319176 938677196 745144557
93972650 576053498 251194083
566688097 746336357 196824931
934850327 302146277 702134483
645487348 117387216 743303079
7706737 510076350 808930109
755835373 446242084 571894918
192894777 489233512 364150079
20055245 65145719 126928950
331020989 294862228 404474562
847004040 750817561 335708932
592062936 305339606 841186149
64223205 510965270 823314803
55888236 649435345 22327600
480959851 986971659 587343178
615891848 904854577 373124744
613795794 387599843 20259889
712717358 802903473 347785516
640615987 161985612 324557649
836455710 955355072 96956573
706830447 758104233 670318481
995231051 636009381 251929519
287108840 348217068 21180922
916329686 272925649 520688849
818686936 636115417 368492911
338604802 976627909 969162906
115941052 686645887 25147626
569011324 535015570 493722041
808820232 777884150 161581915
811660802 232883363 130886952
385966229 842147585 827431395
702947936 302194827 584536829
52374383 414993507 250347226
383585053 671632827 33316330
168630133 689919738 249475444
5742748 33216867 12701418
472330146 609087866 355892978
880498235 862607149 27743913
178305849 254308995 512335108
577264780 494056735 887090998
823145293 87438968 160743282
714952018 753264643 448864137
782821268 698856872 994588006
587268584 747244095 526185544
940902884 484890619 164787158
803517668 810292016 527628278
352286892 483606809 202260289
307456568 284732184 890350084
495346930 807964073 535180796
946865043 199819011 590406999
324979562 817626313 72970006
519388375 664104437 803945985
172195625 659433734 564940901
390373854 685151728 793854760
628950918 715015027 692750015
394713748 420713082 706754613
775953521 908439846 380688161
233498910 479015078 245552993
60625063 197057322 169236406
534793148 816019502 21574066
718287374 222820267 682930259
446508946 733070993 615893425
669036258 733991660 241958317
220009044 985408408 783771372
712425105 808236151 544706918
57220482 823775020 424127206
252762482 699283467 65140350
466279095 667723171 217690588
623773953 456254772 925203468
649118317 641259922 958550995
256717743 485150626 645193283
293118277 820635327 489429983
246877680 675146524 720229029
792562800 17169323 894512173
222601260 108158265 871169518
61273360 112876225 464858744
693474178 530601782 450332238
598785073 287858999 669441543
403955577 551905833 35830623
564094757 70936684 703429749
231568036 901456207 550830667
611633766 601220418 224498457
19463339 137072825 87318539
201634632 350663057 34595074
656679197 359139871 672561532
143689948 410293586 216773507
672717371 655939803 182279756
543399503 147352093 954373700
625010237 354279837 764587258
984625821 169051281 714800109
245201627 252259813 858918199
659164174 166929727 454594824
27780855 446530452 503563184
413416477 457198204 31678733
963009001 281798792 69202404
438459265 930583204 328155247
536983535 560434451 908265261
626494401 455679036 374024847
749805787 818472106 653288111
339120224 923073929 998677199
980672678 460358214 564953160
492041101 853115536 35073543
59433173 219157959 167930474
149003314 410827030 963007062
344700161 59932511 833276600
455641229 860089738 911662759
203345551 361487447 440074637
722271148 211352153 807938578
184707900 715831598 940291710
150216491 535387553 258213922
801797784 485745173 240367774
561365581 623370357 982765455
556933010 401678667 28011562
604186753 860142366 673009888
895500050 19274623 189189858
114097035 727666893 903918072
625825015 532862338 841316595
141102839 394649878 481064665
98368287 145260193 554471293
405852578 920098024 122433264
523166726 557748303 208176022
877343609 3380115 289439084
428952123 635647605 718273134
282643960 4881254 213093740
764482170 982621502 618169283
837217839 949979804 935563013
945433465 394466290 399554594
711958582 913603641 351039099
510911586 393459462 767903028
91256532 488536013 428960151
713795896 767573190 385336513
286453312 611910419 428778960
519804870 389864854 895452666
360770018 949847489 547179874
201126877 574780656 102036104
190925316 601461061 645150662
739125914 862753847 546138
49495578 133036766 360988569
802687395 948277679 158552191
479016336 502895317 654039871
156922887 1492992 684955051
928020713 713208054 815353051
378587726 933497023 771845191
872667626 960719260 91435499
664793693 363356779 544079696
716057091 385975436 248985644
592428542 166685796 91890773
258830617 675578312 165303171
87506499 363029212 991469544
494854922 896260483 995933894
970517949 462926917 501358712
852805995 796752365 104792077
91022200 612863670 17905245
608753130 5231706 552059152
213810959 635947147 309919807
618088407 75474137 177942810
644551176 794239692 506254991
968588356 104467354 109852138
294778978 222148338 330808325
756943893 147439730 267335296
298989195 847670137 611626653
891325906 435885040 737580049
70231055 19131787 268116017
948472896 745926760 562433270
148316310 178353611 953799876
682613880 331654117 417948250
945594391 934387869 993531975
162863666 312057017 177536470
11109462 410773705 894856866
820855572 73447836 195505235
573166688 380439188 231477744
757289942 653495506 368638578
433618616 861448585 193474023
620147647 403668251 323303291
883763870 296248092 586123671
222455777 562914639 385596961
833691425 245681190 619865282
429955672 347837639 24079221
507503042 426375743 151491050
675994265 331266843 132706634
383588833 180293344 197846010
668622001 900709288 313710417
40767154 688536561 661368348
355505424 744951492 151603423
930151223 240166459 304686358
255235501 462288233 899023161
145048810 353429874 905715348
728436249 776250954 578062675
287215480 593221588 154356423
683557498 871528660 151258901
976355063 549824456 119816827
918475326 536277145 836721313
464927393 512205029 531024354
671774375 163693373 557093070
179800901 24200555 333099182
381539539 766894537 992279590
401929181 580232465 647090538
155363683 818078006 326031142
659040899 888588604 974031182
532487388 971391652 632109021
459578611 72898492 353388561
602324936 841479901 158803585
355872222 964032852 957043169
76244712 974172695 849117162
112790459 97081547 605341766
812865574 637815129 87281286
873658384 78629645 617214711
473912039 191937972 175105952
37291189 656875076 742237326
120139776 381321721 476276919
624248 587685544 337275895
826502178 751204895 532028169
266782196 874929934 63491846
199116228 621179289 716744718
207804069 33349817 977013828
417883201 640803977 537812047
439773 153727195 522490594
568443512 467010361 893157724
174349320 29362244 56607419
687596505 288618846 271773970
226086864 383947748 722725877
842307290 583164186 162529382
355230483 766089485 710312878
846708898 109632093 787644421
176925115 481395086 716607175
617107591 806060048 224964578
239377037 857199678 407263456
921474022 285080058 928695632
950095845 983250908 565126375
219608719 320647814 225112405
406074604 833913864 234021397
446441624 64829748 140582770
925077495 819480042 467202749
569126602 668545903 928748861
908566309 406284108 358666251
941871842 388507240 478958536
526396654 830498875 121524702
922858954 274056496 772608534
141000948 297220655 711798747
648470837 70984518 814955141
421647416 158759035 46714904
374013868 358694561 675195062
255994258 163055325 711422885
903971079 482227891 620873175
120724927 426531895 5151048
748357868 98027071 870462332
410844961 487483982 518787308
535213784 867796066 278695439
609588886 858730663 307644152
600764207 639514091 143357005
815066568 765405362 542094346
575265043 638427073 886554735
418455197 862945012 508551328
143446177 827541811 302214112
17015224 605591720 318002014
795033380 535597879 117962740
421787970 645306661 780957376
28045458 344167752 421231863
621892452 885021998 847449268
250266067 473311932 720429088
494504586 380512548 955387241
137311973 250250113 406986168
699312545 535660411 708368733
343265354 448282603 676984168
761948578 89927057 844476446
330516611 37170268 541987749
730032329 226492862 418000354
150373596 537761849 520929007
583483599 622965345 738808497
980266388 518221549 331641756
177629969 371601021 405441446
71670843 720293976 588808901
795770509 302796610 535126011
242898643 196436881 128884206
19976863 91436908 418276829
775166775 516022005 527392322
488441525 902847536 512646184
685658656 255188974 664633121
400826603 185965050 807622591
318635303 622596182 866489043
706403757 486947052 57901399
50013926 784975902 130650916
510985580 758371260 174837485
156223192 694317428 882263813
522320207 793965425 363166922
235136678 687550637 107607621
211346498 779640594 598644448
910245238 694624593 3490104
222109599 952869277 72879376
140667920 822807803 954350659
971225007 487759181 779045607
981146406 529044690 300458494
765458449 761321318 660177583
34638065 354852437 288139967
375257133 523843473 804489258
883184840 357280797 932505074
464254178 503963117 990246217
731172662 47951356 675287936
34318533 331759118 596099339
193088979 638460182 181261949
771869728 914065822 314476785
58899384 664695636 670976046
64487227 866889661 688590098
650057585 93390395 981785091
543314532 212969075 353128897
794798534 978970206 829898556
151043752 12262133 24173332
342559246 344110456 939022934
201296896 582483992 757850533
984034019 835631354 275782754
706552606 498291899 668297906
73137843 10887155 82983791
74973045 52836375 375938936
213804962 464359130 390481215
20877479 775514304 625342751
932728023 481943004 521676073
674341520 180964237 551967438
452267177 411932825 299707906
205330374 553964507 741380882
195384109 901946845 833155701
275889882 581591073 588650306
810720131 337982034 44589505
257417665 164964530 815709649
707898569 999253119 634276175
429140492 238667151 313067294
971850430 601820540 753938601
975854239 852659945 631206493
448325250 330911736 835456387
955669895 170335008 884492769
204262695 492294918 549443634
407049778 18011550 620973292
131627469 582118604 979944755
822458581 770389055 651385558
519396149 340656818 504582293
375689998 286832808 252882940
5454251 415441466 903920200
211882215 522200098 76756798
209980855 78661602 373998386
497753600 322548077 82480622
213052119 907359351 706522760
439339673 67332443 739387480
734167169 284740522 426094148
316318723 453288261 455260442
431982895 586812807 224609880
713136804 926192790 585397525
292397274 423134449 287239665
145135826 557931144 38206151
465257892 401919802 462326216
562440720 942346850 656706122
742758737 456673294 624946432
371160251 255991775 136192613
815729119 435811948 657772058
987144864 458326387 759491475
736929809 194313909 98362689
161752380 760250308 607949164
629377092 749027121 74126239
869324738 198557214 356569555
448243397 851341838 387415161
780975438 130676165 359661351
438196617 302853062 71360255
275071008 335831350 118878460
211332087 282121307 304076735
971435667 23273851 824525961
467440915 326074757 609077249
119796543 623995319 833610500
988952118 897067570 381105643
138125271 388384364 646175169
698699133 142514550 778361972
640145398 52427369 613124516
717810622 632730366 683578979
342693148 624849918 973453257
652760255 819422797 568547553
485684472 858700958 300772440
178250252 215125346 662502173
339327640 354375936 301729386
673980449 864569033 536885684
295533211 416370020 231663818
151623058 767466822 889025000
424603306 739680271 852255311
882875551 272807531 179989908
255821315 437034855 589453976
934553947 151455034 546244835
545042179 658668130 814135635
46271012 141354766 26251043
48543726 836136847 72936220
766974190 954804350 202900698
337400898 55978214 429530059
974235876 131133913 116611409
71001771 618247139 995716669
401987672 994363999 32540387
959281155 607862324 861591087
548220845 874020164 564565565
894394894 958633085 890940496
943278834 716512593 55961375
212344197 194567830 583890795
770870682 458214889 55242512
378742378 382233153 670588257
272335976 103305357 201230507
814817636 460270118 46538199
25289110 370520643 850748216
908231073 142344582 172718700
237588043 595077205 502097632
998102503 906085399 562786702
591674232 844783655 454823980
76350097 972571494 940482012
101819759 678607205 992468276
135084104 838011412 683091941
674394966 690554831 513462201
135694151 78618749 373909351
772660675 351934445 802466558
777764415 955103562 373886306
865921204 95120834 436279111
968420395 889011444 329870500
979444888 89165451 305378474
871831969 731315085 222184627
548448045 101919925 308122991
947565071 362090093 972054943
522436173 229757737 933645123
109769801 320567590 848141788
450852818 488717684 759172503
942623527 74304404 492796245
584146352 560596293 331933433
123919346 210143826 190475523
592214209 977039796 336973624
737592941 353971522 41812234
311688555 626132711 420287593
405883526 185978022 532452070
6109699 778388077 326420112
357850105 198614343 233692283
534118303 346754773 703112952
61825794 805793780 503227724
208808665 10351729 242306786
846201547 871408694 651814721
155836119 243352640 658219076
191381057 633722797 216069905
330889083 677719160 148891185
872697216 366513972 919021921
476110793 89533174 408932617
679471542 682930101 255442330
568368898 920566144 266349517
196966178 789083552 985620483
438726155 515901236 309663233
223696508 499464209 99095377
168013261 295942682 920604246
246616204 957552267 817915640
861044433 435626276 316488511
332374251 668827802 716042247
24410175 64263162 399298164
590993430 167832518 921460971
613507070 644406440 163078107
838969341 82371709 644497694
540386365 143698726 198107817
853976525 131490531 765913562
916602417 751233138 16607681
951335559 464783588 324926648
764933389 19692068 710547637
201671380 455381821 214713313
342987558 708235657 417860608
797585433 798469082 224941748
940170426 320270458 142638009
601225331 672382199 351144243
997531558 684369941 230551062
150762120 444240552 876149684
813702517 910115271 92096287
603671176 881572450 943681552
709053807 231086843 529407054
805564796 727260924 929864882
780160741 117850716 265078438
629941264 295734208 218434552
541175769 567570933 657832687
950733246 292070195 126722637
300569289 954942644 885471869
986357542 960589016 164715329
735087567 599007101 405983729
401234951 84870991 312240825
935721957 690942759 443077797
873471777 857182232 315470944
297138883 74438438 537167830
490488697 1305058 808866429
584932296 579331850 625563890
891477734 915888856 358711324
362130389 105194552 685402118
323371971 785547279 499858835
191799199 863191447 60518070
216495470 307328993 206398264
268425474 417878879 899036333
581561699 661569429 805129588
981735884 873890940 913650859
44445878 656023426 766809028
596504670 867895047 334444761
553055084 276984441 514934386
433369761 21527562 632653802
595171905 403538894 134853396
981001013 50740022 678585452
767850565 816976225 884167193
434627539 528056044 745095553
354692028 864403891 790762606
755421937 244082288 629086342
260035875 704151251 860773951
334793923 448522579 238447782
442344707 365558409 658596538
5476776 619032673 424569907
173226449 615641105 831760573
7062237 226565368 822636930
227680134 59383609 35191382
341401140 826928709 758129317
371230975 974455829 589981157
810611351 670695406 257953666
651868805 191598856 297751482
795098208 677481219 548259642
441948935 923258004 851707898
648093392 175858579 344922619
991520335 30314662 150228608
527260443 184434305 323883578
804000436 232672538 626673335
190682332 153642705 366635534
784620305 427234634 950810081
367109339 827144798 155484065
336206352 460875176 465654547
855731651 678504752 287039093
512239056 321799510 235783934
948144759 57815957 868050668
444412209 757120956 926070391
207023679 543117912 335460188
927432586 277478688 44260470
60621041 857480975 448934320
179858135 878142956 900169826
75187839 459282320 793072245
978981759 696779662 436875392
102089006 130696692 403298738
12682654 250198205 420864047
467055834 587375916 174456471
242700553 762581123 212802678
9519024 500930952 468059520
479317091 706274471 241625046
979929387 142246798 953424894
69577989 538514051 808029972
299131170 474812651 369746034
511674993 535087869 338433038
572721864 790053470 173854425
762871787 555153598 817803647
685258386 766703770 82023809
91936165 661881612 95321937
275177319 147219624 119103708
353348490 362116123 65853890
271044357 143957474 900751161
177232029 821878178 941479956
7238244 924384673 361310270
412040343 22995111 684362015
416216165 221289240 103278655
327290682 945133842 845182004
885562557 954182364 876066140
340022412 554653973 874683627
897336282 156293008 13241817
248998224 111213049 674884137
584339726 224505676 383715409
742204914 642398487 370321795
826221370 423629796 574918446
728225204 201000525 271301290
509339511 404076980 146448355
88774423 369699982 860240998
181307868 401100198 863663759
863873357 199043062 597979716
107940982 235932637 142893392
860480292 694269311 313571388
304015805 950419564 585432105
789554020 551339557 108023091
799979380 111450298 84019018
818364605 167941970 816170882
267179183 303029964 643581857
887027572 988208616 924453314
204963838 304241727 677441120
389738657 710977082 537925895
302504872 595201286 966779199
626069604 976949198 304812110
607539624 301318055 125685388
609503570 105085311 673320529
853387425 906986635 649319519
830064318 279370895 104040607
710612549 691745801 90248548
256879397 751896824 885749212
751947665 404550223 544762960
174497158 520730403 570270127
277887900 46107119 347564137
421961448 349283614 122964978
630986274 132067174 27178880
387204661 881863077 81299932
938892578 218345913 343809874
529522549 668659940 624432420
705333134 850609161 498599761
997380123 18904545 260374991
535412676 500794881 376247301
875032979 22524529 664846702
603860399 719734467 575138712
267504376 187996826 18648646
368829975 926227857 730669369
102502088 563138813 354943108
888543348 829621926 493585331
311523232 601345719 574797043
211339197 125310393 472770927
231924774 111001634 867804212
729555680 340175073 13750124
781108320 238043848 527485047
414483326 357873360 471165850
432421171 832954063 707593354
491872495 962883502 414590092
667929845 871424269 327242280
405619084 10085234 564738618
958551538 959008117 23330669
115085997 859933015 884745690
283517774 505031392 362623053
724209006 607202314 900207713
52267455 278561655 663422892
391981375 922720286 497754814
920436942 921487466 570095553
603385904 698702557 528259690
118896242 852058304 608439927
803813505 290901626 220199172
634975474 629192803 434081627
672502963 910639038 389706126
653010758 415202184 958013732
647599170 715358593 873180304
405188804 57508896 955083593
20186414 492232374 652308145
754823457 327309797 653904581
831197106 656557438 94101121
597018749 936366917 242534853
431021700 872608409 749730541
553192943 384198857 474779563
662130469 541526584 328010454
484314314 952696083 136323798
55504354 657916025 554283342
70135395 395122648 991542847
332456133 980431176 934674177
429797382 333066499 848256252
43581675 12932408 885923618
44191151 670037122 569264890
353611158 414561702 720902599
380820363 149781466 116428661
603924040 671106053 556557482
313247993 732905639 958807467
169242344 918363751 130793560
902077176 210579437 294336687
332593161 419214361 69696830
360080165 21956677 621316840
722750871 366534739 279228551
952596198 377432970 275237521
924946484 543933206 963744907
736974460 257725368 214722308
366123119 216851048 174857971
973013664 549962202 119353877
705882888 74162581 780600920
835709364 739637019 735748158
399823147 530778505 124816890
245727689 960234893 281388759
442076762 773139322 153171628
512931729 702170363 99718449
342403778 546566550 213180916
448285156 147813961 45003635
412066641 562418981 289618540
229892593 327857687 652916729
382927340 772923001 168343055
602091116 270292423 870728760
134822472 482847373 456328788
210076099 736175012 624523345
5197977 814557812 712080848
520127393 227521910 829174091
132700989 228984893 547375693
513982888 856872021 521074683
208703641 865545793 639396002
763639678 576772558 681768874
205657914 342723167 958182527
775425006 899037555 508364934
375833701 214574138 870066962
786463466 10879767 598615201
943043084 527902310 448697437
476083320 273029145 61391006
434304107 637387615 521417292
526818050 926204465 861835175
657482997 317364676 434766833
402450286 815940211 184732896
961245993 503719163 239285957
306385998 161072991 179505365
355366712 359171313 652622681
995716901 429971815 127332371
524144991 169344843 920884048
84378229 217770602 275108951
684904365 67971487 961244104
431876605 530375510 152533197
108005923 479800479 490193013
430783888 334274973 437478721
965352873 3547090 778967404
123842661 935800257 566059958
248375382 796123800 487741543
256514986 459993376 402946715
762029333 361926461 1317052
198593365 991322848 262912228
750368517 829959787 223906433
785406673 6195948 331719243
854304879 648873382 103772545
364361091 121450937 314796995
662102571 76340877 680202891
247740069 634426822 849706962
349056685 943100228 582209113
336584388 998932001 800134278
590370635 792185158 397757252
566106980 925596425 740099605
691483665 833988428 188988672
43900149 271456952 471527812
307619559 455393265 541109773
25094677 981505712 26142348
586209261 935454524 694249984
49316140 245343614 407533004
15411544 819668984 562452044
654576141 808392689 91154235
886896935 505176716 349634346
703765373 360884826 145117850
947815316 615093685 823645621
884898243 989615084 762707766
616877018 27515680 332188593
295415466 67533672 875973043
6153984 241355992 920248139
151602145 305207469 767634223
978124030 810286048 643301121
942616968 58404498 273724744
956158790 851868765 968351256
832928384 596461223 234823219
17324205 842536915 868479891
949657026 603169012 966413831
714741188 545737936 737935285
246571952 929890964 904014386
905283623 672970243 550207418
437809950 172255042 699626856
240883361 137999824 443524469
280274792 577735386 218099637
799489141 221295673 612735798
90767470 180276829 549650063
623456283 662604221 836234754
124885496 269709772 29897766
944005113 743243556 848943410
789317872 792094447 403552589
824545915 102053150 978956355
719476500 988571971 8879149
867949944 41624388 924919543
164059000 649676069 353495792
322978117 52511315 730828465
483224371 736801502 580307618
524944725 188987610 301324335
138659843 299880796 289264026
581181818 650762446 730966222
354301113 623200784 809259420
44981322 106860963 727806882
465412373 950015914 718239592
781629986 370361292 422969730
284415031 978331935 993811832
803991261 637522815 4374135
169193189 420232569 570395301
178560190 663817635 417779516
242582096 918391208 458937605
197395525 788764876 44025444
773041071 676515983 381769244
487412439 478020049 822046249
786004187 521705112 523868208
598277671 990056341 518389984
662278035 394795309 38401150
12777532 274813128 530819459
19092950 21648803 261190540
310177617 43257404 71284094
838600439 167255252 577938650
888240666 732715777 63155655
332738506 671235901 824716901
898061537 115168218 67442166
747418473 900780955 16846735
775347133 335258547 998415475
35372980 524987751 302959181
220452603 766232251 18722196
483485007 357887959 267679858
741118144 200715409 599038255
497276616 516547540 510451363
643069161 137832871 903937123
957704913 506702171 17370428
332628974 240463682 257006585
147491773 60017257 798312171
847970063 10455900 738037441
207103977 674977542 539468962
455651859 831287479 809318390
971847142 951060656 618313286
47019156 188773770 364168813
691942490 755165076 189002701
352521092 22979878 759821306
501170919 497345079 52436185
952689653 451796283 64599707
341076490 393905199 351758778
35561001 268767779 113623231
884820386 662672152 409720776
55181552 234752263 421045125
236199607 376831567 974635728
397701492 140909257 610653793
286984126 798906240 562840682
377874835 617772008 738380085
149337253 966931342 764628654
788688524 194663184 723368501
486813620 53359520 223043370
975086262 366618080 691184541
328233583 205612813 191878031
586611396 43339019 709808926
735959294 351080515 268978000
478209773 402279446 895488351
284719124 595389022 350189236
924092432 536851775 921950278
540209232 100766361 462121880
570259857 895945689 641139960
520115622 860595873 240497990
634359340 667576727 90465809
564676788 317460694 775718227
131455750 936266579 617175088
435311071 821308631 703803372
303400739 273722594 522113835
267379616 545657202 227200486
110769059 849695114 901244295
145250400 588063604 997286457
431631480 504167323 542571275
702607521 36893738 313409330
629607359 426527897 829246500
795727655 476702967 127834356
931315459 670148098 301048470
40038310 571162701 66564714
447549607 845854827 842745840
98645385 520763289 755715277
38799303 243145153 517611453
98812007 665971369 317968137
975624252 808223616 144445736
9227110 700248380 474820805
362349836 32499159 466638340
478850915 288026371 306124992
281917168 582887268 813882348
196111672 836733626 865075889
135123919 303878362 257542256
581382558 875849467 397051744
277358377 188524361 989218194
846473351 432757934 113093700
772070105 268865350 79738841
222854185 135820062 569205638
15566503 226516877 95453550
90070370 191145540 380700487
588760544 311782221 355578829
45235129 694864268 416496301
327656297 651702355 356445481
418455619 349746426 621226494
912677652 7914438 227711336
426805522 843791946 164617131
857840909 596231266 854029309
6729828 966691564 770520882
64182349 545868564 976024381
71887284 588412799 891053334
767972722 996070710 844884276
569246401 489293225 168887146
291960434 547777030 439125846
737748162 369727899 127119873
237033501 276726127 289498307
712160992 781372577 49876947
388429778 524937657 909021061
125203743 333964463 937280834
865906846 123577792 963173101
47827757 127765247 460650943
576750805 18102222 984803011
553980275 499830180 460824000
119187956 929491193 595550170
702949015 907289685 431286598
670094291 795071876 165814971
267967569 36902316 604578148
619861171 715304343 297086275
901081552 559173024 41021549
15726927 409934472 406736397
605906218 771266683 801608267
688444221 320950156 388096025
259879645 756126136 424503155
976356349 67675784 623162194
262421762 107798380 405846320
297676125 613179254 726268593
44640932 125880846 957575435
736135856 666795561 533810048
909311704 614735178 916210130
17070398 288048433 324554054
72606284 491840124 758658075
472907919 773925065 502841215
997884484 663105749 655051910
640839099 109512379 815244937
586514120 706205223 423264565
416920754 528434371 276280151
258937581 571224933 501833297
986428625 478523067 425016249
526528501 361406262 488134920
164874084 349901217 631434217
625047964 789263328 935712300
94408914 982602476 866620851
665545184 954858520 628713480
614971782 427636719 411068496
605396708 424578185 273040658
729738744 818783651 309756133
998898549 516068669 194696762
700306072 39272211 644991476
298882827 258896544 89596459
813244678 927388035 818525081
820335530 297354619 967188138
496027940 192994806 933347270
602880141 464999347 388548229
14265208 885187435 433653919
565538060 761698622 233856724
615329134 13899841 489478079
865638113 963405719 523932767
493741934 675854942 75086305
772300159 744845910 470691407
427326343 92338624 771024452
930223538 222800501 167070796
856409035 452146701 793491402
584897588 309257688 230960708
838640507 647543953 988816384
662844493 41999010 804388381
686822160 634278857 697305081
679889271 771817656 474525297
722474901 193361898 767405124
773094347 287654151 857487272
466840935 619248656 19772934
566295776 357609829 559046498
259496297 575682204 962102379
839726265 664994726 547811479
475931323 954837340 142204754
927591081 383586442 94355469
718099081 36633455 126989499
274221979 654959518 100439918
637049860 925789812 661442322
122395426 617579467 952054048
488768668 195255497 951404037
180580413 767494712 841094297
179601934 850294019 52950119
466891075 13123021 430893297
905973597 571208744 588215580
519838700 587710468 62506821
151342631 601825485 12828884
611437555 516836373 988965351
781632113 119818082 749414589
771714838 940569607 907669043
377527775 84491751 516015509
842365648 531141629 547123696
678139437 754934660 361443307
529222105 380426265 46711700
619192013 103025965 863757212
225497892 487861433 441936628
606741594 382364308 362747686
349249649 659499629 43499716
379653248 115271115 985667333
15303846 512423027 638178297
861665963 637833967 752970475
811467782 155941259 887741893
790551619 865742591 894043317
384259108 457872880 353902920
31051964 800344971 243988778
384200325 490180492 282965758
508168635 973115196 92239295
77919082 715811465 378610084
116686311 44789270 612422117
357337039 397104028 136265905
684811304 320576482 404693941
709118845 683112245 78800709
989464752 504588789 367584914
444186366 403811557 292916427
308597377 233916460 657924637
859870625 223555064 232521224
734427408 809877516 9287186
137318526 51878831 322093187
531288790 630755005 57600211
250236205 258601339 931583555
132817227 891232773 722823616
286106462 198101182 427151788
991201094 945905524 735918102
503793531 186212416 754373406
628111888 373574150 53689043
712198201 182317498 145660803
90131976 636580191 248994947
114701469 42190373 315427352
778061636 337904983 705971557
168630319 460514300 113654715
940155259 136777356 852330018
848139168 420557705 514494397
926046318 291849001 911729210
537822524 215203716 673187841
507282831 319205817 999999490
12021748 861346554 425264340
942825879 996665279 529325206
960574382 895721759 584775528
99674341 653254547 24080511
710105296 24222814 845200077
599593437 164689372 649213755
993655036 864843297 461452440
497225453 338544836 528197767
212680422 386571452 517879826
467371945 233521532 616935687
624540555 271069523 93861027
852510653 700632197 943529094
206920923 886953724 828900831
652031198 902738879 315239278
749942922 329881784 598728656
37625719 996842124 71490968
858631975 515239904 322098297
321485687 519731747 123818226
925024801 878498913 752082586
272292462 893369312 940046750
307129092 34040588 92147592
987786652 320178555 108745517
29095919 394475715 904709776
617013312 749585677 543592034
233975620 575987727 262912127
164771325 927048835 998513968
212959209 759653862 702932596
941441034 372728412 751936529
565244718 859604251 942259490
12610448 227768684 182093045
461092484 532403353 389797184
739632667 999252898 801989405
223271702 971554097 866620602
358377601 800277257 44225991
5871458 974723392 935555932
556802548 227347249 133412105
303764822 919866171 990966431
747306493 415459284 813696581
721704165 919219836 935858653
110630568 147540602 791634703
709431030 958628119 64976997
790289384 769284586 356255281
914940424 782031452 568782483
326414426 670359939 563417071
400613418 136992501 841476292
149664443 185444088 112190875
380057576 13910818 68398776
521724380 378758554 866627749
363282399 312445226 60965992
483328876 683136129 241535555
918409558 551865702 164405658
986627493 935801508 21288562
212036978 544761140 488280143
767214247 783380019 701604919
715720622 38904435 999804179
758148363 551087945 544931488
935474666 626982306 99292460
507420991 246753394 506018618
957217385 631275730 280437340
345311359 728916958 357938945
784815977 254032859 872739004
403215045 579960561 526389826
144706289 55636799 327335909
52449708 641144619 549254024
885265697 337765983 199042845
491733488 635368170 51242853
674176833 206678412 314692784
314590505 996865237 591188502
543430409 384706468 300808446
311546919 948432479 173825461
101253484 494413050 922301838
186539460 69831337 100063963
474120873 862316584 207620430
806584973 780595581 437303353
276004629 406949622 518642378
419091559 81191709 301346240
432195267 929892186 491395021
91646151 124454761 981223262
309464311 256344385 455528006
691980792 670942955 5428133
590665521 566880793 960645928
957723226 950217171 889079876
547469568 130370702 94923287
21878648 506411151 32915697
257187885 213695482 725861149
142560082 972748636 587691929
954559366 5736433 280984939
951369668 782370185 282468036
451820162 42955999 303928447
543345377 216401152 137771205
916622999 112552997 529481949
762912859 895555300 408335465
70903751 574909353 350113767
767529151 282020641 494599486
140329503 171195257 220070429
982263584 539971844 197834833
577605646 20774387 156008042
553744582 968272386 205082270
981534579 464948740 498090567
888125923 756994975 776463168
470711411 645286043 82678870
693716639 673740489 549853719
371280860 954907118 732375680
596412397 911183406 866597163
416746704 207713691 359443773
935969569 901646798 629459780
982892471 500402143 225446200
17016772 178834807 816808780
356202623 521830857 893559950
140940552 226963700 263812684
311470719 389760296 249482628
787606693 783476872 296311284
117133541 942160842 514855246
634275965 937007070 353952925
546794618 845535722 481266168
121891979 949923142 14415208
277717663 698348653 964242171
967509643 193514351 389444558
328044400 271865012 332298353
570414813 225224818 55529151
558758939 525857853 440728490
287908458 546189329 538036416
193736903 191226475 281898432
590896636 692668997 872706926
785223369 788882372 539881197
218513530 136676340 156689436
974511923 183118919 560975294
822422329 122834342 808372714
636600080 309960638 186895351
124403428 760438664 515760029
854849154 842520089 805256206
763804537 421128171 673949191
304704061 57588613 122869582
248895338 768913192 451406399
262193004 48487188 606242822
380004715 629423607 837354306
710892867 425896177 925708720
479337441 161151080 380452235
651901113 823509686 883670615
620814616 562684500 232692216
470081946 331305477 961559788
95634614 739657203 807084403
67696359 641988517 85789914
791426765 250622470 129526584
483084638 219839385 740760970
52054940 368980039 403346408
66241359 82273646 105591559
396925979 235986711 755488073
133483624 924082894 269351655
260340488 815079719 710537276
143977914 402437277 367702335
365076537 821531371 242709917
591585984 720304294 71651072
151031136 970698627 889098696
412139419 748140888 887527602
404700004 856334100 439319202
738815202 766173354 851850821
409735347 104141694 175106783
576392848 678114097 463979933
440673581 747113720 910005266
739600177 219905853 159883163
547276110 162666167 976251895
486972273 895881567 373921759
280396873 209180196 203801837
373659886 773891724 54532996
870493307 968583287 151812872
147368879 374157256 436718460
563810969 415982311 149687625
191116139 130460543 35820451
471433233 25593106 908716421
802322534 706081141 269340266
380025809 252771525 290324501
927067336 146413273 748747364
7778001 128915217 881069169
838829707 671164408 395107809
179820356 616737202 36651539
355094411 53851945 499678313
937632214 638320069 209000566
994443052 353086105 341243615
528453571 826563039 561124304
358866922 78883749 195291966
121208493 883326764 976791862
142690695 526603171 278100559
171579759 980859439 713239228
872032036 792801464 247389093
272036116 764937707 917276315
684704730 489833741 600831523
205852391 160503999 513008337
37106542 950225997 296741739
780956650 517641994 787988130
276476167 135279920 582950130
950656047 611843131 893424480
799421401 126469308 75532620
293844538 580580137 741882652
343351763 487753730 491236174
216805943 988173910 741245620
354204681 426628555 185235236
970485520 685208206 640258186
116173599 706278140 519791907
170338802 730329450 227323204
343595591 671136671 967784661
798354357 438903549 312818453
990603805 275710226 948719746
569433165 841655621 562058659
435055424 845540609 224275381
766257585 261629522 353200737
898085889 530405594 426598246
400058852 997811658 439563244
77690381 573283051 296336837
155595191 60427572 409555535
402716719 736069718 416152003
619978489 876527580 265042118
882157983 723256133 215595030
69280572 324277877 192242774
546763395 680684759 16523465
588624751 939109977 105526676
657593491 323197327 600288532
86684664 400454840 907044936
580844005 24773446 355922895
977836885 976048228 645520492
159057203 505347140 745914269
182802333 999368353 706593629
958274142 323022002 480731213
310650552 803476680 453166330
214917049 881803758 212396882
321178439 134066200 307068942
571473889 605294058 973617174
605323013 34566220 76028581
642019617 751056750 863909718
276759763 183746701 148820161
3044658 708176108 412802958
538065160 565666231 825120477
452494118 989620896 562941947
785659473 208891669 435341130
569373335 365849402 501220522
751235686 734085842 427789731
203498678 228548281 673276826
408236327 178132766 768424934
38612846 12972056 501191279
616542218 904320864 361200906
429519667 303713746 27966989
69625534 436970887 174288262
862087074 785161594 512027562
215523085 82852771 438975677
398660 981275069 643229041
576627630 370324 389200410
368046661 423097994 540816786
788864334 247510934 880205725
818307017 503804664 797645991
815776345 848137514 929166436
143621349 130973455 584681561
898062345 405529751 268126933
158095791 934188954 80889008
173587757 3568570 624380616
785352956 729010665 608062256
886008077 348228041 797794085
796555701 346062459 389200763
792456945 777280492 63528874
720010538 403031391 231506423
976987299 660890657 322544602
911578610 117231216 739562069
603913176 815944160 675041377
139606031 485125889 540126501
492056320 480647934 186250865
977940342 933106025 647719275
984251341 615892090 213820014
647496270 436390760 326158236
519930714 298952877 534005401
41576702 41140075 928083207
395272350 303238848 395693997
589899650 265502792 301708575
711779732 384884858 779212631
280989836 951961002 940558982
655702554 457470136 643283392
613636218 966702133 809081956
566116770 502289697 131941033
906148157 268263776 15889775
955587536 922236536 32540883
549260729 698823467 690010155
633082312 735167039 313610061
189601569 519837583 692127014
732300937 31603849 958325420
131684284 93164605 206264031
313136182 724569046 265500248
173745048 892086110 399422168
848397947 441411778 462594489
327632757 639015952 255004119
472295018 814571945 191751023
492973639 854854793 26957037
408627332 417758196 6920644
298903936 507524970 54632639
14156495 689678538 623037497
867433262 634283780 723388321
309791572 732843041 192875389
73049931 327651821 163003048
108406238 198130479 661502296
668662125 192289309 944399362
135918844 955046847 514244859
879581688 604869105 772087541
259404648 486093251 501872003
596841441 4747897 496870671
179710561 874977803 787698394
311935155 58000582 226130576
980368445 188662830 431779668
634721741 535164513 89741668
85898901 390178142 148920250
736978586 8795553 547910552
614923838 200722378 518814941
63544667 293852439 840753079
874265859 96855658 544911864
60576588 569553570 284842789
498376959 676450049 115279753
993459985 621487273 627551112
327925640 457785966 319483032
18270867 980848779 854083416
647270243 710057726 566166887
294058683 976609800 16263028
622113003 347107895 389122521
927261118 184846613 948488503
875442495 224117604 787584798
605147179 901550497 594782623
833616627 628324609 878559238
254946558 585590183 603410079
329866107 938821830 175682675
973519303 938689664 359045634
754467557 329945641 930382205
623718738 702002052 45330838
159560932 43243165 278275586
423200835 562496909 528107906
30570683 425357828 420258590
423877599 127001142 393210827
399475443 664018564 715581724
417253397 981253558 369326422
947013487 99317852 935553329
319435901 639378546 645333112
32024027 220316137 623208572
354976264 91047830 963293321
805637026 181056841 59332833
27257589 209487985 864447755
893546195 878733259 13476759
841997633 148380622 349675536
909592368 538480539 301138081
429000576 74284858 362486449
436213792 171005786 877429536
730945078 295781257 661902004
552218662 230237483 793262696
53379975 494846753 374847291
157272017 819706888 885673602
239412300 93214861 530733554
812193546 618537373 848354722
877076269 637051006 652019104
140664080 340994145 497979289
103659309 375821227 189142103
541042988 757029644 803200784
893532205 308412948 427014929
542519531 760755987 470934125
875803310 119244196 461027257
735777294 964965260 261696030
446361566 660396291 175216490
764652183 417519713 458726419
140952041 674905309 414476894
230604917 32751922 828827774
610822017 649065008 188518263
152028629 505016742 607976497
731654658 209899988 863633178
77577437 795012682 942233371
716178024 536367909 697167119
533396923 171296553 506963536
541495121 660712181 298898041
599115999 527376673 625811468
468654831 838491784 234629075
947182153 945861169 622516173
904557832 116822735 561926288
243509395 363235072 621959692
880981422 239689285 383329385
568612082 555116691 822637261
265006367 217543280 76897486
785811775 357087555 282523275
680812873 745248303 650644493
164696394 827311523 997565901
793891257 12354273 185688623
193951288 14008895 476981753
565292302 622198091 545833634
460250509 253456357 972185986
600842768 837921943 620020811
587753142 323876670 179459184
470885018 831569356 181168691
142267297 567130882 896246747
967792895 724673542 648692320
294392942 400570537 518578483
49131260 230422547 160750475
269360841 494166893 802377867
613946322 709825827 313663412
189215036 996598349 706550977
638181137 501130296 707523740
213224694 250385083 944336551
39621569 716023200 587389039
508413197 198398646 562897705
615843837 940791219 809853514
401942560 361672913 522928541
22363169 359533548 103082298
879065426 369790483 946884156
129536874 797748281 861884408
846917707 830058804 508236358
53668318 580528806 914499201
516759750 121271139 107574127
577031500 570250709 801115220
190232625 706193758 648460635
404054456 735498954 569660950
176491104 907364296 682114685
731446269 963051093 310355526
362216381 512263479 871285152
48556418 485681862 755898900
253037236 380005191 490214757
721649874 755069906 754497952
364229841 690528028 95827144
991271335 223004980 549417376
388585865 791514714 767654547
408484453 740236096 577854984
485616099 767343965 965994388
875647848 420207336 625827429
611020975 781518171 893499742
503687576 103519237 187068099
980557930 559991887 677318916
335709421 935525197 720189972
655840565 746985612 152168391
364427574 925233620 19130416
700312960 761807656 293955193
17890826 935479768 295138613
747463353 590469835 236746435
591351288 926011877 254371512
662566885 618016467 724307304
171193570 105788193 974789481
123857427 646631871 31541881
64981496 206863369 876520839
670471113 951526981 848318128
610134443 778711025 937711932
807756710 270429616 909696269
53870558 852171332 72200781
380449058 514994834 560258271
970560651 392383269 757118069
515259677 564578349 959984600
780176345 700899801 735906536
688505152 670240901 592780831
503061297 558839746 583598225
718844505 113406454 665547417
178925500 248703215 622124202
178574286 737724298 532628408
760064542 966073412 94350995
91748932 776135058 943648350
840037943 780972163 421240116
261861699 258150467 686304034
856068304 65514313 599883175
744903981 299527450 552027858
833079393 452399217 921304081
2419395 66163015 922205260
611673753 438955564 402903897
790882036 919977471 569833586
55717219 425427421 451830537
904242466 22070472 619091278
506993029 552310941 297576290
147494025 62565518 32519253
238151464 917284813 603032063
401383744 958160147 195750180
773360059 239262898 83552150
487595805 296566745 651306612
278951597 622772725 895066361
337487241 415604109 205056756
389613008 886738611 832823313
514826731 433611974 327981217
717096798 417620820 162764383
465118501 290304955 497946187
145689736 293616468 354800043
288454225 222721717 975207248
159403631 139009268 987895619
681681053 665720437 187399120
972117018 720616532 615487420
656001288 73743634 866143735
773969148 268662123 472783062
601864511 804968110 39230036
558066741 620626857 394807579
747238121 529264113 721217482
91213494 201897774 894874279
782448190 868589356 153112691
948851206 690077245 111537749
764193766 935278489 392971849
347498238 626508230 724751435
56458545 784033344 326845763
561508442 153781520 211412045
635988270 725106551 59391471
112901194 429433173 65775931
274170479 59355063 422637805
556008350 486281296 867367978
969425106 45903729 462103674
194337998 714284339 587585371
280818136 529040671 693376342
364176182 939345703 55980211
129064973 333726192 353898776
548502480 948326759 666743885
773084059 377816636 928446313
332774484 198913265 701753487
966254002 981572968 3903888
20169593 639057808 376124224
960270613 792506930 934124478
1145440 805062476 106832466
467734154 288879764 850791146
327009277 769545883 554430366
207787269 708019756 422906600
244272313 214283195 393567767
696439372 969730883 211826890
107468421 987136176 147434138
961639435 569966180 596290880
945223237 273637194 40410112
952265755 433523308 308474019
318312160 228998776 598218555
922315265 516117097 342959233
684748654 133368491 749833111
88006118 636730299 225531640
78613692 496947935 224523863
116100309 32776661 875061605
819386728 519893447 717801802
632750064 821807651 618487218
684033784 99947378 990451033
163311118 865844580 670335369
361217308 504478747 323108129
453200431 670697536 656861888
302026192 721952388 985168311
466618851 858737178 378227090
364029825 569265310 104726921
797219823 819792894 723209365
142120347 837801901 948490184
970457463 56515079 270320610
420181700 984778915 858841625
836707373 748571156 865867894
483389195 398382447 916393532
597177967 895233156 414342564
872190120 787985259 431434104
215510664 509759843 309171553
349007031 667231935 712848474
516158465 436730800 499030685
689714925 46962616 305737686
440936603 550038470 727093258
830157329 320297750 924882749
746314133 675926797 691734518
105354505 149277510 638248668
771869170 771467705 606213633
906948840 107220581 198985884
103110712 34989071 698021367
715919956 533832610 353652038
512218493 375067456 114537833
242721311 796441894 121096553
298351735 708048315 623002221
212277550 235414198 346819911
241229430 225638825 707463260
516325926 885343231 947728266
934928079 371448060 854689761
684595627 890938384 294574024
613780016 497143116 243652877
113941447 539173713 608000628
877747141 931559843 870121667
174247335 346429570 805499507
847712818 876310875 30040350
670829882 445069553 158569049
618314163 984553033 455926802
476895420 507796197 58791193
198146333 380094252 524231798
920388273 964132362 76098385
174654086 448119703 362901960
253160820 475884531 44557318
852377296 88314760 812852163
159421895 232263560 750294045
462667206 456563888 645522495
6193263 151966352 304112511
577372873 684698126 24682749
933009330 242767246 361539510
834868645 327536021 189878056
805300038 769309915 324394865
642390242 229421553 345266131
428778647 842566451 868454787
129530699 285197568 554827686
930058359 537143785 354739595
175943996 436468782 931866196
751429525 168378339 929787642
947481037 764917042 345310669
44876994 677403353 227741269
91382548 863304309 710798581
231027369 846353422 285317971
866027917 253864181 187829486
310435590 119828189 620512722
795534442 525351511 221717438
353060434 781582877 294295781
347159278 501957925 636253646
886261127 569232628 218523291
138148329 472293883 618688992
783937797 710619235 921873082
523588427 41342802 290724108
552174781 155281135 43865664
100110452 985870583 697853085
254043328 892967114 811508389
386730848 685645951 400284453
528009736 798783703 58790055
861159731 854148215 72002217
291965205 156963306 67385900
886607312 897912892 126177279
706319820 710943878 509111577
346599355 774502777 761274972
874756589 692409165 402738628
428771302 73456840 704212928
923901034 81770361 935765162
618914881 727806541 727837720
351741375 946854493 951983840
705655081 285509008 974197317
319248259 774359413 373817360
388268955 220178237 434264484
689505639 86412446 697939249
810440485 60094521 362973065
768253278 819831604 596559125
957162277 498903866 95270439
262796615 505316668 246655108
307220327 263269313 620699596
963461771 851390655 304824836
892860280 810966854 346673168
107294562 459447253 226912375
813830849 594341829 151830203
254644136 664231368 915801584
61315683 813723757 492517460
845869583 189149245 755446427
558766670 658435300 971488865
195630663 82524015 888536790
677512776 802846224 557223352
117718560 561769812 868407353
68111184 429827470 560880996
219848255 243482410 477047234
793344397 941619261 288370331
539726315 232111879 402937376
140543462 870405769 590976514
223629381 997875654 531911420
726382253 163541094 859268342
254887955 669450857 371905395
770062670 348099103 409134838
598104122 499163329 740487705
221791859 822208934 409039044
814767637 481352526 604422024
388622580 694370182 697482766
86033646 763416804 185437959
100341431 372868654 858462751
118627435 209152598 767978592
413796951 102159798 675625392
899401520 228375697 913965629
429659551 24787533 493594205
535314326 665373706 241630068
722551749 796168406 712238267
125850164 396215014 294516666
642178512 284103053 382826902
817800914 549174726 330818343
698771861 469484383 422166347
598103890 761539402 297308892
340214302 308596028 292659914
293348914 707813922 780901571
775503800 974819183 584596520
46948965 223328530 635527536
572394007 487743867 952104062
554802050 230637385 574620463
765992742 176153306 974362992
853757365 384347196 939474514
689158996 352373781 525015452
838819705 234658252 418321053
424714465 656841617 44515968
748848868 890067454 207334928
335341239 928921235 166759846
964022906 11082274 118087548
585881036 544443119 232107093
327861275 369113546 871465722
563764519 354469967 740149545
449545222 788600831 260318555
340462221 119319309 703902543
65202133 519904207 49347872
5447723 473827769 852214387
591291184 886955691 947211346
164465899 983338625 187315395
213636368 791932598 462980871
862158603 491544843 987370748
57424632 151634352 35940349
877833927 664826071 598325764
181076690 881021664 268331086
685217894 805612962 684666557
134033191 661565338 403132839
490741268 617076537 738237452
9753168 116723061 607702256
475221005 640874638 916087859
355028246 216159847 34540794
394160118 494669202 390251740
858659152 467908286 997456523
653995401 606413663 613244268
976889347 320550654 183296031
479218192 327086527 516532342
494871909 475843897 976548384
279110530 79116028 275085880
559741404 111537583 312739433
45449126 318926960 75365299
552241661 457154040 806874221
387214483 443944988 884439806
663913744 362876903 73182059
654844228 247469562 238940176
646304447 827181053 829012871
852567399 600272166 235137627
388769356 852169317 37651839
449151795 42102597 432514902
93992716 811729287 846807666
641425895 174922706 518685422
34406598 687330827 9621220
45730281 578265549 65845397
377032812 46108710 460220547
876597143 795296016 91789257
459137351 114672461 911980317
472513859 617354804 991085891
560182698 114866635 282296808
515340101 314529843 27620188
167014670 46380305 837710264
126226793 447010615 49673391
918615416 681737013 354405316
619257208 568227423 361671148
803591525 376399851 442428901
289785626 12058936 833543544
909387136 479421454 200056603
637243664 950661017 964240000
762885618 388351624 476205937
61426003 869875852 35229161
786963509 871737151 168814851
131038477 585707651 700571069
52372638 240871384 49955168
179957527 56439940 823147175
962229927 539304916 64315955
761281728 725800847 586389375
58980942 183598519 174983539
27501149 411514468 128154074
292747209 596113814 380358317
713593184 811544755 748729441
928558968 351073539 720306697
327511409 299803024 864350995
102794341 574283854 475602506
200025581 98280067 7996107
103976409 401973712 120025099
218298763 114791980 308139973
495719104 155149313 253299615
390296159 302598137 544741235
749442905 531736479 177771188
223720595 352190372 401909580
994893346 624430951 680602092
449233902 815703052 610395598
788013972 276578813 28164251
66402866 321506481 334275185
919179051 778510287 513327814
962431680 57072869 279708486
57868130 6305344 220758524
25859586 778526337 361435425
11288187 551028020 231933208
862603222 705893803 410954053
35960120 270786149 881431841
636433412 331741567 674084023
791849390 440997110 157291491
895070846 480703288 4985839
395113306 851560340 860968615
876294739 794343162 92912826
133196803 122618675 477270037
656854534 674932813 35076512
461189331 669476683 801752583
316603675 496616812 85059411
161226881 271737534 532116597
406896087 493638688 380299741
995282451 262430882 848837166
275586441 502117313 641712715
440086 78036366 164878088
368507025 87939281 946429803
107028268 600381802 318127623
720706352 625010205 261158172
451976249 772224567 989873598
214899659 518007750 911558951
388852025 939538877 450227345
322123125 429975001 659272147
832485305 93703044 232735209
939120109 107415015 731059308
483192864 153003377 932160343
702504806 951697770 75686832
367817642 370575034 856579996
644627497 725573863 450206643
859492131 133212146 429882227
33201025 740765751 354264634
562658934 771067361 82529693
857961421 961182163 219318117
237636171 432116759 770158767
196456144 739488217 77077701
964383340 390339909 771433188
208495051 957828193 597291209
425528124 386988209 842466705
626983360 203233554 514313179
702157637 159442847 257734842
296617322 615636831 935045005
111917465 180998171 696492921
380556533 52681544 746302068
611819662 548530478 256212527
57650273 108609392 333462395
707912349 322084271 748175401
135336310 439337529 657287908
628364365 121996870 817913754
589356658 296898203 921691031
617031226 791143646 853928530
549035852 507344399 617573458
687754368 187955148 82974972
328964627 925820128 227230583
672563379 834210684 271133784
934162333 410900148 6147
781101766 179037779 220125511
941725173 53932924 870329251
654191619 725673944 344263037
60901678 894603157 366308972
957894266 943972158 654800581
379674510 334775437 24635737
395374657 501424113 121508652
17062132 920603712 899860043
750813231 322026104 622160961
57568296 373007037 938435615
769993998 320421769 387157446
198164437 818788046 932909599
888097744 541711140 619090657
481647033 108240515 136940655
550755418 971589393 636884623
444631549 958782024 162911709
625662471 443978074 226640340
582469441 232509462 856362072
934977954 633058240 759659106
206039273 229224951 596399833
804883844 862035400 987590410
886673692 205534725 945340948
355699583 677450184 671157939
703638912 787343103 880379574
828027900 369642190 752484693
632034292 906479268 272391802
223279135 943925436 796388459
530199388 173251761 706065438
222546047 397234786 402574786
818673308 537789124 196064162
577621669 594401292 101770913
79034719 445155464 613724692
641226996 553701970 16172069
645775872 677213958 368407356
1293011 687477507 567132578
101653427 975442620 78592146
935984022 482360576 235546792
483768135 941201511 818679645
52511289 864339912 292343798
291972614 884288676 851652939
794120628 381398788 198166561
642668810 609813884 680346877
589738433 793083078 385422971
857849619 608158591 934229947
552786000 712095687 291237581
379085392 944780663 161890468
3006105 624288421 146050420
588196124 599604811 488242586
230871226 261179881 436291426
744532762 64724555 869638889
535123434 739112717 256383700
642354317 601754309 396808607
895726954 917276745 2291771
69320333 490709545 770383021
191594698 947804576 380677789
533672097 245814602 291735046
664432014 985006997 599545747
432966767 309872914 134173779
940160996 589832484 294981011
987994437 936065886 523707624
581302117 674366296 238031860
63507831 559027227 952573406
2703992 425624595 384636715
173198657 9717189 809283171
70828028 379064673 835013887
37424067 508875567 999345943
336057023 543348064 148739655
124835451 468987907 587051284
440222305 806895473 592589032
741128144 57477113 727538607
217374779 469862193 538695247
411435727 194030025 583483328
785654467 667776218 831213145
34397954 261333986 952594158
640105879 508637571 932419044
150485571 109638891 29666355
487779735 227129830 420237816
313631997 881555265 207991105
408787577 600716870 287374640
824571429 321950273 909944871
958343138 378985220 38797971
248938645 165407084 186848011
923580170 63982052 733827468
650990942 434556418 292307783
722391456 498532214 528853393
577370386 438190743 177145039
650333829 944932832 328408063
208680612 902437205 556355938
238423391 331432444 623602261
756456761 378241553 775361528
204812774 528156023 432284847
551376146 618734674 127511611
783552427 369844019 52979032
541815197 607084829 953450094
180437241 507828158 822504271
69719547 788882119 517340060
695013193 55665136 54942889
885853800 911192967 716122836
743975736 570154023 531739001
718080599 997677533 1691687
45466793 853084827 133895437
279929475 205403211 393855492
665248143 993356990 538158142
917484215 753929330 199644891
133757467 496812704 795991717
324260533 671260059 287583834
672694352 4253900 734522684
651322325 545567804 639035335
147525774 395024287 997052420
778384605 605341571 935853008
193448339 336051844 177229705
810867279 325695846 591182509
325496000 542040475 160025929
14395961 295906004 714998342
796477441 201166158 402885997
87788742 210377399 552856495
240232517 909254158 695818879
970707813 421125450 176712109
33374505 314439641 649823799
283104503 376929048 305961414
82874955 10412743 512095753
866558241 772326353 264611923
999567216 363648083 665922168
665947101 631087873 275258525
71365044 996524038 438725825
692077037 923491031 82595304
781826317 21126055 983498743
672442228 691500698 823155892
382646002 946429342 432856016
580394578 465456135 640051237
994474481 226076754 734676198
112219007 521378906 114731993
20319067 203059784 492968583
579362404 139724969 658082219
575194113 518558490 133206568
731408116 178458890 367878141
429738098 664505402 503363430
628658318 124318814 725025266
977265732 361440642 208468260
857394350 821546686 304623066
258379695 658478264 946116849
56507713 883737470 693924507
841886450 307831993 881363269
121730748 10580976 475093196
455255142 99514337 261122824
378069295 604437341 76648878
968172487 935431512 878343657
495471075 324433879 94739803
725294932 535236741 828053059
138530637 542980997 627649588
919858484 96639385 39116316
910571185 761607203 587445303
650188025 957717548 808907726
326356028 724334761 48656422
926617187 52919881 94790627
598068138 476340430 421207037
695309386 315454286 943795731
235420942 807364987 341789537
503264689 569813897 287297721
574519531 168982257 676862299
776985290 602844368 174981290
322832243 816831363 40084689
939800753 897247585 976322900
77867188 265063148 749865107
397701040 489481115 583537440
48946595 250252627 937927281
111261529 389980952 886971241
470801578 168431187 667029855
589252028 828044726 490903146
71036387 958747985 207568511
697718377 373480115 675471210
403054484 818840031 629147782
294636355 339236079 566454621
324422135 393234223 730234931
702527642 269346600 323730579
292704061 661087626 114941074
550036144 115968732 414898041
294653235 929020391 734833564
642770680 302583380 491252333
433308915 101928265 408635468
157683972 299490433 792433775
441782852 195585185 860211207
704808797 731527490 227302501
778300095 519861526 510012505
277158939 16503397 306063851
211306588 488460330 155910773
594498953 444157282 145351266
77193283 910636649 588768276
973790180 249358851 703427956
555321189 924590975 352239029
998929316 388107532 77313054
515446662 466215959 716723785
754661714 507958634 705470357
62364628 507903445 88296201
66981016 681265480 979122497
539527480 614109053 804237990
645109525 559062096 981790818
391274308 756863204 569250046
602154103 246018137 110240210
561601447 742950280 848814447
408531601 449586693 806636220
602155925 240543387 66945616
842259352 717672764 124191944
618441871 354876466 709232262
98179762 234778865 414944066
212554698 656915815 364021106
605144268 181470222 213047522
211943418 638985940 121557668
243453955 319293194 693041243
594752913 922865785 860299652
87427594 647685239 437367452
741107271 222845479 127846459
38360004 492866079 59228595
164598364 700773110 516606891
836163325 975025025 267737621
896738967 251245966 422547230
79757945 631931684 235373700
194045597 470398326 55139866
789393793 681693652 579625761
467637037 303402563 862029006
934438348 210534240 60413643
851393596 509831799 326133394
23784966 585176631 940693998
209987966 868484048 983174341
771183938 796123117 218271391
634040185 413209470 623534583
429179082 291883262 798004388
892800327 828920232 798400239
718470087 838429374 305678163
829469914 2308303 218548028
847968783 828100229 214782695
99159062 642497693 899152811
314663071 195039500 570693802
847500568 596101661 105923243
47159659 370468933 890001237
455546005 981726358 57880012
799028081 909195740 66151264
32307156 683514031 393031292
818586838 111481248 352227345
517534112 363525513 919678610
453687863 947070857 696089025
543058491 153617965 689582016
14769596 667194493 541082044
326969043 309038369 813355094
759560145 693530731 954286499
928021812 887720757 726949239
563428141 74085501 48401230
960729693 812543204 810167648
493314785 617616072 131588260
18683113 687829526 605324160
78727277 451559388 110067535
416203282 155783539 720414125
988787019 715941857 521611117
987812825 506584671 364970155
947995932 870843633 361511830
956645605 20398710 257452940
977300661 208852533 389058497
274876985 327855163 143919499
578302118 283198265 635190397
98495478 878342876 282815680
894594502 327612423 922406671
500616728 249638561 706584348
303104960 899655360 639716850
801250504 915261713 210067771
672984094 241019094 491480783
383129931 103025460 8208322
835334603 167881704 962154746
348455628 692700230 513418282
613724412 726116677 657518391
859813255 632552672 452999871
289817499 60106891 184606322
108883307 770036177 596761390
758204185 740377573 21931158
399335753 666385156 606084888
828713412 75955367 839626914
229814538 615301386 319518489
254547824 99166254 294665824
199924019 600537966 315898464
666084989 400827622 575308840
171637728 677015742 866861641
96373034 365295157 326549838
912416752 707252436 73620878
42683930 191061990 173350919
494309543 989148292 778162774
908136081 138538303 241795382
629224968 525215172 151257317
682570479 121629087 71985180
287218907 268457286 513726954
733077319 811962724 449608004
451327240 171927864 614534457
768162951 180818962 626537292
886368789 280345004 834538149
289097171 129036003 166991104
867344873 546230328 639635586
503403104 232881465 407669531
995522232 573382338 348824568
949815622 423553671 92807268
643065859 569671534 502880547
200726554 71160749 166271122
555329002 612411375 628462467
301789932 908586682 353600216
199761927 808993933 339057753
353179728 31287866 774150212
11573279 621645986 112021385
110745630 915957605 994347172
77041934 331449921 956419880
213635655 997361321 99689743
490817506 398366987 945393111
245936801 313332557 610265266
364826211 27944194 965722563
118919042 408204722 909403399
135553732 901301335 572940524
734169598 863814276 229779170
746617547 968911359 821516627
32934631 35804457 551941462
869383767 92942637 343701484
648190152 479830718 738111119
463883052 321468144 433339165
42020315 739555758 4573409
553184091 38038794 691439094
466475845 3951733 780589361
857195367 688202045 620739200
640885604 889462397 54549747
890586469 85051487 364338818
823251919 320833560 644202077
505653155 161542961 598945636
547759169 313613112 13145137
218676546 606736315 106474989
65025300 369171089 702387871
808288610 877644376 872675010
358392226 461574020 112470029
483090867 334641587 402076168
147782594 188480465 703209046
929825687 766768267 366797877
509163169 198766168 827225818
782937970 607038019 586328310
860692570 809486487 790168676
175398362 734438747 679220672
167584735 660459227 869779966
485371030 654482159 919752413
848162991 947804392 27502852
404588625 724291882 239158025
15788092 262694889 103424353
796223317 410014049 325204566
101477775 575623123 33671983
511639869 335340252 544647419
161057334 130578908 562283582
148896289 256731072 720499570
285983166 239457714 205156779
459082400 532149463 631715193
823944763 657845449 536087415
943517143 568903588 347764980
266593995 816665340 46655772
494009466 16480794 909030815
985963142 50368695 665107552
786180412 832185197 564747742
854242209 876601382 535395764
49245734 814268459 338869146
228485591 726645778 210499263
673745605 36583460 172471655
377330489 819865996 218967787
480531830 733307357 43762487
60509935 971974558 383931409
822181329 783951003 364339808
917036861 596534378 670704706
248377951 536477410 51925367
282407572 701002474 718005373
82485058 271884964 647671128
18853361 328713846 118685073
262373120 892757489 95487608
965094200 546291543 387707908
951630367 811914394 388349890
291688296 326125124 744947406
604626970 287273909 992569502
780523404 378079948 102017223
406705573 828358608 148138488
587375915 972848941 676625893
973098754 293231079 279409857
243201496 939744520 390807319
737467490 157984033 637513022
687147263 35343206 113927387
654358338 60499474 991614847
227429030 826178356 60460475
626009695 291244101 818276712
973414804 46634378 27631862
38964315 383524323 230120437
253084571 640412464 973994450
296794374 833517195 727097618
939177074 949626614 842429063
178768417 86763823 701230216
573049381 217184875 105609540
962030896 64892226 749137688
755056971 709593196 949413879
598618514 550932080 24477161
410351893 4615080 148033153
694582090 920702054 284921726
38942924 470610719 926918327
479514020 202436983 905579281
114743132 711079351 521366504
555602434 922220818 989142897
707888906 621565336 752009368
554629825 993997614 189708517
964984176 233456128 76439354
934125282 975937450 181702207
669303645 868993163 455028603
7292150 503954561 724550825
976445556 929158100 741722953
645101425 503862505 966396438
781538085 442414710 303644308
518938563 614500242 748794361
475426083 931514079 458342281
459775711 474525355 568586225
309409343 698431193 409768784
543769911 56182811 74709232
384895558 932434192 244631512
99500622 478414954 543196326
528574844 41443970 318759056
584601458 414868830 513254114
353972514 772588355 387700829
588124919 155445023 17404545
881255980 323643691 456847499
557128639 824109464 182360008
756714399 957778481 538615212
776773281 662036035 626191819
707691752 388421515 304436748
825519616 650332386 289593444
799241168 428426387 666010348
536090314 756422434 866428123
25936857 552505898 437189625
43686609 133395058 924402127
152153803 305908524 640746882
202979129 626691047 407261525
829003775 239800 50932893
135205978 120061916 113471361
135985703 791299733 8096275
758140776 693722062 894146567
304404990 876284936 664955665
843543462 320472630 680971423
469176925 433893842 435043461
2704925 734233509 37956134
44950823 541282506 110729845
45162193 241698516 382625803
212874808 479297882 589133294
701668295 830096699 760828912
938009438 210238006 438950705
414853006 753949862 160450633
243427853 176923348 380575096
795470485 19154926 218898915
77193920 486150933 998275788
39431247 401133855 645844330
733950793 224847787 103097998
609780887 903675251 431918851
147439286 519004420 229339139
409425196 214687073 94916617
578994907 651354142 396310008
346901532 210525852 978458082
592264417 245070006 197477982
19952930 918305209 211882032
23797192 566943971 297228930
896829148 330993213 907285239
382591813 925312569 331989663
248085619 365244649 256991519
704181998 12547740 698423855
678558770 458971079 974952489
757945175 408450979 193712719
792366463 288896542 991181622
526403262 611114972 104647824
574016092 535116900 413977595
123659644 860272925 779960722
898430980 963841702 266273148
25743429 644702068 529239267
183418792 376470107 578788312
437455643 298874942 424174080
511661230 699312983 290593763
718585826 257248592 881251593
383531882 890849090 355786796
444781760 274783960 920701741
125059708 67689289 563426382
112651596 18746249 760360771
916736543 341544399 510697618
269641998 269204220 599792249
493427594 286798086 560412038
817796462 749224552 509396465
398824588 684858650 537770840
696257719 864682092 358745054
19687885 415881344 238690542
339960431 431428178 716574751
159422069 142459805 877935642
10320549 3852291 29493145
218635700 898314592 492799137
951947894 695175489 648556185
190343136 149432515 886196385
488866334 912830775 533805233
720223698 302960905 836999196
588700047 526420596 438976595
356559488 820729965 366160701
182649882 542195464 188359172
958681653 18398591 931196922
974327296 808936294 734908283
202778796 67605009 845720296
84413652 972902187 311655484
511670204 56882118 917824883
703153862 661598872 648065873
614313393 159368095 615773598
570876730 332206937 919299626
730886176 763643640 246519695
289495636 661135062 838507146
381730316 985237423 968588343
818829143 906027519 674847547
749620603 60179542 201770248
69031926 436087561 317380715
687193753 89046800 452246392
944806815 355479026 645880965
462803659 30187561 794150616
4225433 126445014 93370667
616925305 355041451 216725627
879169631 574688029 167366840
891693883 479384806 526703068
61223653 122902339 186698485
234994330 656268906 544084470
402755011 971102223 84881741
867261397 238906000 739530449
8958922 712164858 610669545
237273495 205864740 517869272
544173372 657321624 838366892
508142451 806451447 307855800
362362927 408983515 735475894
507404161 281997290 534534926
447581736 819920031 249583586
540127131 715739382 604934048
640756258 282371731 520947634
2107228 875885808 601936757
596857110 951211642 879803225
512275309 980658637 869931402
502100040 537422407 42448035
981642563 130697914 924392665
172945308 760234243 639978893
819627957 923683683 411564850
450940016 110848969 701764420
61454171 114704896 812667513
943303044 986270046 908283574
208956965 331679550 554600938
378116521 305783582 100412282
727510336 568115743 726009836
652755237 304800984 301423646
166759207 651212678 134634280
484115222 748937759 162299109
146552603 299728169 605667351
758895307 995203408 373990207
701027725 406522531 12876307
82512457 638827146 211314670
840285463 359640392 104310187
962200103 431724499 275111349
65546766 700354523 877616921
661308687 140761100 590561582
479750981 96767600 855099836
61055212 856372392 712352824
115814058 59488886 817527652
474146825 415414258 170744070
982504726 831027095 496817984
91713811 997391131 944610243
530372291 267352105 167238704
295759736 923260670 851839018
151392015 755098693 565183068
731006960 712176655 941800699
558093213 298616720 851785314
83527382 150524272 319107345
374046596 533142393 908517807
736707579 694628806 147743701
490368615 942254625 257347358
852488313 834877583 831541460
350499539 169836170 336836402
542804430 110940585 955950448
372184413 678297655 504954486
872058365 386861533 3741334
32058415 958992974 510169434
257668690 164844501 779879161
145076308 636425506 592037231
636601051 185622451 974040738
915780972 974171059 529662423
619689024 604106799 881034613
630524468 133378232 252062275
16726496 478448133 45399993
49457858 684971912 22868841
416467548 984782113 979687928
672285906 4025831 285763745
247577961 705385590 888535420
785144837 943724335 886192363
985663410 371327565 259795829
45395593 350251474 915441491
43466090 941488820 256019784
545311344 640659033 889005544
844572092 623791673 768209494
233003945 649735891 402470092
520970514 3044195 964485596
34634517 6136640 492681449
617988850 326622095 468246740
