2251 657 91
650460292 945322386 832227929
937571756 50426739 321332473
630772604 422500295 447544804
367590162 506418407 108517143
392201968 504586737 770067227
87453494 639831470 475749301
685094654 325992090 144517115
398438470 801979855 284655668
65521568 881058437 237304135
831788044 603980900 84321482
367098641 786602361 17816353
2555241 274710821 542461934
923968215 405472968 645782033
760180441 634901392 186260889
609500773 693230148 433596069
359717939 872282053 171632386
170590667 831647213 105129511
430608891 23660024 844798513
601711314 35253903 863792694
422476019 469797041 567989970
478835857 974353225 769408266
109458104 546364302 532770580
257412850 203606727 494501992
383820621 925683 275681723
497948630 698026054 338800069
535826064 676055412 564526990
938710597 347480756 436274809
407917485 519555165 535531202
259685293 880119872 63449811
751374380 643328855 171224390
705209555 891238638 98831783
290114928 47622740 100426332
147560727 337631054 841582880
561025879 71710924 844588328
113127176 456735147 706902517
798234201 731784371 610135260
910619616 177722105 100924661
107668865 159273116 540439828
462941465 192309586 942691935
488782695 101244537 891385043
843129290 491988752 883395890
13737291 640923569 600821295
559309612 111015440 469639616
818712881 315888830 820132425
506905182 500176183 815201278
861718552 57630498 872322772
645001686 95592671 281349705
883871894 97013243 101542193
702450957 891631264 777095611
996517591 682578060 706943726
561481255 264760491 983323798
572161171 672738741 696938890
450373621 299034759 505503463
114054300 726193629 169209971
25902901 821220856 713610278
158414036 240064188 519813087
323760897 506242584 201332867
590914700 267510618 161964868
220398608 732772311 456150576
380766106 469366518 525854530
57243594 294115869 125128103
884392123 32518565 117688441
195654636 358651117 512439101
944129254 779983844 667632685
377947881 318555244 11184000
368475188 978961365 674448012
386568517 124989842 834787987
247276732 979409921 399227543
587226887 291981576 339686766
568226853 951033543 335382303
285904502 780600018 765073297
850053202 847717427 922183575
628130466 569410273 456330628
616276467 746929942 271530199
274825737 466610028 705956549
188257856 742897510 691570836
108392485 35311395 968342712
852310314 506375835 597204598
806154540 625684654 203899305
666713666 10125536 487536225
232116038 841249498 763912418
978107948 84118032 891959028
771938264 578768506 312907174
557888027 931011265 222595810
729035114 103967953 138522300
396452211 451639202 782926739
750592777 434220362 808461639
962598591 580139693 690448215
377375362 652587576 121842617
276704914 387377683 533529401
309440614 14032220 891876938
682556153 283345835 75656879
398438435 818288313 543662923
658955037 310479692 800103521
153726146 445547994 207440366
210733200 808976883 9654688
311532648 975937142 476222292
862052990 91061543 855243291
562523359 19962638 550555801
246337922 464889380 369247996
146072266 365213771 772682215
124101636 292570785 674083207
49062341 247002695 360039895
155471690 77361488 956817888
702665436 187211158 478524775
697000412 391907 382717863
785158177 877508080 257197951
218669040 669153977 10486338
31776872 561154563 86684244
601751170 842935099 757382615
833069714 793121163 192294109
217129924 806653348 278413789
332472934 448557936 652366875
82408809 927676859 101734771
847440391 863186292 62253633
777007841 225238540 908262392
659545430 454567819 808932980
424257333 73787668 759069444
109925214 950294715 277394990
214121624 232030665 795092964
312600939 433481359 435028158
807724942 538424973 372042334
45759779 180847240 981993547
364347011 62534502 239209006
784231944 329783112 520451836
954646695 702673779 58531242
846738293 356181367 20928413
176664837 142606876 62255853
11286326 147580431 362706196
647214328 87795227 310748735
744270582 597604407 184817236
804783221 392604422 650160669
413890472 548021100 311734808
448715611 125660461 894053574
549855904 431616725 663278184
426444361 977651212 908715142
201283469 135335218 948218297
859491413 217718950 723646816
34003947 184827192 382522576
434699746 775254287 694541533
632176245 695391131 138959016
63810566 93365346 88814561
402635576 336407081 26263706
525397340 262744172 675145948
773754094 288501656 193222695
281067409 565789299 419017380
827840290 305066759 680651612
372077814 533995621 448102137
259964275 136714812 469270260
272093368 843199900 163227254
86022085 505559324 118990628
25187035 915140361 155085630
115552588 398666185 259079980
999781833 451445030 559008241
144467481 264790573 499117876
843519633 286858804 74694064
331062406 876373785 783273928
411354337 590859107 483910805
93987832 95001238 406606786
36333331 247001837 686284795
745035991 464819579 852478453
303280078 262558950 531283783
560878444 239232052 311341103
943625750 199316963 191737703
742172266 105325732 776993245
380523540 614969938 273955025
393444135 332089203 56157655
332205263 110915806 861522857
811116297 637018083 827484708
857372128 884382671 33006602
106832061 355990187 7773663
831033017 70237089 85762565
235041412 375886429 554007900
326518087 303660276 375783197
42748274 85241132 454378448
570632892 759696165 603391277
978241682 131597299 358104440
200943452 280372091 887318653
350851668 235481566 270261334
464284434 588363827 917737553
872065290 330435517 357497320
695865200 682860750 755623985
404884192 582640389 842351392
438739830 220879935 395998939
471549889 290820192 808203877
715839666 960791213 239086144
751220730 798957896 930473158
894384463 711964770 715266193
546927217 457202893 166872448
428739933 733311582 998341268
521800057 453572034 973032827
143777933 262361781 56836453
70616398 277663786 187767892
666629542 568486651 724864078
320980463 822195620 640111382
904649012 406280819 710056055
760583364 819216999 82677075
504600574 273573888 624009311
555681360 45348298 598967620
351637471 676397496 806380754
528665987 424776055 141579972
240404253 369191291 259483235
606196996 290982436 649368334
567402609 760760678 282949803
242751430 796259035 63756846
365163603 817709721 746074914
101543588 912769126 978072365
19726284 8965346 664445097
412627775 482678960 646262728
737681783 578605310 706955922
755637346 646777278 845715361
637995550 962360533 197022725
404840743 207877501 428769545
845121131 972636845 130351290
199640019 821575421 410681575
482368269 161587202 96826508
955684762 257114284 492819277
949503369 224865363 237688688
643766263 217441529 564788492
74878433 914431652 990379656
517868050 216764546 535761819
931763191 738266721 816134144
231206742 122470236 722071818
953987835 88239241 674934704
789820763 923211644 709815497
860102896 20734284 97345999
970883108 402256434 15080895
842015489 814850127 363607147
575049923 3497841 641395353
619331392 521307503 664070998
652954490 358490048 647583019
522391813 95439868 311291996
108759162 626228356 749227326
848041467 414204797 46928395
458102375 453471121 825026016
448696488 337972423 140617850
780466359 47038992 31702814
150041096 975392541 265985197
65041950 812704840 301739758
72405115 227877925 284381488
92916569 773823888 813872520
379352917 444213753 591768426
384879579 911077492 694921075
791188276 458780655 141087075
690056287 500482780 315355448
578449207 821201116 78654381
955133936 268766640 588894313
670587408 912465166 490979024
996965540 424782786 915561773
445418639 730775762 318383257
202441479 843270423 386420533
156634918 403324063 289901014
68899717 526645792 602951803
619044087 913460959 152979359
535410796 660239293 409215993
170928216 268058508 907589959
765988825 113966125 699111618
999116464 527877792 998390608
855869448 384782295 646055361
872334519 84867041 735340557
903529653 979286791 92074154
674453804 730846318 979186265
479256862 463078212 291160573
127637283 757098380 625444331
479966636 895082780 913651323
611442452 453772076 517205234
618593998 904942785 424806089
76449375 779733232 546074295
961557993 877262050 10356853
349683074 759563894 877974043
909875937 246381495 55294204
56879967 306224065 40423490
448102509 92535017 978973731
236162687 622543451 640895853
32432073 415232450 632300504
154723292 865350375 585691338
326302679 555112169 620725292
187803578 791338453 758755051
552855646 602129198 263741053
502071597 496879702 363516862
66953416 30873214 139564452
154771806 586471820 967486168
958792259 81963190 566993535
726348449 341179447 63820017
37479721 468679649 611316504
561816528 607531940 524803714
142564566 349430924 794975588
12389884 30337020 688170901
761722211 401217031 923538736
949845532 39820589 409375889
237799542 293219886 234517509
558397265 163852779 657029167
783036216 998423554 738081348
325106315 656338992 203375402
324369978 371108081 23804627
888448573 726665989 895629971
493660580 690347923 276672015
106889693 37379123 16619584
838215837 65747904 531241398
490996803 711384614 539837150
291967896 698414933 103496723
305453849 220586033 592414483
271473173 921394624 498101252
808438227 389143111 66069599
102677013 655187541 635874045
212175769 721030636 768453424
563182361 353734446 230581295
27090878 532331088 610934170
184439462 90338378 69480554
559961822 772599522 93063931
838109710 840411271 698439550
709907499 72359155 399777892
336649040 78977581 802605249
189399161 28677544 198036624
703004794 996638010 271609479
41787656 426008602 330938596
861588416 313544430 820937161
347515002 450135452 437048648
474282157 206614548 814407669
22410706 771174944 614389823
85900960 764945197 57260224
852638425 2864445 144137884
419438725 423443883 687763289
570451863 240984243 834268006
669814402 691083654 744815608
197980910 820837766 264260228
636522991 436619846 528703851
600182539 670925693 612605790
713882438 363666213 646346218
284475261 705898011 880103776
211972409 953586990 884529148
187035391 326397269 172080575
339476742 114798177 103797712
563226706 605342292 442453532
58963537 238668619 878236113
266806391 350134797 774618299
296482025 87892367 614656377
82039249 108235121 42622674
344492209 234001440 253313825
898460007 940511471 230026092
769343473 526855426 679907518
585249095 323248676 621303714
835778634 360440036 545149340
635754031 66329358 923499644
932056474 924153363 856719924
267405762 499583577 379488062
756561511 726749086 888820979
693092789 452137343 856175548
540398271 426304049 845094710
252453996 597656511 675924380
584474814 878592387 965484271
798981154 838868802 361975717
888986361 772453361 959369589
223875968 643303468 271219559
487845610 154656797 10728853
719783477 907632361 887238729
903012246 11110903 251559397
101170215 191408983 247648084
239970078 123725565 979935776
330344848 765241594 33531275
802162171 720297804 17694266
645417826 237863731 372544167
414018489 853941923 242064617
19619805 979510861 653861253
57284471 168726669 33004184
557051231 380361935 122879507
247046651 905361833 760236493
217435342 443891897 497528869
959338219 480515423 488903520
380841617 989651576 54884981
110398565 739445023 588132034
719104459 52842830 671632291
216737910 437461780 265732877
828523274 160532624 720567177
180713168 158800245 207144032
424886990 785846971 379023947
977815206 654460384 25579190
812129119 269663261 612858831
685565498 623816968 4956718
579306501 409315427 719588485
407550183 320377000 444159555
949918140 155363242 759787666
992788123 56540628 668810196
892541185 826769761 642060917
199154961 96205282 380119002
868316094 12639129 462828241
476485017 86141272 402600041
883183875 216048662 483499548
923663446 541994865 569986549
901075488 546966114 192947734
978579280 489696788 347858780
528576795 277688818 314714110
944113454 883740968 643388764
289696021 650397548 166520777
153054605 460032443 290337043
69349237 525893853 572785516
175177231 402743042 996063225
514287515 749787298 38783013
636696069 439291389 974052784
871198071 103722290 701653633
457555312 68560809 435302553
585371321 808750140 479650660
365007627 200976587 339673415
825599968 803922186 817083210
880629693 6123759 34972732
283151304 13218611 544791649
628242917 928879306 764356415
953152998 578320881 542200021
640701162 174992907 484442020
15192159 306882772 478930375
178359400 856361778 582328699
584460371 64300511 304768234
452466787 480453569 247648244
608959957 73995142 721648499
460691747 120176878 588567858
350540706 339430511 39756004
878470081 793770885 153757295
803518879 905217692 726591924
743920501 863525412 486206715
916500771 289010376 758688075
399088643 891507780 676067229
214786834 788348476 792026518
135378944 44997210 877395705
397517633 216811856 590292751
824063204 151649329 742108446
66339114 264056159 153899123
73946703 225149824 68249101
458232130 23536267 495196008
834026416 274520015 3714929
221919729 554502440 129483306
477672684 953513034 275396302
532468142 361908363 9909005
951562708 542122487 98632203
2843802 280354265 952107433
629442170 898557466 373229030
706991200 657051441 797717930
713523169 53875076 546871315
965359664 794654819 548193161
383645603 213905492 761520028
299248243 880296700 103276272
78645615 563536348 718662820
777224594 338811030 14740226
390604221 406171258 85374564
974014005 991348565 895190523
849964069 499130452 386737551
745585528 691655228 987354476
726545578 742295684 804847335
635202757 215705442 406854721
934282068 971698218 182980405
316559780 840609643 639158354
911511138 851451626 296292097
303488524 504615559 938921416
12551463 621912497 175134188
644683573 665221498 318251221
538187326 365633667 16308590
151626595 849622857 105931353
280209011 865113294 976389425
819497411 247052649 168658747
673113649 937181524 676094209
93753712 475534750 585151241
491307727 60467721 968527745
441748115 304807088 630320276
356067541 672305970 484007504
791960151 428203074 438909282
741992411 481781550 372170294
388673134 955609847 24480924
952451899 606470859 401038624
951530672 180182405 960184233
672423944 512064598 368294447
346095309 938067371 994094949
398531014 783486823 554063888
206281302 668359833 690046737
842945158 741005328 901550642
951954065 646992096 470653844
628116131 11251389 829007034
908396829 600640834 106688702
39569115 178971818 818029470
401495001 412592694 47311261
620585 756621657 408228959
230121032 701066355 122151195
485379207 843274502 808643939
701365642 463412951 864162934
431626408 106144239 891770421
403946649 91628427 97159192
105875204 680580126 278479386
560959942 608558921 885439144
723467766 770182855 848396208
564569031 871593312 592407909
472236696 417150374 965063098
594983816 476236748 488073172
747947231 769123170 942134060
921142510 905919753 73462039
640418933 610579189 768764570
327315431 191470129 414070367
581512468 676749826 571033556
161372215 49899458 30556041
200782523 801641055 12845443
662535099 217996455 429473225
741997539 827748552 314152055
892932745 564006669 345350241
263599025 643112288 169060911
287816774 147270217 859951536
770905153 961554253 488438182
261344442 964012459 911632413
953643400 177872152 975138070
683965546 705597444 77398610
719113005 108139733 250427591
893766623 258882154 661396613
330391018 422157603 597004449
432457397 782032100 683890039
673567739 17270741 72454482
163876042 262089233 928492338
421288962 592138146 862929404
461723124 970499893 902833219
871324855 654298289 330350008
113965223 884830057 373354765
55723021 802449862 561186777
384718899 263102709 610190978
703537147 296055171 280428808
156215524 887091661 645044553
94537642 908202635 166460214
101125440 635273597 787372494
520424721 884402493 693012237
796155644 481520023 81771961
289565491 508606718 872703918
799962435 261159126 542662464
984942658 840225836 319834794
988657141 813973686 502204826
716413444 858309720 976647306
157684500 650214517 267604340
108677217 406127693 870632251
493148571 45407058 682571250
512102956 983371435 171424368
576809162 251246130 133579307
645034968 5381893 849022263
700213240 785281518 372408856
652774056 883097283 972387944
813606241 693527673 910841834
723895996 93193579 144611773
485910910 743806204 911208846
820538275 153246463 93872722
413233116 743164032 778578973
954201600 548973262 728711277
949991684 302479692 773049897
596262606 327079661 320545886
414386243 417422009 522281037
710081641 67244583 49325579
233579142 57948127 273177207
172119676 982587782 357173902
460619943 275837310 410611272
850509370 445196311 792052804
448752211 76263488 898516045
438439923 560198630 428210613
694704074 130997140 670669582
285958596 460413249 151537534
567964684 728945526 775124304
114774086 631153571 479412430
994948249 922938718 105750728
415846951 724860791 316972632
325030179 750153140 67550786
465465872 877112357 5832609
287264871 791063529 267458052
527200878 780599435 452068712
939673050 680459067 424169127
554759329 35292493 10331175
633843252 227700563 26366363
618149048 135467324 492121510
164836688 649658174 639297822
560593390 126747722 640371194
255969638 618281259 836089826
8637086 45532567 442408075
898879077 458858217 111664271
263401841 995427315 317869178
557439642 134066820 255387026
527179991 539630564 968136838
378229095 839264379 78153045
210192343 56455049 356287103
119055247 676487947 31523493
799967513 886212323 35078481
577196497 701220643 510577147
670430430 141062069 995407615
191202300 518154168 357601138
389806326 23782344 423632542
637893100 273811552 193339656
685832356 974697556 438932153
602104556 351901281 395642115
903517958 857262473 490208227
524582854 648647734 612909071
681372 780737466 865040003
846475884 670865956 538819972
216488830 667677059 438709052
498158319 135988756 762952542
515496637 328890555 291518494
914841865 830400864 558203179
266413168 44689523 169748893
414449885 109154046 548455239
794122595 172566941 13753915
772392786 669225643 184167384
967004443 718737992 914522459
271488274 322919723 944749242
706175213 147283567 82902976
113874010 309472038 989490178
716321591 591890540 226148368
575607467 19338434 946212808
544960529 227728817 584161249
556516058 371622739 605734918
243713426 673082616 42816171
228975814 58468121 7659891
100352796 625313010 359450193
48394519 421296683 279558002
275887419 274951336 490964964
516318716 426501563 448408901
36731528 653831629 998589475
829669816 394768094 773193863
728710328 194052495 21775134
63463131 576252973 714792659
174922840 130387117 42146949
681193925 875224406 65287816
327605224 317955250 449651323
790972688 544311141 279411370
715251070 722368762 159626940
326785779 182772709 183616074
99705438 739165795 413858773
934425261 848623505 921870132
496474472 229079922 115168577
212596624 770637563 645260523
660693445 366399121 307259158
366778466 171791045 33925470
240540529 945853049 137105070
643030121 760009594 93608612
352584537 908316984 903321877
181108977 302432648 247823035
775729101 187321068 894123611
694157909 772784483 774675154
517380796 653379405 82103031
73040773 602541977 367384630
366571047 390874126 895361485
948129869 122336531 777523839
913865790 77319645 659664648
239057786 347072517 623180692
597521291 272767560 984998313
870806548 237842157 717458814
562120249 168343755 798569210
433565820 795304028 202469715
752317993 611095551 329443723
243623869 812544409 738042724
2522157 797563158 520984740
130743359 861687019 126997961
806747346 327159722 664791285
24001015 869074987 895541154
995983548 996498948 546289924
856271375 629545198 767808414
787010668 802201411 888664121
79818771 632628940 781874083
329335134 913095646 935982673
197779148 470538653 244802071
791563206 91550995 3966358
826033154 235246154 563070724
631576390 90954032 297555258
835869019 921014422 129112485
651588349 880035931 248268009
131161393 344054546 557801980
478625495 717847875 818758682
603306103 440683992 657751490
648055152 273609150 845962967
104064491 963068996 15477181
138782269 594219420 725758935
332305979 934984591 234903956
312203680 518731415 657787974
545836434 167481315 273714198
876927778 581690248 492657850
579742084 3714656 388942920
801782100 845219433 824609012
795422197 28211136 798585680
161730750 193335103 212056544
557617753 812465517 780827126
582874698 344343179 845154240
373370711 306851859 821060896
104620076 267521082 179349918
408920992 429490244 454079583
687024208 119100332 423417024
582902088 710509101 282752717
698302954 922421872 686193359
382989793 619536840 177405274
854706946 58287267 64501749
132232640 901003785 807998469
321215429 388472891 278220395
124637468 460859161 888422807
412921198 719887142 987272001
551423548 206487091 881758951
867257348 469945083 214321175
922801374 909398202 797386827
433907218 716649461 945739830
259233137 613510017 139871426
104973788 612632426 393440638
776886343 191168471 129740026
113982062 641290697 330842127
792621549 442282917 951463410
751489730 20106586 530349921
272385914 747218926 851163138
118359431 740809552 955609744
293692322 598433618 301194512
617083750 671823608 218467267
958866225 832184048 530104587
761520146 164067406 527932629
141099901 675612402 80076449
472967317 778753862 660645232
666659808 585107825 410130711
462101446 258914978 467336767
38832026 43917971 153895268
330153621 669062977 962851687
734653294 218249288 610419505
436926966 435238119 813056052
762644923 506878244 182823218
855012585 127088427 780338822
648552001 982547160 461070917
838915947 864462612 354631424
849315087 109924857 971029796
38142980 775748468 560805729
818227918 748450220 751172327
890978057 327175872 232303990
151135238 927493508 864961674
214665888 784101328 23322270
674246557 331941193 191114007
183048633 51190098 981618584
393763138 253286742 693475708
160618421 607926517 273355596
832946368 706165621 358735776
226872995 548924026 318646315
645290223 900849383 435510832
248474775 784520513 762996186
526093452 789785707 175947480
367329247 749634535 617358282
276794659 273893683 944054667
78962243 590004878 679471979
77274770 797760132 966520701
219774015 952435151 930540175
299634320 283527506 662586269
97321608 679507080 78657504
207327055 595068319 495847758
545005489 448472855 474253779
26031306 541052500 317740035
493336935 120702994 303843448
409549585 400051392 373663995
985715984 651926697 220782648
505426732 817645926 661802179
154382195 907418996 218345882
227781311 863248341 798961400
375443569 784446576 340154040
418375175 86803657 964881286
359818126 694800372 310209029
895024932 471454572 912996064
336137285 827181477 382574159
176466028 53025433 309882572
586216871 337745840 725817223
480033381 660720111 893970159
775677693 121413136 280169955
695038517 437081781 137771571
672685877 705301341 516034858
360321896 732163506 441115448
48459022 642004169 271367439
138379540 396175274 185450380
238995295 265904364 945241461
509674055 634977698 903363760
914341513 696664226 156740261
198062807 62104853 434376162
586709957 866755875 328669599
770879327 416445398 244640719
933203174 893055693 927911616
944771947 265103975 549433620
132626023 256591124 242976310
702498181 466628419 518336086
519484422 592455287 74616583
714016522 768740728 129081544
481761020 697431569 314572652
517297133 531998106 56722921
516207583 39047342 121191409
12421531 178239835 220979098
777498132 108655495 619426330
20683001 276987682 827430311
939136911 736262091 115083021
244702444 283113399 480208501
419335035 225274603 993561582
128438856 50289667 369219248
204561390 324425076 93979109
669046152 312206585 272860899
299267431 454052539 60530447
34032081 841915029 845369060
212268621 463963986 544593463
141523992 670709135 260812335
821478248 288335119 504657483
609098871 98524592 366576856
736446583 827947537 686366838
938669996 988463040 331140866
172426039 144313712 650959405
113775350 307107412 219500782
252643760 891220559 955958115
720580262 940432604 253892995
689194903 835119519 984654401
847969973 480912882 388647468
336800898 396880259 834174956
403427380 462794529 350073663
653320148 895167999 17097067
677630727 770247491 529966074
768438594 172926024 428678419
676613247 65624177 524572128
479947508 384679456 572739412
878904050 81201282 678410869
576250059 731234746 237598533
859268637 806508124 643165428
390432287 171824942 835365366
228038232 706066810 195099123
571907371 399181374 141523026
536645065 637859215 455739386
669899934 275868644 145685803
992861997 289811617 734918408
491576617 354068468 408029486
24528288 992156689 505336685
361794480 724209999 776012014
571211883 94310651 268451675
85726936 488350330 804800008
905002472 654703864 803788556
305222125 871711803 429461230
484652523 921160948 951320757
194644785 750777779 175380685
815864624 148689334 222958219
153169769 560804981 652192482
735496816 13443917 171180420
52035827 887342012 111646653
73799493 311309075 441898500
607761559 900289770 147813643
681223672 955384020 477027593
374194163 195164673 740171968
343920932 564814675 275260055
782830770 76160081 505444298
353613060 481031026 677341404
773968848 795746439 962946851
837927023 854964457 21068046
122387852 289334221 503377967
674609121 913454687 49851180
589396142 316400826 489869578
617502529 694759584 560156305
929380450 329559882 318735997
912546904 787397321 804278874
732201613 845043488 412794402
715475121 903034868 29848011
19863340 714373426 477884726
432367089 957976162 344844251
35589257 548545428 30202212
859818950 442522130 160802179
111538748 349779081 227441005
832336047 26748411 365361993
396737206 888647228 766091690
59084837 819998834 347792188
821988440 289269669 762176659
714034482 428784334 829866661
995452955 758346852 725787691
77442607 191670779 575839072
214971151 36819171 363901401
907362410 601778137 17414296
979733792 330309066 472059565
813044183 993904459 914619127
519648529 309349950 418883020
72467464 895256549 692218754
221657757 411410404 957401332
124986226 788594592 991813524
39293081 450370683 390825202
615008086 292349302 292471929
952591815 601946056 145429570
511305992 272121743 260804053
282738962 951203013 957421385
518721451 3334281 651572786
69887005 999377373 778422486
131319391 77291935 468248087
96589771 197015324 896866515
272268383 612004008 696756508
130498013 806988261 182917456
358965321 197603961 530009336
489887235 45537056 895739788
720412743 267445856 485591446
826598276 339795137 860224930
812523622 298331127 251072217
407298345 289253927 141569183
844456424 886393433 741826881
301094519 375711110 667834824
316670903 988781165 397454201
157349891 912425221 126957682
6666571 136192991 413699161
358433974 383662784 452905640
153949691 983249374 875365314
261119036 907560026 38571787
861823946 850380660 449800420
360885025 658275045 200135258
313631153 730311844 660717486
104804723 627376913 546690325
291698741 449148544 255745353
592603039 781403278 103188540
500253082 366594501 992640780
740263136 717382507 377796154
522920059 573594832 826208397
777282504 306366735 316929362
300402700 287635196 871345850
475989827 642593421 285666809
586720782 355854791 20800915
680842516 129548483 753883084
658310210 30843333 987317115
832854196 849654748 825393493
522060452 415491965 142953450
903328708 702004331 351244043
897153435 955417929 731376577
227862324 424006508 546646953
787312641 171376679 414022693
60774323 801323903 688965245
785572109 116712260 11531170
485051946 194792929 795237235
26339407 240858407 297343363
403133435 245708171 999553224
450409623 727757503 724982346
36324866 563182413 471417528
502626001 430879417 431508762
656143848 868383569 793339851
318429248 905825170 664163943
247251836 564067276 108050602
92388165 804375053 657137888
293196426 548327401 334925715
966073283 853131872 602010494
258271174 879601654 536063155
287545499 511600613 577115177
178893596 729851041 111992758
720426278 342937089 672485020
365878374 418658918 28076525
516320057 520097544 157147746
193294732 490082499 358203005
275149360 896215842 656520965
738562506 405721639 966905807
989390131 146458260 515670536
858552098 728486266 478413222
322982117 36546439 775259290
944050071 697255353 692195235
817948689 351301623 331853477
820021874 209715638 279498417
472204473 261225275 288801093
579293438 570481469 566429617
168774313 93774683 612003634
533257536 806957523 394774038
772835547 443137209 805475564
772411660 82933055 616025127
82526721 196905364 142326662
529482597 332385782 826552603
666092120 250180991 844413898
915778078 176924871 100737041
728932741 157144535 223834638
777299871 89717917 30341243
205129023 171479372 561788421
300039158 568886849 373247148
854295659 648294629 924285575
844778248 694447090 224783790
686822085 317383445 945019982
539337883 165130349 282784934
530339789 194574587 4054703
440961689 734226492 13146986
564213565 44356779 703786031
811746630 950946987 607295686
67498148 674007615 425049584
754964767 83582613 903170027
22964105 220208490 570365610
546657127 938703110 416544818
318981053 483529467 943678345
716040475 351895485 386157975
123751963 12642432 272303470
984482660 109233451 889456095
993993368 68684305 180815742
380923812 676208589 233690562
79104983 242534423 758236229
752560108 78706775 630959553
371142498 197969676 864566246
772903547 685229597 677734212
752133597 855154293 369344481
455415598 746449305 717169073
256942367 756900558 51151777
657105344 826962454 902298491
20673904 122241563 81661558
241186861 409853107 442409259
552058057 242200799 244793246
385473394 517438129 770657413
657621806 255151310 452715100
782613756 115900354 45944471
885388698 22690535 343311097
487657401 38263763 296975941
142899058 574068255 575558158
473407615 716109764 508366261
518514143 544707158 980850327
412366368 416525716 14069500
83621455 658735942 478836855
309273412 277746183 641338812
305151267 155299039 833440420
855252022 647360819 611057902
265865857 478090919 365284390
183349994 508617559 393538599
900612649 29702360 741893807
765236134 370620940 49038011
295394493 322770518 463539524
819230715 447007998 506915681
606975513 4895515 829640344
774927436 958504466 399303121
284222830 66369049 438415879
561495187 578439128 149405280
220202798 930757863 140758792
639203749 515310000 715584431
719716391 701231209 625478192
14525874 834200547 120286198
709081147 405756041 304417743
54074352 844494547 276283569
90239642 894035532 910069310
708692155 792181251 189549614
19744478 436352817 45193912
878509816 800626955 815483465
36048582 93752991 551435936
347192798 318617275 996648583
347579864 474695892 457400110
177402160 558250971 925238580
245623490 730947712 597452399
772395254 144648204 475179601
274892841 32705730 364855634
894261233 377780658 597775698
849466113 347162907 547687037
503671430 199190226 9501497
983565123 43791114 265069170
748560011 959185346 375770597
272191150 170313378 693431872
695462341 260229557 380954110
614636843 423221121 266425643
457265963 119609212 660205305
106392045 887096580 216915120
718352553 711590030 896006715
865883173 938208476 224216067
171342982 892765296 110735826
253948281 579750343 446120476
922822577 994091096 724168468
787963178 659918870 116651919
739363215 758923730 368831395
450651994 689828834 470564302
664739100 236434368 270887990
394485384 210018653 524648956
624019330 542923525 676498997
817880202 316078848 256941072
563337322 145848201 78795438
101424344 504627035 851491806
825985987 803743995 281636213
78026502 33388457 28973801
219332177 732777907 575878285
291481244 592201858 41839582
210410215 522663007 785653930
186343060 693028258 733142369
952544667 292395593 87466040
975753531 645685864 239720397
690388703 208583921 619833526
662851545 357650824 276171910
719945157 57865581 244812533
897431204 820539037 799828445
201456310 926660005 698503882
412097917 586812008 828127050
341427468 936046407 127893876
339185277 18379688 762698882
538562605 305537966 384181697
98209653 40392012 316102163
984701405 617881945 733811894
854382998 462066940 116018081
378349471 312065121 672924219
502666788 461681161 186393146
445020879 309665214 203992255
702545421 137942099 667700871
787852847 164021553 778912423
726955038 205254888 980956496
345416939 411248080 299440641
9125806 813028894 635414040
241386927 372775162 762679893
196531427 317648186 761941357
972694012 308466870 337140085
972177465 927005386 10404609
887146789 982039328 597842437
213129598 792344525 715691374
875152214 888097201 637497035
893415901 948325905 561720558
314031691 391135304 641310001
474318402 363964695 307912505
192932876 937775616 720763430
435418515 39641221 882626468
462134730 737765562 974070933
498648250 51541416 173284942
753727070 65733328 353552848
23406318 982191477 12340267
468183050 228531273 187096027
903610930 564336655 880660993
329402315 336295630 593729619
77182629 421807475 227786335
758355824 632020457 165596741
458917432 926637280 18733740
263656816 406892047 26120317
244515578 885550347 628065958
719424737 542906718 540511464
107280217 855914015 770018750
967611099 621651241 774550047
917856672 795896258 899131115
923796724 478830077 146150486
117141088 829740560 223219703
470197359 479385165 815717083
327833565 743334808 494978812
584036386 432268310 402522548
257907348 353646393 910355814
96307282 401822103 214970873
59689517 785929230 929949184
866889036 364661643 815211392
923058871 847285882 998880490
179815498 492747893 706033501
738501087 919136558 256959297
639226485 983837727 940059249
246146934 145286253 836034662
103581939 280509327 514649316
792361156 247532667 461843927
964742919 216213814 782712832
658323375 69376150 246102593
470072071 309160074 198664849
646005551 924849644 794783284
646510441 772584586 712532556
484800032 340431447 717962238
671415279 104071018 963666912
73070698 453705491 641950115
411762207 136555936 15367284
90907603 198988074 149780020
69178667 969430344 993821689
890678580 253893294 985213505
150460712 129127736 484075505
163301775 628228568 766516000
173404365 878578789 821984359
291061076 135403532 429508376
362281058 134118630 422396922
918686258 531139374 750271780
267356452 285606591 730854962
972330218 90847404 629951954
16185543 266201252 332392354
522034946 416074226 550043963
371855559 776946777 391656988
137271805 226706186 43438395
316977949 864103328 800258305
282945503 191861681 695381616
11124929 100637948 887497046
23720468 739243524 996845728
437011078 912358327 969401688
547276205 123082884 910717866
474338915 603129292 697244423
621245467 411444716 803139200
176952545 167406890 79368262
683289954 544711521 919311079
407798456 511435009 61345050
682975342 418980259 389843101
113031918 765050200 361343171
700598433 453651255 56822950
272423333 481949899 484653238
598682642 71110316 175101353
278991151 926899925 103792611
738950250 580863144 222802948
946423466 627959188 242845748
111037830 84771512 164251840
538541541 776805779 330946612
54418215 988185688 159459826
284441106 189296249 957586884
178664191 925009030 191346349
177232129 394924516 199474357
207758746 124061291 356363096
270681827 935397756 343570121
232612733 251822607 814564607
61539548 137757447 831003912
256708505 999523740 291907908
570496985 342779893 967690395
154232410 110703767 824877383
515739659 556470218 685157795
453975928 944227143 527133994
437169146 768509052 928557160
257151098 784260318 521567999
109890941 68830395 342422818
273113984 675735449 566658727
671101647 193626400 707120985
863864438 494055517 758214680
183978542 615304463 957273528
677454554 422693043 532684362
431765099 630743500 971725022
759226704 153340281 289833941
459676987 513186945 910555677
560357521 553302682 219688975
82060921 236408383 477388430
772864960 390156007 201915541
805210338 692248452 589992345
733185892 298283685 670666420
647272377 818619331 726094779
204873303 79869089 24571215
99782785 555937531 157121457
387733415 967913633 275240453
727584789 323410348 741052048
699307934 836796221 269895991
444863844 42005403 676805424
297916572 659659436 203013394
706810075 177371662 258954528
456348253 963669351 518549538
866169060 31684594 512571799
507085199 420929520 619098205
614292207 551931893 385371469
677243451 427909787 11696419
703013989 694774697 680608988
563799592 76109224 856684428
95098789 616850210 505700896
265165152 814140381 725760815
246556326 944598964 191062417
856196552 628282338 284361502
147789439 373835123 515533182
231575204 626708176 308477072
539725856 789983256 336897096
126941791 724938701 113155989
492914393 90331397 791903195
140985355 172842585 403068611
210309770 239712374 779779838
195143499 148566489 168583359
654744758 137786221 662233555
899982350 818951488 85554581
212426569 492149718 765144405
236361768 272492620 612820723
478188731 553608983 332432571
765212406 213760838 612340109
790088134 875556106 326667775
738504030 113171476 631809173
781091494 468636491 239497462
866623036 623584393 897059035
890331570 455247926 201114866
304137673 250681267 262213862
814281912 266680709 854036390
110218226 484016465 877580961
396085714 567751948 559520488
471323998 744551115 485398782
215812382 936473078 599075897
397914354 725902064 655470071
180174309 419646550 468323141
103047315 489469775 347376574
660981644 460848999 503128883
850756711 741110905 473339344
306223511 652126981 357692408
9944324 967093782 529027365
386557619 519226122 72447417
254248775 969158670 480997222
459655700 707371782 43311817
501818060 390001802 106606518
875678906 168726401 388837303
723076013 741280098 534030257
856017384 627830448 29382523
289060635 766280821 808305585
221464632 896873167 776504632
223499828 854564106 29405759
55764248 492816929 244407058
619426584 654883570 99296235
602410740 651100439 943398311
848968715 23587675 41756538
560855546 211512114 221162144
904740205 79001163 623044932
205757854 655525674 524649051
548649814 959612543 506661301
555245157 942050713 165299731
707347221 57470545 983039139
749164140 738718498 672670664
740651725 695348885 298423507
599826238 909864771 530763402
877522486 969475266 634112458
996430715 110365110 188261812
314392504 646366072 990624428
235360489 676498133 861312831
619389281 842059500 208134804
154144972 276572037 656620991
430554027 528635383 394237659
731011995 985301826 219807245
973020176 859747782 228570193
448969084 823047134 306542892
557750678 642721396 123199271
108057549 505754011 410616731
6196872 161861291 189553131
434118409 120799311 361311532
320108408 413312751 875614848
311589388 242031755 581075820
252565442 423460163 671493385
702834682 872815014 668712741
143578369 320682235 717416835
501162899 554226085 85456678
674629946 328307453 23596587
205671636 66724876 817662785
16288977 664209123 794170875
912001695 675529015 748134410
518819992 60802233 494698804
921339022 949500472 727467573
397977898 503642369 859214991
526779347 645073872 345926619
496381601 929398109 915157051
544465246 758729727 594952130
564364582 985701380 55772198
320574731 261007159 101886421
612308090 362653576 585425292
689506143 486431971 736411969
84865495 980893761 179488266
610404563 67881492 618307970
770406747 314036319 851416703
287458961 38203908 919498395
365119684 360048225 143208835
441827788 753664903 995191387
723731167 564033374 256373065
827933520 424025764 401172933
752104035 107730792 78501929
948072674 860961366 43838159
160862883 503682183 335569633
40260484 521090597 317261811
927257629 347198591 944161067
402848842 373857887 544769132
80944844 759436286 681825178
474332344 977932105 821437488
265079115 810301917 185043629
787380699 892973556 596892035
191321685 812484121 276138028
756807706 839103078 767989837
504407131 225185337 30552423
874198592 813106705 189502253
14555506 553002313 799474356
798551213 460131112 498639101
18114190 750311034 554051789
875200895 675616385 273159018
460542392 665758285 371869216
594469035 885513321 739232374
414207406 822510183 953361748
843885318 877077409 630722992
363668291 399027202 999295954
276538559 142330712 774689509
956993981 428692488 515522976
898745661 654251198 270894302
243535336 837352497 569668809
134537605 967909168 912539035
772289406 432637384 676200930
527575796 251141030 746058205
792477272 656247642 738944796
410152107 284528815 307498250
838808632 681446672 982670217
169939479 971338333 11046023
349669023 49040820 455083055
547009967 195098753 618252911
142414400 190748778 430993177
106334871 831263553 926927989
83228912 537953104 946702422
928504745 551066225 917800955
647246913 911876823 324175178
334499394 603884403 840935518
947215054 888856895 400170900
688287828 301349066 288015211
337695263 485583931 988996757
671997525 781423977 651515062
55797870 520022111 225966479
614808414 337220099 358731596
779064609 191119843 482126993
227071406 832190347 65975945
136955702 478393075 675704154
388622546 733847717 218928822
505314239 372843069 698207577
309490518 116909968 285105727
539212109 440799350 131036423
443618676 841910338 290451437
346196696 855680962 734901813
659047393 867659841 471076385
397671607 469215251 829093040
24256169 86938953 107689563
56598781 378430223 740149875
308252631 842332538 851135606
816879365 848652855 568799566
273796960 703699435 259402473
603673141 296961032 740117622
423759027 774159545 310527634
413650616 340512593 930723963
811870873 245460107 778260342
190007812 201003652 976676665
36247632 950558187 57646197
478781784 160594399 976767415
94467346 204652561 581422415
590484171 433229744 984108071
835284292 403016972 343183353
192734150 596590739 906160054
608236334 81891160 424427060
442558586 167677558 339131050
581761142 796132786 552935302
330063316 941311242 640539182
359017193 476232430 680896790
324409452 232467225 766679478
729342923 98718663 272374853
714565228 61320179 5864428
493210110 543875857 277944589
243878047 457861288 468161589
159323542 521571584 74423872
859066973 374513368 420167876
35174668 73355208 115353309
421069474 20556026 443708476
190039035 831687017 189301723
356125984 708577284 69342515
865688062 958629200 216836883
688916442 941288775 22614138
129176962 978154085 406354913
625184290 256950181 417895154
686833468 687538070 699794168
139967507 136631591 356218345
825035306 522937154 199306897
10263904 448607980 62987742
853167917 505117334 582378081
461000937 383098992 470646590
558032285 546393680 854355927
71156492 54638447 541760657
770340594 759293605 72673895
216253392 21780162 354655727
812789976 538283755 822721591
481322325 732256049 777650790
982567264 706985403 2209708
543041245 944577919 664501079
717366039 712869604 871659969
779335999 127617108 578417948
675913110 463367623 611765404
44890232 53153013 879912247
925182034 737017893 307511773
302019407 726843906 976212501
996185612 90336504 373004181
341959104 566073455 585157050
552229276 209152251 321096717
490430759 598713920 189838697
274984664 491504750 499942428
185700867 872899587 167318004
663078726 817932409 234133358
250331564 537452771 16655443
733731434 243686790 924951628
621563717 963030685 190375396
326881011 645501557 354747724
237867029 940825628 601059508
864982406 769340144 807157031
461181417 810817731 766413258
404133458 24378587 473244333
415513686 571866396 160210490
74075470 77183758 850083383
984842611 471019167 465777993
440957094 947353797 345755092
762473021 300192188 113912555
207882311 678352645 816994073
936499073 551319713 585765636
384499578 265673636 298276211
760124000 534337785 949995798
148923658 715920402 290566355
195369187 730874376 858919645
780266304 338347780 1545115
627100268 223610435 438998859
535786681 51857728 427408437
684047390 18450056 272034703
743257804 501831037 734881246
658706377 947769832 806107344
19829857 660008596 448221616
192241891 371122974 155857570
622337505 471291624 628260906
264105923 9558751 523594867
35271737 462540601 93652440
862293885 929109048 881645577
685725211 235687217 614238976
819747279 889605736 199523632
564629890 334370000 109365989
904857475 245121744 628558454
658732200 77003555 661621950
221456480 225689856 566244567
350313026 424037877 769497305
357759215 381498133 751888303
565776473 722063408 986751643
245649776 447773503 178142386
782504266 819370351 282183331
490162803 397099015 167797625
529972565 580642867 879299436
501814992 303283985 45337712
987884179 983046124 39602492
404191779 531333600 735102400
217056373 16321376 493754657
477941926 387198991 715262011
370098440 586446078 473186756
975608812 115421983 161932268
686390160 817008065 728456524
502456930 531400094 633529434
798361207 81305154 995485782
995158126 738935814 136468539
951346492 600791322 381461388
705778959 450159718 750535654
10770225 976081038 522602063
491380861 83304387 46940060
313546733 673236607 989457369
332597887 821518509 537552600
221772457 475950514 445220730
381147007 504470918 710022600
524711290 617218976 632047899
824045134 290443574 184955731
924334024 921049825 450463255
484412437 647442322 471517220
614651958 61513910 227130415
455987742 758955692 886043486
250575867 195771755 382486180
649784145 858490515 151295431
157437198 611057669 358922184
32049507 136528490 378082295
175821801 837811967 704860718
462461470 322942336 454910308
639842375 230598439 16386237
775968802 326933616 314177591
232984503 514076184 458663355
993609390 182045643 59950102
837140127 607568635 64786941
264970114 957450153 420063527
467858352 305409116 995388566
176329146 64497649 811449177
629764021 26713478 313892192
812688908 416713449 705917333
559325629 791746963 760902347
59252074 153732568 550314908
977581227 800828313 652129753
566228965 900516860 984197436
325561048 238231423 775078668
758947433 311843015 693229148
172892620 909420191 385814484
621841642 332963656 451366185
512477375 536551469 880040006
973152401 713668108 621041545
348512801 45834107 31357671
447267223 401364269 303118542
856849626 477966678 321439176
605538052 986194787 443825966
671780568 32276371 524849066
349477615 806967434 920538579
22638184 109656582 280606176
593743431 75409954 660762203
201057628 307284361 483323924
133188266 978203496 180578915
794783869 471711106 43428190
865899579 473581243 118581043
626395582 864646907 287187660
790962871 513179902 117491080
449893699 169239896 497684987
600352772 408871594 960688273
255648188 735089998 551496822
30320349 876303164 639761985
659303411 277825943 950555126
956650583 602948284 871255380
688757859 185938565 465258359
909742106 533232329 573873192
375051488 437167622 421940309
133399676 933991625 503715352
837948416 546403883 277217783
518107089 321113427 170551556
632329776 718501491 385368082
899134835 184151139 843691050
589580850 284830576 926099225
954768151 9961409 10250629
55292433 595702482 95753902
457543547 742054410 513235141
982743077 380796215 709838873
667131806 67296471 515890270
323689451 380066767 467849587
345584061 29937500 721345856
163495062 504326289 266472354
678538831 931399588 98753112
831065124 783973830 615165007
998763464 5443802 918539722
663999685 709657092 533741547
400873222 679129197 178936088
716547262 194031542 161670800
164872470 867162512 909084617
235305014 441315846 60553617
418678807 288329523 443843313
389619217 732036401 419198775
361429429 138639983 978869208
405032931 409952219 381815673
540831401 960702529 691837853
491458201 157079470 464268147
454995631 66773529 529547703
857956990 415244899 749698955
820454078 931485965 209001557
764722915 629882995 255628188
278571602 19000949 560566482
158019050 359923983 235382500
645857650 230556519 281271460
16699047 918569465 525634830
602243902 803286664 6460641
155764766 753821282 511629619
802488204 483771853 486933162
593969678 589062845 52158731
568638187 768324649 984434027
630260192 437929676 312842850
737423147 314222254 904787317
796209900 593065688 306662103
409121226 576242094 355708150
156798863 126587623 230108908
929262887 243012864 446887731
522353196 363295800 530381185
469440241 92094665 466887122
229461044 667096343 390668971
488605568 82342986 515415067
403487583 263390413 166060656
68788092 923630544 527212085
74983279 830496615 49666173
939061225 599316928 430385881
539007562 245112731 686484576
20448258 117149706 629427019
108628848 431849391 52459582
849299301 679942028 347187483
64896466 888734822 785631162
991289567 848252637 577750799
346653666 75384398 338875561
431026631 450816474 29799107
777512069 360707386 453463988
299506132 98528015 145928416
817936051 339878545 334993856
536438011 345833596 973260420
578947787 547056428 91430775
574116112 308025972 577664984
207269219 721799946 147341864
284100977 197190685 972848028
255420664 513525884 441957916
578407038 431503155 790799104
152957810 347675267 679301302
53175201 441132184 478712472
43554119 56364245 398531418
607986229 586259537 77775248
331574685 435794452 450499720
384576542 815163015 92369719
584382462 91601744 646635492
968615070 593192356 58573583
420383558 720200385 243381986
711942352 308902761 136854658
28838092 607126589 750090860
387912581 870452285 527566562
492994130 251345591 525668811
807655375 532494455 466946414
286828845 990025657 359900541
342334117 252855449 232837077
725382864 625374157 595265715
990363599 556093025 538617946
950254230 90841790 715518535
273541319 167035857 471245020
625076885 171711468 174099832
36840488 183252200 615478415
506586563 932906461 343654169
120537305 123368817 703624333
614466633 886881825 706121851
527268437 949176368 740236085
696279115 883387241 536893987
280334810 146956207 127369537
831269507 389435106 802800221
192921912 297192480 468321220
419140922 571020837 336990082
736350792 81614282 605848250
407615024 590659609 697856404
252769854 465887374 256505175
257986569 584727475 40746702
774813049 109411832 735632655
411972755 258989924 904346687
483122283 753157965 922573103
197916017 982504892 140055475
189087995 653446763 242298114
27453880 306563651 312604439
808630687 4404747 903689962
696022747 4449433 729499838
575340958 548384990 888699166
793019801 981986183 906968293
132039533 622645709 836011380
55557183 30377326 237337658
4635008 394748363 90141003
582429193 346951410 977116197
462949336 547219052 743702814
326384215 72616287 11374330
689730943 456877315 567818706
561682875 448869540 72924778
303613140 60083156 966041952
860944069 418217352 402184876
100174338 686738315 777219621
809728912 353069969 131186362
191800495 418306006 423990720
583779217 589563933 505349122
5187359 417205298 962364050
139921657 789093816 728031051
624595263 625657415 446046659
835456882 60336400 135104945
834824722 159829273 888870925
410239108 408792191 191705238
853618550 283216759 636910530
600931222 585984362 36209543
879488280 733029250 425348462
993662160 123171084 399761377
796723368 343244455 589430418
198092595 429139710 441270434
411119101 256344469 178797299
605101579 555082229 164717357
676060116 238365133 109636153
808601634 3078499 857451930
329109762 106464308 466655741
51959349 123434053 934784266
762909884 978424531 387392397
456865491 584814738 846277819
561803717 433194500 269171611
303696608 829866520 229929529
43932462 910058391 258736148
825524407 313264412 279890046
158858000 220099181 645584016
118495052 283773009 394323463
774227017 453471450 154703404
232973415 239906667 186282998
274295124 442216072 347241134
870358530 224604764 912845691
912904850 795248338 344355620
469894739 673152381 943305113
774777464 661585761 305031957
819404218 189546953 352686677
833947333 20723470 786573100
395048079 462461518 998856338
405902694 760087063 90582731
309165079 395613541 77550555
742286003 847937325 98994571
384033220 827162840 5885431
835068680 76919901 119225834
855369960 122237600 539310805
239302565 532699768 304162326
305961711 206365864 747727104
502857080 271080842 29653248
4471313 440749168 549050920
819950128 316361315 659011480
153632298 844717850 727380313
4668093 825259870 739064052
186518038 599176628 633551893
199803847 759009902 333849658
478996417 225868517 913833444
857221877 73562764 580174453
830434667 16513988 772510294
413311772 830938151 556480817
160037969 476150408 552896624
160389487 928338905 492334555
473675295 948759399 5016545
587755019 755667324 121392353
903014394 546590818 782493659
86652119 979131885 257637163
112271068 944829976 862937853
630458914 869188206 257612162
484503900 440660616 576235591
339950290 611246001 762603289
839021331 856679973 507361429
151357186 872924225 577435554
701591439 479738176 451233482
885771983 160569347 381499516
52136137 433146868 358098001
794458033 869217449 204334329
204268787 820830630 930372838
581200936 633385016 584568360
429560090 83887454 62234077
700032355 559802125 952397383
550252155 698831336 402983616
877138559 378221161 790087466
128350870 471770766 521302261
123635382 910085868 467334597
361310004 258112649 530906999
396699200 931840025 803467984
211668222 469531525 224466195
623321068 819287712 612026430
873451093 740965131 180525476
946023568 86204510 608991261
177531980 779202839 42041839
746942218 528931829 206294233
63767835 739101259 595734278
928279083 177173585 650070457
479004269 461108887 734010178
851336404 533316057 728862186
248504719 233477018 399800904
517209572 72670622 783679889
185032744 160794673 606717884
591486467 406490851 688895347
641029669 947003759 334161449
66169640 425235788 73115813
693807640 195694468 499666669
735329277 348787573 900509446
67224222 899082873 90437469
25041517 376990684 660040004
359230580 318779943 566900503
333124214 961904379 341721085
460347596 649714677 412089808
524354462 849847052 291342233
107538378 173633561 601751843
886332589 847405986 37349329
755483118 779076295 101914325
928846073 84775445 606023608
715091404 878996519 216030331
28830694 38459371 866860378
252193192 274244849 970310943
587201065 670316705 649819604
24200598 204345729 921013376
94527957 567462717 992736882
360912306 841121136 463996980
762670826 768296972 779429568
407884410 797056068 856766234
527749324 401390111 956223225
650368910 663152281 176309490
863139210 684420216 224320707
61072972 847431095 631629223
883257080 770988159 341175423
563373213 457186482 192426475
388202619 202084485 822128557
925141072 101378395 809543304
718690436 862224355 891874219
709265166 741369252 107453917
44781128 248894675 492343542
714764563 515242168 366672976
132322596 169749025 116749800
430539253 392090974 786777988
790534687 362754185 803565335
993612233 574688363 511577648
51983929 544011938 691212256
549095324 697310737 669350467
819959648 241093265 826662002
343384460 176015652 16629836
426271157 291166042 535380740
178953014 988467101 299497377
999750691 116052917 930188690
618291339 32453052 843043971
960752193 218180724 781754780
688448557 105606542 53601672
339196422 954382934 540123014
645400322 153383805 39556164
823798029 864250793 914662337
15287076 29857042 821005258
622482616 217594044 760359897
477305929 819134393 743677388
815459187 144755848 568318368
786980183 963547626 688106703
68973316 217478460 354690619
514912770 606563105 241767994
62589284 299759543 49559449
270337256 993057429 512266289
266553073 858157808 266733015
878140222 889953964 570229961
904665550 566835624 122118563
14623146 339320399 55708988
216698509 53187792 747598365
126685413 264585438 735661552
944874796 314870423 803725604
960978857 403209082 959701517
429978629 838171459 300590858
311757927 358615511 206772011
448851015 727181161 865831961
249336183 810645412 54685885
301599678 305061572 431421912
203900202 58251344 234541635
960004127 610165035 57051617
979265026 290148545 364038700
211542061 481292076 237328750
67113483 564391754 874324156
715947925 923992572 444836477
918070643 337282931 920188544
139051720 681969952 981573975
451887431 895314198 527199225
290174955 162603701 243750438
441002152 487080670 581655684
542134726 878696924 818952271
627247582 344076288 269948287
791056645 909628926 161389209
306788391 18018433 714365460
78513660 195328333 384819331
295421612 405353703 168549682
850643500 246006861 630992505
834555150 348171595 681420879
728245659 653467581 541531204
256780998 40950731 848038425
294371278 614071072 468426576
959271766 816796151 571944315
747986286 21405575 797765305
378337590 225278660 875874749
532668464 457207059 66911277
538116269 360246209 609144675
511180083 120931364 398242840
627627336 32576843 440304299
371621173 680254503 193394161
739485593 950223047 45580608
972754482 453265421 610550102
688140778 415896285 991499133
410248903 416959295 589534791
292063159 867925755 735507067
158612656 710427492 948789972
593106667 484788811 142104915
63336583 755849186 880974999
298374440 144562220 151606066
355502891 897228501 564778789
117009076 792585332 744447526
89727239 229015154 588065087
90344104 904221732 741054653
278094444 525549605 502079748
77828670 836645237 644203230
548765521 697100676 345488662
119231057 205350447 965448077
629841734 298655661 155352908
43709158 256885735 925028515
501916923 51046264 48407987
698639102 709174578 897988733
242670108 173374043 71572187
330746447 847423922 103302615
521993552 161815060 534358290
861660509 963645602 935376751
444094394 307315531 604958284
405626084 208558385 244261133
385464362 713881428 164948904
998322396 923493812 337556439
851921455 334093962 319200741
984885785 613386632 827697435
507990431 333550234 107444407
904830737 156187330 162925282
349487352 769627514 613923537
740516082 725319997 342468435
930808530 220875104 569650163
634103195 800151900 170716631
616678896 135273394 318868087
678060629 278764650 115774083
730493830 195293772 590618317
433234753 327503347 69487743
531651857 329444108 339835253
995326492 621601479 35975482
214362580 480765425 66570363
123138462 522781718 997038121
881104911 399748457 428693845
448819880 487157312 43623308
425987535 61097541 796549768
674720312 903904478 818588811
406597802 957653988 285080758
698893587 149772840 975418882
868642091 216188636 710652826
631158253 272905659 974605328
61979501 804033310 516940139
26057579 358555556 468010859
375222270 890013756 768769504
451698680 598848940 638915464
571046354 805102155 450865208
845314554 986036886 382715328
52557309 595187413 612993403
200044552 565471284 753500697
580224930 574779715 817646148
982650225 305831790 548813709
421620994 458742776 695220206
342937307 967230902 371255013
425829197 307652263 936185981
629783566 27645689 138133407
569530373 834533361 182506466
341701343 932602622 462069353
68326528 613414045 917988375
591051413 909329877 229074718
44781202 64398024 890195372
936088504 28364505 652420439
292276187 920175326 852805872
300428324 141979085 66637875
624214943 463560438 64201381
262593619 209544039 924419185
937659376 432120554 39580984
354455496 735868863 797619049
548600431 357286277 523227759
687209162 485701027 253487274
89746983 987902172 982986072
618509317 200768485 699203892
725293961 545787745 123550271
688259610 822976094 139700064
220360306 907229767 179152325
907237518 66929610 102102867
518672794 216581665 462269216
166541454 310757908 419219516
656502261 296438842 632709717
992957160 413931182 152201670
969071369 323384399 527624045
704221210 42236734 843717147
704144070 675570795 948975841
4890677 836476412 48460624
297553481 693374355 131853625
163371733 687549382 901671099
656726130 600865351 119739988
12435062 32313085 927483989
578516986 592571609 412431252
892323446 275179402 668216714
907817751 895001770 598148934
927668908 171451148 250730981
75615324 698473330 308375741
125333456 249684717 439890613
872800637 508003518 791180588
238600436 424013658 585262561
204138557 565164963 114431582
131468864 734249639 642887789
368287415 220995849 334580688
92269786 254880340 400272398
540791495 159918211 817740126
678007640 53847457 644834839
735377577 716645722 830266770
306556397 464428274 677618510
533375537 855967016 17559740
412252141 854489287 80019569
450006444 79588209 572413911
29361679 338451399 209051015
699358743 316543084 739113715
749549331 601064581 933174846
303691603 922036823 960891924
5976729 171441039 443124655
217682590 173676872 593579343
649939788 116103788 728521969
513530115 624411403 144806381
456078731 152201387 874871527
238861153 582172754 384822965
51216622 803367979 822916570
307234409 841292364 154407665
251462351 507451484 275614718
378650146 66355378 478445289
173808327 835148517 351173840
147347368 181096998 684565172
864851461 4013495 701287142
948779721 188218401 466095086
423651960 366944905 941012808
755070213 294577272 706064122
278001184 743381606 596462983
563157655 273025954 534800213
443625462 302113388 14343569
264147224 732705095 472660873
432440708 779345652 570331551
485283201 204968409 905760163
583696861 584326776 321506863
47214661 505778766 931750759
100816910 465939466 298548575
64904227 656459876 619939970
769017348 39591993 881460124
503169033 201256718 305217536
671363567 913450451 420683523
979545187 113499067 332809627
635824619 783340097 613596406
16279385 374012192 807337518
357227231 65140523 621330151
483137820 949899961 853780538
843264341 263803787 567616154
874166440 231961242 314003233
406397042 744238040 761815349
604964473 651308340 295321575
290342194 514139590 725189533
583810642 678932547 600839415
440407382 231698405 256110894
513751525 70260682 743249018
508461125 203783517 248809448
322884594 500480851 746205055
321723602 587328870 407586989
4349142 823676596 19730838
507165700 622248025 754828258
2726073 805596901 603605188
200521361 150965513 219722636
937168843 892708314 723286034
890255848 964319741 409913173
529257159 254823337 79078660
148911506 49683705 661887472
149428948 838266878 357787489
91697261 447053242 725292395
328990370 203414411 264169473
451648834 963246295 49131313
477941927 370335406 874760432
798499006 244812612 179986249
943041726 256055929 240980784
55027160 88151716 996797944
166113225 789815556 966681461
164678809 792396211 588770905
775370879 207826018 109319197
587255631 185237419 481085230
684337130 214159527 887547453
632544982 951696235 147028182
174283493 560897051 246020909
116446858 162577112 25581367
897657663 592774669 11103802
59608228 97036280 972599278
831140666 904820984 814184095
963351722 820911243 499275229
759107386 680789073 286909316
149045162 448061962 426086343
25942327 620498764 859888848
955998146 168384908 836164705
321358522 275118498 893891601
16859453 853983739 517263724
179899306 996782131 569136039
848978624 170507473 157626386
482209046 17010117 156442923
584975020 919521543 507903399
813651954 778495599 347321184
773301878 487281757 249901605
57582390 160192974 562193928
371724881 526356651 101079571
523026990 554144713 57449142
24312137 376296604 882154320
694618033 365126673 755924609
702073478 438662929 208587734
860154979 427151084 709867252
822417574 10224630 746060255
660569861 945636864 147425761
652770166 629236923 89156310
750702740 146898054 794041525
151761271 920360070 450385019
954027995 466952365 947370747
751478752 322269589 451843353
316550686 574286746 209379246
621061177 534958687 234982101
384698066 359875258 566227180
670541489 441691108 374683627
358862196 543207539 754882438
106368402 362963358 450631396
651240740 355395441 790770747
829378382 435199524 63212617
262301070 845743236 80999130
223238227 201326943 315319275
596704201 740813080 40220009
158897037 340245719 642648717
251855230 117663940 435159837
346810717 961066341 962573745
626916300 66340773 569733765
479667980 614701824 159887418
668148488 320938931 219042635
179350150 408179549 5430949
534787795 996839423 213612722
348325515 571858993 738025872
202203063 31750315 285968139
989734334 924831557 192924263
599982209 797426040 11746209
665269790 142503534 796679636
50128270 355198792 871182592
747429113 168869320 818482897
973784969 200833231 135015004
220256721 421147015 868310014
484115978 634352969 822153989
958297570 850611483 839194562
53903379 894599965 88427967
709704676 254621404 553425692
810867399 193862021 515685846
579715112 395852508 396010628
384879733 398213835 138071074
180955171 430047580 912927558
159720676 339291492 600323186
799233590 235178246 529376703
118014956 847714363 67202430
244704607 822471432 782796800
341273818 691816739 741796599
984209608 852616903 737760783
149501860 848199009 558889609
503393578 606889134 275402873
797473163 276275605 277076538
41523053 964610988 135147578
337427226 446204519 780887091
91788429 723618500 879790874
752893007 290905280 216952192
371276408 732951720 96748213
238842874 150235107 501803993
450636765 396004780 808337615
237851084 188897271 958698126
334949878 205914505 710343418
110109858 520758321 302105535
879516513 771116390 599212546
822003885 19952705 588396507
296418593 220371099 543360110
191831502 747606608 616787764
610077297 631781487 76512644
730546098 229722576 240754558
862377997 731803181 403293813
193892729 387650092 935561268
150613260 636498767 267531969
585885684 651615168 776186877
961777370 198555148 14386426
847958029 505074327 569180348
918919354 758210859 209796173
416380730 296157202 497436509
704058515 605411465 812091179
740939028 645820768 678470121
769773272 180305479 291811667
10642322 327591837 75312041
421546662 43149762 357501678
772377931 991999011 102530498
75950034 295433536 371072808
816202615 330641277 999529171
851427209 277790914 859975899
306211319 938300492 243784257
703599169 134249597 610980064
379048689 514253520 91079723
930635214 491570079 545227800
885564432 619993391 526095661
566063173 68631337 172895564
974445137 913830406 485044837
894840610 843058146 625496486
63484597 318461824 411578935
630662084 414981641 888172919
699639135 195481427 595114391
572896916 324473037 888759162
415526039 686647421 678259521
893264628 717310836 499129752
659491992 352263682 719175983
364471073 473559973 505739700
346860080 560393154 586278702
819220264 868201109 375935302
42433959 705237936 116191852
370466322 500396861 288359109
9203084 773085059 332959861
319559424 383396869 9091190
934299348 383840275 247623233
526130172 888888714 82464117
793635642 885120519 853012325
691792020 539629566 767417657
637309710 846486909 629630340
875263289 143230096 727386171
828531516 967242510 807303254
949784985 823392215 325052213
182900378 115719803 2310354
537645535 455394589 579859771
95131526 295449581 33156442
856646603 210851555 74037505
687897581 883123797 371770881
933801890 370598922 635051501
325351928 565122640 341307851
443264156 509226435 843972515
144132373 635699427 584320089
556632983 325428098 738590584
696738743 6249653 627339626
611945278 298781054 5037743
813480740 934084210 776408640
911091718 139389002 322958155
607955182 23916341 358519523
90699439 572960368 565072649
477610855 632896983 922946397
415989265 91786871 596432912
355721939 652366386 247163230
51619584 151809566 315699651
981881884 571237013 809439246
249955916 507314317 68916029
421323936 799069555 144990420
123844766 885830489 275112160
359685060 503015211 514844604
580790319 125399053 484423528
409732365 406886225 575580959
592308865 254961069 876100164
137156972 489596104 744434222
818767487 898038670 186598272
382386562 374882737 627107091
812113425 562026407 506603945
274952544 187688927 404465597
661851716 739795419 588029932
453213519 579281405 250349019
666340598 410531882 273584085
525345403 388189891 263605154
15544884 913322048 465563632
35021722 670450996 157076901
151084953 165277817 637450338
667236840 904219005 158763891
740489524 336429419 286864604
547352430 468913371 87086042
368338951 43376243 498746848
516203865 207972829 824799611
401507474 36027680 812691782
988532271 48957485 799900771
637203789 747201792 687162545
975627955 335371855 306939542
389894361 136865826 683439828
771673032 984763874 590715184
711286355 286743934 61794738
257900089 956069510 940337150
936615411 143948982 366984492
603558915 316156593 852704978
576973191 268183966 568635371
64212409 940932931 301054530
86922170 594196608 752277309
495620938 885683910 159621256
551911896 416782601 2389826
60555706 293248231 163837580
26640113 720906605 176212307
641903964 23244098 643012457
365632034 122538221 501387167
3411559 709299622 38116398
412329560 309373566 904253273
311353034 448516888 387204105
478504915 574999855 845998776
766333629 162820104 28992486
977583196 567126082 460643232
314661959 13149892 284910430
210241889 349046634 152675718
267863753 353332944 831235077
342240877 190503689 248660480
129865413 456294731 227496020
430203093 536270911 464227066
353738163 164187989 300290773
133519670 955529664 868547557
786924861 194640968 901924795
213861587 959008404 84167000
361795550 934087515 76963257
830961633 387002252 931781286
228599018 648002262 212111689
739176367 619508249 490700875
767434720 227761225 631297140
9979768 44292734 911201708
641763370 500048253 233227373
469559503 756245228 133849914
762063320 787917246 982721375
688554103 919016099 713599580
839858853 401590927 660756007
784496199 783071323 416200700
537127973 320825807 334581522
24540797 673615364 98901336
368241405 142096948 198687338
426312051 201768679 975080496
992700274 24331410 171599126
800381947 305475585 335582706
590276286 684116548 918947622
489065626 632965577 777533823
39556888 705347300 647374634
804470303 757222408 56394596
14568582 287704313 264189732
444257727 60748538 609201135
70923712 783663727 911131701
319579708 998596069 138232265
569656106 988057562 380442157
945861349 516283643 353998961
232116500 468735394 132833895
572903076 940224235 994556198
589688219 514355022 126118715
155081510 985714899 2294810
937971145 327859466 918910130
339226584 125667522 946423860
990274739 418611144 964618945
55050995 206561655 800613817
513853193 899008003 339644321
774438252 480648199 276031397
846153044 554671244 671285658
318275615 894620907 30579514
472594292 980946187 876657839
592790683 602385708 429307527
150133206 200904422 180105231
283355518 633483783 173910164
729134514 775489327 697069270
69619163 935271127 936043700
715694493 101528234 522181384
538831294 126668972 71838022
509426768 88376104 440380261
180955469 452031316 878518213
640687909 485599543 896477403
468042217 598039834 950416320
965213106 708338064 75021548
455846978 344427157 379636786
218467113 514870812 744824377
255536278 360964198 170936257
695450430 977238606 101510516
248478685 24313851 624512396
226964464 175561246 745306254
155531792 395205179 850493748
388623351 778719159 57157562
56770765 395573276 598875287
282864093 724190838 475944927
255917392 984309680 595668124
775102597 469328202 799064719
97818010 122045526 15706855
394071151 651581049 981918060
776304763 976303947 435644103
767417163 459586588 34842490
298459490 486152667 68214354
796288250 823618002 457923262
315006556 875057791 969251131
96819184 784760962 215745177
771147924 821840140 100159301
189954240 960084459 68364717
655495110 302524588 698733898
793605379 295559938 69941065
46876034 187439550 819623254
874586508 896970169 74122054
19728277 924106514 663659641
344425058 903359781 39128737
182835367 365719399 12897595
502741414 954046487 786525778
405184911 489334402 461050315
843815269 385954806 33938027
485996879 164431551 779905853
682939208 50684573 46247793
297469194 746480604 198862932
497214396 657085428 254060966
401596033 450006172 23202895
185217177 679678843 219999439
73998066 689229529 935838743
445295727 903763782 107740705
665270091 312806067 288804054
677980178 442873373 965009425
846694148 833047773 453237585
623019481 685578984 385155142
832434602 666212294 686949373
262067099 722386704 579160143
40809348 890670077 431536549
662874685 740344294 406934425
20664173 904245283 586927682
683623152 749244805 430789471
744158885 66911027 210341371
861138389 242919691 251693184
197240746 744468099 280109959
466914081 32971496 380636964
441563701 129430483 869528408
138331569 847460669 172265261
716503049 610864922 846092345
53540475 629113371 51737498
926439109 462197885 959853257
702981140 657447896 673866825
767241555 778476586 838822533
373582940 231778318 657990581
19761892 263805920 106419688
233326224 470013903 763109831
544072739 601931937 132265793
847613889 159601542 743362912
685484629 304573774 4572436
646835167 395262055 268581958
79218483 332909580 313993668
439714330 863859467 786749984
299752179 310729518 925991915
615815988 789547954 130306059
707059010 154916488 509808604
900100391 161904257 739993329
526827499 563303351 738063875
118135308 343405861 123429579
761606582 913262624 123843794
873105663 202789216 606717610
884396820 888039950 276068978
12069331 621938074 315257413
190841915 74485548 626247416
763030759 24623380 662312969
718037073 227451771 583232905
272898016 51518486 860008794
568818434 930665522 740641244
881055965 236857012 695122831
266111080 539801565 31356422
415262871 295963877 510133651
31672025 706511082 253128098
877025042 528321465 170430226
737934252 258567449 249101237
274806667 804348985 534035805
215505466 205412984 193288037
9706324 389776179 714045499
165843529 556318304 198875076
29019154 549946512 770813575
895302753 561746812 413063616
564121352 303567754 441506359
979677356 760290287 912417176
786283009 510993795 75379079
748051704 274531705 239229052
686759260 380668507 679853376
266036742 392514149 942846700
116626505 94052927 859804042
270147289 569443751 554284132
89056918 637762104 930673321
410143391 938279756 401352481
857017159 912735829 463420764
240846321 450906205 224153106
601103530 121587140 816440067
833720312 60446920 808085361
224128057 69817945 734573963
906982227 485935433 69893417
787327934 86227496 320243214
610569793 92569551 960145697
389077580 503163538 314541890
913177222 741287477 807573320
422222730 575634003 718815875
580942036 170618905 227045080
785271866 456629070 539431867
908381699 736555228 165590498
832877302 988928454 37119926
490648490 783553332 894484099
202085625 690696829 933531238
171674995 464017108 38370255
72192858 314810677 972400864
636793494 444873584 404537899
622654048 760623502 183577102
47885824 332157194 995230939
510613948 833188237 692479352
331540309 89999249 372933301
608185402 849331834 976638728
775190581 475151440 222076291
739613541 898370880 816137717
141397508 17801857 329647414
595678999 603110631 489518660
685850720 153114256 894464247
750105875 737479792 354019148
287216062 835250956 613401095
244061562 515373292 734528056
453362363 790774144 708135835
645519308 114058818 220939791
582950044 114076814 518535358
69327168 207758045 443085689
450916534 687618409 183375693
85328500 656695497 232858646
716299501 99392881 360666950
310408960 853718685 403130419
617521226 178419776 621071433
163900534 822508602 174032694
569443478 822390343 802606668
567217221 606444128 470527926
346698938 126933033 996072080
913877900 883214081 119286004
101273839 753179996 751959541
679502922 148222918 479415730
76298229 334395404 72271234
722938997 409071847 44479721
377179317 959606728 162177405
861636703 771859297 239563132
474605674 608809964 89323494
904019884 464487965 888171
292412091 255782524 615086293
540808115 286111684 411916285
562818661 544161232 41231410
54338843 770416194 763462369
629037712 846205758 73054566
497043067 851165760 516512481
120077638 803800989 629279209
256542568 536397067 239266367
518871823 476912827 431026999
645584854 743432808 387326308
857640781 300936405 904357679
861524065 872208463 866827887
936618961 796280325 240175648
558509445 132834868 932564356
685191306 222053617 278861802
821498060 613330287 9055911
209681083 77323821 261734862
209274483 908123944 84655073
961184101 802111315 132111862
634121166 172146995 811759932
992885183 540604128 577950879
118971357 56971365 431503877
111640267 866783336 47848943
566693092 163643706 101693721
667489871 329191074 745745279
734416875 47920494 692981421
934068474 619318160 601893136
774484138 981808883 932519813
94982924 331363170 281954340
902111325 138438654 390288615
272053562 820418958 369713705
769568074 906802229 78204219
291773244 785753279 607676144
67701849 434070251 710385227
355872006 793224111 313342037
311408101 917868169 395284952
832468133 601238083 647314021
324949940 344604257 667672040
175826944 499169656 565398214
260482356 428727896 732336108
537372804 995479129 550751225
614038255 254349666 183656261
910273810 406771970 226036608
207032607 147269442 768861032
610117912 643165993 57681453
786269115 394756631 875035634
378772944 474891966 756294257
799847217 499552206 618059223
33562843 400690013 217688273
469665487 345341775 94619819
944966576 703936040 768816847
128893020 214150763 663798651
407066986 589853677 358119674
210149673 981141697 887625942
434036556 967451387 355619398
58483172 648716667 412000379
416385669 419648727 100008584
805501111 223472269 955333561
700034753 534278949 932312664
544547872 198933861 332515250
803088772 805042766 613220357
397960462 136812156 693828790
342753492 392788059 663958619
493151376 882117061 804174333
219957036 231183266 525951919
288189601 692847262 719316163
845787376 865691131 193611379
561808530 33969598 83413296
141679297 770901474 876980325
497173923 552486894 14443276
774836857 8984705 864517594
362245093 621365679 856261200
233312416 862026954 895774226
679274214 207521999 719311707
785756017 167672969 714454598
285209261 792508965 742015553
100158376 690663633 471209067
661401228 394454852 178801806
996662275 816077456 375118030
322724220 432062191 30931539
421258155 970488903 306017281
787431856 449981768 848522326
926447038 301836479 128572815
747718647 593829971 440388650
14686747 645006650 334512857
202147269 534006372 997288545
344281085 582372421 996501616
988490163 963012640 742019348
610943446 783743097 340006413
193357768 83291075 160097531
38600897 784758739 473730102
957566081 480901957 900483907
540865755 394570219 750782856
67513383 770244304 287872185
868127702 398377280 955994086
915968882 990891279 613795276
368471438 182132705 243338282
471662235 791194028 18265643
59034640 310560040 514516478
417532256 258852429 90170148
844406516 420861427 684154615
995131778 237159571 595216505
867720955 191265204 816189104
921671080 928367284 540898904
576234913 559251381 421166318
973507539 47892995 374400436
922385128 730498607 934572345
609167165 345543403 211110467
361345212 562884247 332659008
28525354 683085157 29788019
790249128 986778352 208102699
28227262 720238097 236221426
576986141 940951249 313781034
254159842 73620695 63961589
687350085 491867794 354024777
182213447 770059618 109905708
586590909 188846460 491824302
120424041 827356285 121526223
343548150 436163398 117572879
91758600 504486336 33137441
642756253 319425197 317046564
99003951 954664207 828833892
748996557 533897736 331955156
548592813 195291756 881325163
369173243 636380294 436291485
504308359 516566794 868431928
695523999 512985134 462972700
126704799 795411578 5037984
230105304 403823363 67053067
129265136 184238077 212726709
512811764 766765349 85040576
357720741 453294124 898497549
687023366 676335770 981314557
252083800 4002656 18824122
681596175 700488976 220095886
813849128 868670170 354041774
164396906 367004009 892072253
788002041 634626714 507554685
152427264 762586102 448973101
546785772 659640727 681167829
247958433 477661525 426965787
656301853 778686556 469326728
307663234 442439143 571085363
668973378 862600308 865521803
906010867 768704095 793699284
667375347 48327290 896428233
420469795 909980893 786110682
703393288 680913830 703091747
538897846 42326538 675643199
885259640 292051971 79360383
219826033 969781385 543281161
728750565 871340333 530022740
972651231 586611050 694164584
767722800 679445871 926091439
57612063 734080804 277920141
744029152 800830515 894133663
498469782 107652266 807157184
410331392 435796635 379285520
619916428 11313861 444939342
655441853 57951013 237507780
992854242 937945488 90884837
582871275 973072504 148133856
612935763 990660135 986304298
135470359 96910005 452643729
370638016 111300282 444983809
903353358 90639931 635809200
94542071 186322480 854627504
263271017 410280332 664208360
325822534 52554631 831368964
554183832 2042972 362929526
877328519 346728895 979625639
4261231 551678003 764325800
495937811 603043035 644362608
315461552 239455709 921974601
670810217 11533017 225650633
105824308 509363069 349535922
776119157 335452850 930868763
419247052 359761098 716549119
207695464 700206798 143950228
815569033 385910309 150237036
399344094 184003630 893642267
752866921 123361573 898505895
485847546 217785251 391206444
517525817 895469190 158358700
638907959 177017650 520309899
609757323 867190685 1871866
801380391 345803741 212026234
531999504 999568890 429875951
628294673 559482915 380281114
9020612 285174557 500862046
960464195 452187886 811455281
627938571 723751406 990036359
315974494 834054326 607571898
609647202 565020662 304260023
333529547 568962643 442398531
83217039 764024191 520493969
930518321 288154449 261441516
67891914 476262937 299053929
857340996 21027031 854548067
470167150 663500546 108272217
712188343 26457452 126057801
875188776 837192779 522091365
648623302 197870779 726486418
349568228 731411712 61385999
617919782 881046305 142504845
331125852 119000732 871736298
799811790 408314313 554735408
838077456 601658531 616388465
273299514 405634014 192973225
697475131 643653751 132072286
609980797 265495731 935443739
903484875 174372370 897720312
956671570 61847731 5471414
719531041 153442358 23671612
509926067 251775332 888128863
546221318 9024224 711214569
691934456 449346150 944122806
608317630 670364660 658597310
555184203 878235996 947487162
309531451 508085934 527376153
586512801 952414691 588367696
837484209 534529991 679809108
212625254 545868102 370066487
373273388 76440387 990270698
249986736 90360845 939502230
123625908 195607883 136549821
313433421 318615481 973913205
654644047 589480110 600539356
41424738 62637585 426764477
222657706 663024283 183996518
815697958 610089684 748902086
500136305 195155708 727468918
19653532 622095492 213226691
886661315 833052939 765756755
267799068 283761467 283080887
562416499 243473559 385698894
990098338 80328671 131863670
599465048 209401792 418612838
886075634 162955777 362208887
535534762 652752734 938908893
104193546 377400135 11793481
611294837 582690293 459235590
876169349 279191529 344675014
138279000 822093754 337022507
795253727 456241884 419667684
586737775 328156491 811060189
255689622 46307719 60873945
668645342 535370628 542033957
520474176 983677477 995016200
518198162 839917210 210464241
947244606 530303162 911870963
814306667 345231371 189000198
669773774 320497628 214412536
867698153 55611036 302801622
187656204 185806910 690558820
134164648 813237453 677767515
391696670 249875360 438630850
522738649 687739149 723135387
80222443 252345255 806790469
696125977 970037498 943262244
170181520 405778593 603656867
271543776 34720769 422357071
969075872 930727973 791043295
533320144 409271720 60501165
360957940 532988021 240721614
847044534 439285276 349342946
716178519 357998122 852551703
695731277 364906148 354340237
896679693 107022423 56777808
195763118 716662229 761900357
720485484 224656903 768263935
612715097 293969668 333743025
414712 617123053 781093753
906780604 782476276 345783901
550086422 995545748 461452677
341875784 348998058 549916252
59671937 325638046 581765557
551179085 546204624 789048623
442541438 74722368 271181982
472415228 681741271 451906511
800762889 596482619 954461049
702799410 379872121 678891628
953905802 282588901 732021688
266335004 558700633 199239005
712453037 387612313 88251998
332292040 700700916 549183065
37021666 957060837 874824649
867704572 41846286 849434156
24700582 814644948 554448798
62280266 185422469 619769917
576829306 227002529 1882794
291536568 898310293 337056814
613986534 190939451 607258953
716140206 266030706 263137149
271289303 720796103 905960548
73569948 537451130 148679038
886716760 781338751 760624204
22051545 453665380 725318594
146355567 346594283 41744171
410450353 377486295 452355007
287586213 35996750 412665874
671734596 863820999 911442001
109457634 686864394 617735972
696984096 934788197 779216101
461641607 791378198 649685676
704910507 484059795 705789912
751083739 6498701 376199790
948368326 999735143 914802051
672276343 437052686 891242847
41803961 395342198 835638486
983765592 953985283 206024640
186038847 39369832 773470325
695809636 952949344 429105873
180224427 224394532 303157109
632791241 351099228 328940145
216854100 576359300 955310729
912778193 122219242 530538269
132630753 397357625 670357585
131031926 520831352 982738998
549203322 26445554 72936398
368310643 752865212 519145299
563079922 872432550 465187924
870061114 749607875 596586047
145878888 839845803 343356760
986364029 588671090 967128544
233794282 925250637 48444570
304471621 907845233 360541897
624881034 508952817 244444638
718395012 610956119 763737162
616179628 547067918 924561872
347462421 850549010 827196340
217305408 195787392 912154444
524379512 215657053 530077902
103787442 427694225 701497655
420703637 24700809 476552565
875968592 627866936 747556549
735635597 760366856 129772039
382702898 595106912 823107523
861032437 218036574 987830995
292853812 683169723 33455127
237661992 303291106 296821194
958128070 165021389 623218917
547713373 919670701 111585788
906107950 200886046 427466267
327460801 107864970 362671223
691989767 292399001 400584353
92423546 932457834 412143361
540631906 555295446 313781281
231167675 15696920 259926238
50262517 920718922 791002822
989345089 381808231 538201797
103772386 347122305 63647012
712860499 467538938 488823248
575881972 54158905 130882046
698586920 379094127 114088976
914779822 650879172 914304271
515665482 524736600 381926021
245524324 539034813 44772877
303077529 300332256 178602833
707192488 277529488 639993411
75348439 94749216 512695374
776473330 73192124 685330947
458164400 90096113 375938065
352535141 671140906 362368515
786192538 306025351 331381858
916865898 334028895 741322596
820996432 327296192 258039993
119890731 757246733 696184146
315221349 853295483 252218499
375408480 726360264 251963124
736202250 787262624 278064639
874775146 142905815 282653577
975119284 196147014 779529667
148501074 681831254 464353836
936744024 952143841 655508061
539498730 843845914 886963068
874818599 939550924 735225463
919445423 86954613 475120998
245870037 163022501 503725951
863976395 685253185 268310417
761089238 815826828 952970882
972976757 893409407 726288045
821240467 513422847 540987002
713540312 810776884 127925097
113327981 329776765 903409908
769268769 110660344 365794949
368998326 314438352 523642995
164734528 676542659 154292223
620557747 29600980 78452562
341988492 878327257 725520773
730861096 287956743 48467162
688712340 791116691 473007678
144320359 673564312 963345610
483705839 725106646 679158673
899806383 990182601 317683912
741960950 283970983 219548710
749227346 986827198 958037215
527850713 443997425 409966278
913477306 820870309 525999579
633068226 74934327 775546694
13801156 500330943 681652882
897521557 505521338 224870023
974186209 234545971 659160389
738723863 568010049 180977422
746212551 293947248 243040643
79191207 359228678 923406452
644851680 979524658 53725777
258993849 179324425 332999881
687164528 891849086 674576849
219373742 594267100 918446675
105944240 840156873 499488281
323027833 131882759 37512387
60384895 420782520 799008375
123524856 892338967 494450973
587440909 693315856 629626574
936943555 756247331 480738329
445483242 697692750 77358847
371169655 405699782 602126561
590925380 849681842 161716559
6940951 173518764 676919013
71743105 192602575 251748206
334251613 212030380 784103469
548470563 614631274 158292934
395100000 199215944 703695461
313519331 638698901 389715609
341843411 806151710 905716447
573373927 857653042 650081872
769143649 572798968 389333481
624901927 826710552 909977692
444008974 770927458 732044810
52368145 49840107 779352022
720525592 818115187 855828670
385760643 908135477 611660344
993814306 109782834 219673383
101996377 265617070 449465607
22200539 978052598 259561598
575253448 849550979 263077349
980494748 536332893 456199778
815951317 477295123 105256856
290803729 652179907 574986245
37608537 473339820 222858612
41137333 12128758 982507643
178731209 697943731 482988124
898404410 140848354 143090272
984403461 998939538 918738575
351603793 934329506 444788803
792868005 667115166 557552226
86519763 44766893 652364902
344872190 431622561 392755714
124208087 799250428 606796542
950262668 573368698 233434903
654489378 78111753 516034189
40361819 208375920 418920784
598630122 974155554 291129271
295882057 34217945 690634159
768370453 850365673 995900719
747874618 552804095 856757774
572998520 256154289 899153283
615174648 59874276 822420034
929214987 985523558 729958608
180318744 105348458 629754057
420356213 980739759 135106448
287931586 108381004 286319627
776483309 444302881 40280436
207689806 675302279 291037475
699573661 778498713 44823752
515579493 399349303 665201067
747478962 617747525 683696311
24525307 935879209 697098512
880730850 897097535 199340337
542516126 314018268 674487728
261252840 767749713 751272364
425827713 93558562 999777249
912519941 742344638 947028785
670489397 294346660 360359517
651688213 724373483 96405793
226777641 414774828 175515992
902092932 713374082 363092664
141428887 768064248 41282129
370798799 762135427 824052050
448073331 792095917 866387988
329908793 200195531 24734161
57469905 827311249 621351727
779617590 949555846 405253647
438655515 681915785 179353459
634092299 154111183 392162998
632399522 419516812 817277300
985637164 170572940 789878468
971638953 903741834 564393170
923728688 552506350 535899717
227370510 693411625 420256819
652664220 874120899 269738482
611625487 505581682 791131500
