1398 207 125
618972775 10530151 264901236
655774159 535222889 918892955
293897289 566032508 437982703
457286373 88011170 441469429
35226140 524879890 39053255
637530787 561319485 988845009
893515526 720479864 109441013
895373168 609429302 325408852
837284637 193951210 598493596
896041386 576273804 642592353
491302202 284583722 991341115
61121005 488377514 477016738
707290072 742301024 59393626
462468558 864499192 264503818
282923367 218359469 478796324
956576398 968588961 698062389
345925011 867815199 224800180
222356789 358265699 569390085
209023345 162346654 358725885
424758170 301297210 926318479
547826884 102388757 753324002
87469301 776511985 492389172
594989242 179058922 293181729
921440015 264580114 22648770
306638376 112382748 336643967
926746091 737349298 366898172
345870393 234253195 450638068
954921761 59722558 77952029
824750317 905276221 603552508
806084303 558382411 515168295
805433573 182255768 548639938
817672275 795027220 48718956
116954252 425326782 216447700
533550714 818861439 202250509
774492754 635863740 667188671
796693284 809839168 841539141
323878838 948385711 634392632
961566851 982457169 78192613
494265480 97883047 68621241
287472312 919416443 223455680
268988920 472928216 202493843
511950416 819247322 309598393
18077418 21220616 678028352
969294159 673198827 247103466
618705307 671829292 148985369
214225384 216120280 798107774
552100350 511722197 148657341
291114529 409775794 911132788
826887826 906385106 50045902
421132657 905632518 367519100
659020348 71129693 644014284
266230468 130810850 12714282
334451253 819093736 26379710
967909960 824145254 839576199
209258231 405271390 612645043
595748746 157837354 705879591
50003105 459801295 769120086
488338688 485311021 81877729
781190331 993406302 18233853
642123507 903102356 802340650
399271186 855770877 849212690
20151828 742502234 446768998
832355568 38675608 428624540
901825428 836596185 288079221
219754971 719123408 902590624
630888728 838038334 980893085
682945674 164006423 716689868
48131083 436455637 441860665
858478526 213631119 826196099
548743974 335814197 170748255
923275316 835710027 202345937
206459829 480097042 850377048
363594837 71786196 920031400
433516677 926853247 727896002
322019384 196567264 389815657
24280999 47343705 85629260
444386536 875892564 982887371
691503761 178300601 758745612
655873407 475320738 88047844
739713823 812176258 423966279
540442208 330791867 619950878
967967315 856999728 616862365
263585609 767313264 323363500
960570356 774682100 847854581
18070352 774586732 262989091
694705689 442931773 985409293
771050587 264474920 971388538
510069151 568292783 834845634
808233153 381587710 132530467
463467410 280190184 204663725
581398843 738249342 380954952
779696360 557995414 414729040
788333318 25190505 247670005
209055454 734024419 377320652
81109987 227688214 888850443
233674332 248367873 935895300
907066325 799544800 240048453
763678031 413431980 438711470
773149569 240701055 549203980
558444797 301851226 697116333
289099150 198117622 60541233
194795272 812316502 264696952
11392200 574248386 20466055
562346010 407761327 402099776
401584105 605330191 993475636
492811885 842337514 753953720
823914237 559185314 246811129
465005897 127071944 268468336
523297417 386109440 248100374
526649999 510830760 29471983
768542066 968426731 749050635
267040862 596607377 973213247
906693818 917463132 884553580
783601392 765724458 597785952
348161415 631681365 881097470
655668152 96147139 238653951
222631183 368328321 375480829
203899864 398971985 601703530
717101360 349691522 180076061
189762651 371466483 574350484
108661293 619727440 727239652
639660487 454878971 98677350
674646543 961789465 37965495
425941232 735354315 561565162
800848527 583390103 119275963
589447381 224582803 686563878
934311690 565850264 651433595
914448782 362215856 218896531
828467033 655847228 174945529
928555302 661997295 581015724
887191548 296087876 324274097
859209376 539566084 763524906
457386303 648264932 253291871
37938433 961083972 477062427
574150420 131438589 207330383
407904001 347568645 509235390
157234978 986083938 213300695
891755 91792866 282950773
793504187 912824565 911632856
619123633 250206168 526948692
306946151 371743867 266695579
711063807 864922924 224833497
169500767 580145181 900145781
473738829 333496990 293187052
851373655 235590317 697931676
617092416 434876013 376373375
854035443 903889512 547008403
903953873 837577767 49536823
293168062 245361946 295545052
664743678 300836370 760914881
341450091 4679665 924653262
171892877 901386280 896542699
644936418 417433366 448380846
213930426 806580719 422910083
296127537 442400367 436643779
780856926 304535871 944244728
211594537 874401620 810812457
667653730 252337450 522717718
900819942 820554011 646305036
395388548 366919596 656993402
95794945 485184059 123205461
951014881 59040356 533638853
475259695 487834426 533913681
793565451 986514811 562306068
922469889 280875777 205492752
158795815 207163093 999397816
183324037 456705985 309864315
13448074 755982132 570728351
939117292 992956523 917509577
605960398 99558379 654845147
645055385 102300138 846810664
547167089 651224503 46470871
189621867 861774350 440962027
675752272 848617095 273614288
995730011 376730348 208646463
436849863 530684218 35794877
31147253 479063711 261283484
89108146 507105211 650766567
886833855 638257919 203065116
377033943 21729395 137484117
585594379 857597182 548507159
123777570 328753204 506808016
865088303 635385540 974149599
386247248 647831917 992741098
815217369 494622749 60607278
874884555 302462724 944138858
291745534 861312881 310584333
958446520 21273339 402590362
477833210 907986298 74190374
639924217 112499255 146792276
326154702 55067565 841086940
410951715 197510133 599759785
192695601 593910811 307509607
521559870 153158808 928962244
220685520 629564993 621499826
951184426 275503658 588795349
569163655 464303548 665941238
404534483 798993763 737679498
267669363 908072573 659923082
884394981 188212729 342105055
289487041 28216474 953288902
700573959 552713934 94155343
693637144 801519163 540651347
581091404 497886651 409559026
338591767 538987576 893885071
514279395 181587319 559610074
235047937 713195127 989774164
956824913 79214564 32349166
328899576 881661734 412767662
710884405 179173970 462113007
589890914 645817987 86297370
882096931 649449636 917301885
191185329 505080615 176978358
736383998 103131307 667283349
995607367 547693806 82229339
109721092 446668696 889270360
643011391 883749081 462662242
766253207 993175666 349832683
127085221 266371512 480347462
547400164 65934408 750868289
380640589 476033415 893968564
431451453 908879531 394845491
95338785 361444311 982160351
172157510 789901570 373443095
130937849 782622078 670145238
61832667 662729927 738023679
175823166 207624718 768430926
419089729 276041660 693817456
843697320 948201756 17814648
313770949 556459043 33746377
334391616 97290930 600612062
836519996 938672464 513513478
836301241 402150968 416905515
757833775 964498802 935795536
888594465 249488945 215860619
3957611 600180645 166021508
883578523 796469298 641160055
415026355 62712243 616657104
120653815 299855591 69613402
443949143 19371526 882422902
460282771 256056265 376050980
294666087 938025493 534192761
594382565 516702774 425294411
347797040 705829915 791256420
914794124 18257150 104276449
783483520 758117791 265489680
253653601 915085953 716798171
564090233 485422203 467068985
240237438 397493669 75786495
148770488 600773442 970560058
582942928 164369458 573503500
906216363 980160421 551287462
372148240 926118028 610590100
163091067 373364920 209703463
735420518 416512363 477675577
615333383 214190272 272394091
442722127 703102209 235693065
117974391 753720833 531862751
348488149 26251517 489280900
218762852 57650813 381346699
980476496 900739670 842522322
954902121 400410473 217742354
768137046 453621533 988479872
814860947 460296781 131377667
467029418 744042610 91639698
507329154 59196584 892148407
650178733 924039893 218624529
780893725 600966533 936216915
481835183 86172120 681004891
592102188 491309025 65033254
5151815 150045127 923419419
879260389 763960253 121557347
746616274 125859687 959586480
485136115 520780269 843483186
237578655 287582910 774470776
841172477 165689984 557940330
286835095 624895964 40550186
496426904 719093095 944991836
516848134 403571555 553723644
725903365 746468487 84230256
848470237 31395210 319105001
558849816 887121704 245040366
300208265 241626909 716252932
501536051 183152993 899423544
542721208 74110328 40792917
796609407 563318124 347726781
796045690 665363027 994524261
75474729 612037652 876052220
875538542 721429900 998781848
180490790 957061228 236014164
607562296 82236070 319324186
224842113 60939171 339854951
119734059 778337444 661148191
837847345 121804274 147582437
978330424 820212051 240774408
570058695 195989132 175801956
599353376 56066276 294195943
344963298 4403721 440039680
122873146 960462967 966828175
873893073 370878166 847539085
291432305 997455334 336271315
534320272 582848020 540061782
697975726 859927090 145814737
360179867 764805421 611480593
87628623 160398408 386542524
695125912 207592848 514363680
18437320 706911042 134588848
222441595 728935915 667359874
685552934 288792768 19640778
428329929 474059702 957608541
147990530 559221889 240922565
790228732 387030669 260601972
908141639 585396366 448782065
54842478 242263169 798594201
292420153 140019240 950430440
57107546 341985496 824806965
134349905 957174303 73909375
493567814 898387001 436394963
62689992 639669993 305092914
950845030 810377166 585052172
528192263 125966992 594677759
289557391 268177747 669908355
508259351 234381155 210715637
320801089 469698809 84612701
235778420 805491604 661906431
591982592 187547691 635367065
544347130 870496730 36572474
632131493 637459624 290872005
79277141 980349711 517653187
803721333 396614240 501674099
991160699 688809495 295841783
933799280 135439839 992911886
37136521 87380040 987672677
635525340 697164248 615733741
120580128 588289260 126582996
692735755 451967219 679794775
941891413 465621460 741030080
78749649 103175928 588115583
929327752 626189627 488306796
882942506 778398760 68828797
920190272 201379229 717657411
131538597 283649578 43931097
134019583 511753196 397801136
277448270 505353396 401346813
773608748 79776167 990114994
792013653 925682084 598782155
953322287 864351477 102535223
365502051 16159330 599776976
237385808 602154688 834522470
10392256 674458994 83504965
845302755 512571641 56137522
809366998 539660692 954885244
158867045 483824594 488966230
111248599 773286727 125271763
478820653 686946598 422387992
86866788 974639759 669920727
39814774 189224158 171267337
835529109 800162824 712334953
761715322 522435720 161147543
596387205 978925201 420097031
498681600 468599003 626137947
747329850 1559731 926649843
546533946 470330257 166149774
714106809 907231753 147734333
722104009 747978626 889190634
808967335 535625016 714225703
833714263 894261947 344057935
270321091 419245134 454396037
326916017 211747691 212037614
253469158 284454953 630878460
824811585 507291378 550005812
206335158 639412535 79072611
517695434 412810629 153649276
594294769 990545779 716938966
564628561 983144593 20859456
446494470 315481592 760774774
309092555 86994615 420581894
2297431 191784139 13708353
303248679 895406352 541279708
421927682 430267837 577004137
942354423 329292707 388466723
132519121 782898742 18219823
389015833 773433846 642146100
126454853 23576008 43210767
155914161 267406085 801249984
102786680 120976187 100148995
294618046 558497652 797232663
446225219 63077209 271899630
395612327 559962649 461262775
390974128 809856901 99167097
292682105 38312405 291607326
783803344 613443540 247692299
69625259 295478398 367138051
732265685 153609535 241407096
391272859 54182105 195633636
533518185 952116851 895513010
460645439 213244461 424497460
65408021 811976655 704177880
215536385 664613402 829142464
42922546 630275058 315888883
661180859 488051774 37181729
989965657 790289047 380218752
283032310 183367123 658267474
880971224 476338774 40561941
822761812 310083335 961666205
207647269 455985215 340789156
201754302 622195765 990210736
782766645 262232152 359014607
342995443 234172300 43459652
843313649 171059800 397938718
234777829 831460450 893126323
495909423 497754330 760857727
898887476 681134475 518012992
396931555 444231108 475777492
569166462 412332899 273474414
684769718 346385522 880912037
554740385 856399051 956525211
229070036 227088292 466375766
784626965 497644265 163890821
844391462 487724561 290496102
917363380 796532386 964623737
46233615 823738915 440674623
381340152 885893541 572735709
346764454 200709140 94773492
416171158 850762805 868145928
340163279 213960821 946263852
780171683 434895208 422334240
525012926 848928546 560384028
950788513 343524913 149669107
730544106 986622142 776155260
979339668 417350657 136543505
469337925 846527629 462428473
304326142 800156200 940620837
925823916 243610322 178173965
524386057 794576866 412657537
423689641 960896549 691259241
556820882 284150927 629217246
115243753 662309711 935370861
997574308 432651264 6602376
496174983 923129261 848914840
51247354 498181087 678898027
659883517 717642035 992509503
388435364 229153211 250605562
131417759 960894903 818208646
37009822 859692316 288270793
98695767 876852756 78683507
896879038 591120964 83836843
737736284 379373372 545593759
101370408 346458027 746530622
800580508 546116029 203444120
417316170 616105319 737033231
349315882 278307353 686156292
403265955 117032789 26704891
368717299 319211887 770216172
474504766 768616950 223850704
763090399 509854648 487887866
251308778 450232801 828459480
433877506 683777777 32772865
399873141 960115410 103622726
316346968 773875741 872797020
487340026 517603633 285975593
792912688 921183636 908006997
441655066 598691578 365150086
704038173 188959870 23100902
905441773 357214026 138750331
911934298 767775902 506223170
351536359 80582404 23424379
816273921 306218515 368159638
190040793 575322391 56434895
140885060 403674264 219389603
979344747 266286240 61963632
783671100 722647959 588975088
833152722 956762423 447290392
629281332 836731206 35333079
787377303 362070519 818890540
489447657 665285997 762279189
774784192 32050257 306440849
907066471 417904922 712646294
434605064 614607345 750669670
35097923 278870303 22109132
324647955 449968373 688409484
203586265 791206781 784585189
898354927 322301612 926643279
937796229 169196864 359644008
942706892 804816478 16259120
707366450 829244555 223136399
356671513 198159731 77954651
638307795 328493804 110952295
997194703 870646457 814591780
959372158 954856131 757792728
4505264 222474479 265259362
52361138 198082622 547468444
959302476 869559019 609882238
930809525 732781150 367595180
352071713 925205796 247544168
410609898 696146515 511178438
219754678 562028549 931547980
750934171 687917097 723847782
610681713 586757049 254864589
661802945 208454075 299061064
464532705 10884885 987678053
239940514 130372135 269664328
866199325 758715952 410416496
453276710 444245493 812920734
381537462 46965326 582638239
889607138 641027752 274226007
319814163 866017783 151598982
130664121 711559350 910031506
760094406 272392662 219809550
184868457 865607112 528099618
792611744 41435165 925504720
388627989 407377998 804185481
54363416 601271344 304517093
146890167 933864416 609541086
961377641 284069762 433044544
497115669 557258374 483075655
172209142 146800839 340011923
407271914 279936140 356578715
868985113 863237729 710508071
809315185 279004280 235766871
970888060 195136333 601846462
395104271 577085146 627157532
436981027 411729979 361166113
712612136 199018455 825252923
349658272 203633867 524045985
361760208 195855950 868113665
961599578 415885171 763836144
654769346 193388084 176047843
533235687 939931283 807847755
422502342 85346777 951484292
413383603 234091459 364963926
291561196 260162309 945847199
982222305 261338837 724975044
356613639 605326593 116375524
22304527 969392941 671851386
777436269 401220343 903388503
426472029 589716067 883904980
834410763 185115143 876640541
614375277 400220059 951124630
566543200 991250777 39317639
350168455 790050755 307557336
851107748 631732637 308036062
878963120 701654769 464223417
743729706 550716872 907511079
685892090 672966401 301808447
550640875 595668248 655190651
519528816 63163424 20530432
16480429 252063901 433413472
499671277 896869003 326660624
348986475 61182479 239871559
832532939 599977224 165789491
722046544 351006069 994103383
579939394 953674907 66820141
802011792 791950895 632970499
166883797 24656305 376392238
708850314 890318434 81915299
919803977 973330764 329594600
28996114 434281930 315004552
976153966 259661175 623644585
976743658 193069675 387976372
158139096 218482264 355934729
920934442 403293445 758630014
150614260 175874354 319089481
629223072 847907618 493091967
669981451 13911596 93306074
722983046 433350640 7421764
72355903 825855368 916998924
479943626 195590051 4418920
388094696 794051679 489760936
206829081 499995621 965238092
89895717 679731066 666721271
129669057 48297422 356218568
123520888 597992696 411439613
821804911 139803005 90724170
202736236 466550512 781158282
479855515 669203044 769303945
202129053 818655817 742970587
667108107 726808435 934840124
412586260 14886382 705263339
570155444 400442075 880957464
512879162 765735041 390347580
808186895 429243966 423068046
537795713 352984790 251506595
83282258 12026528 719865883
518576666 891765337 278214845
237347792 439371563 968256950
384300734 750858405 755725072
805102214 801155144 867274559
59367488 65347496 27586803
261956987 457971031 898161911
648290477 353591652 526838004
418960953 726128369 298628947
752541755 303460426 642595620
709912913 643522360 199243617
497264838 636113955 782979348
923261386 880620263 258545312
451804238 168286037 170143559
415748017 328514450 961826220
268975123 362445245 942232531
405769528 757946314 692787135
84729644 255463826 388635777
391657645 656742032 814778995
686784962 838328023 974508130
507051345 779241332 352466575
239790393 992319681 390231402
742134008 556014841 158099766
104351657 14098974 738415226
282903183 363822467 209051032
417035555 809776307 220856694
510126932 271496716 694620466
294611500 72505606 599594868
736157962 776396678 135777207
118683326 462079027 649059551
745797413 412658968 994623739
484826364 297250646 158930563
839819774 585185626 735116003
729628367 338253400 669640294
278045352 710050313 151276664
833008781 317642965 353071452
401761119 827322299 155313864
417311858 445602055 746751347
877974427 506791070 944483289
843710345 563813728 789640216
551033245 746075400 548744505
178877903 815998412 684141150
922353828 279798254 125786195
709713944 247743621 766688791
178936923 555186971 94474403
408423737 559685421 483078873
786378727 946352913 864232214
289461799 461164258 825612882
530423716 518223436 859432696
449374183 442579888 357638415
996299484 283680261 252385845
936441737 971505487 189601697
333746242 452048200 742322254
281980453 30124601 579680472
888457598 820674037 424253403
953019114 927462423 637643672
355170126 205500450 669544285
536966846 57881573 189979283
138854532 859737759 419713555
352759554 596984677 378192661
9240717 24483896 426658607
567037183 306135662 866059752
702512652 621057377 402954851
287859531 388026138 894881936
148796153 853057853 871874938
65066109 975930942 194755618
686356270 479674939 889448164
956473871 846332006 841552715
383883304 287825274 288779806
298066159 700191011 868185460
351195781 176510018 618349145
237013566 977731210 768968264
179800517 407933567 115031443
378170761 932510192 975098676
155578283 356296419 210481567
872463084 811166263 104980089
954527918 885428706 121658448
242070819 797814871 552583797
755761864 966663673 705391831
85476470 999681583 635917420
802339310 234908951 167975109
6420780 841557538 918169600
137398983 684626276 472578265
618587217 854913109 316298110
689390954 85000030 785710212
580160260 625956941 316615059
371602353 804180691 999633398
676114303 160757857 792497530
375078708 348453713 342936639
57576865 8968024 999019811
45684550 347459357 255530281
757591999 188712698 783423844
37714079 591966066 176585230
112980211 198485739 84301533
345650259 29002746 671536271
261785797 189809669 963960759
580055039 215001235 946539564
595280258 277981544 112021289
60359625 882221619 32676643
639783347 953698699 48450543
396424612 5396149 224436703
377329442 538038651 405995860
445131806 475257461 473936260
732298652 157868047 334128627
648899972 388369656 393087506
698387582 146651776 591987742
440477434 31203324 375454191
499284901 605546227 734092069
512462137 458201102 565953448
84576365 746273261 4440317
639441346 514114265 133123939
617088678 470179151 669040437
684716983 246443043 286639369
480756734 612005049 452490770
356282738 516516679 311100929
450258565 713216398 893725488
26460582 543461851 893548278
844543726 357981873 874494479
662110929 395498100 57875509
140673029 767820203 316071444
889168535 810246546 54733352
507690577 579020813 523988826
384486868 496739696 33038384
261272856 138062544 877156774
760838648 944037123 872355433
696729527 304669826 830905883
788702931 686762637 563121931
466035880 434290198 21263473
195276724 234800791 750870757
788280320 158352709 835451556
654659426 107987999 50956498
107277253 141596085 445752170
466865294 479398036 300942930
528418003 100559802 450420514
707613451 713769608 737674476
644315698 211912533 398473417
335018280 630191496 924481472
813327692 15000532 820713739
964053170 9218919 965648247
891274749 699793822 463040853
974785908 92100317 382867071
850780809 305581452 37750497
134618551 302651800 299541484
26679791 130195110 727173406
421247083 824647872 539680275
431571587 898070645 941433917
751329569 929325196 640641598
501872962 826679664 916600510
892677743 461850885 152433392
657533623 258795609 689526446
82417773 338243159 168989205
386258874 649993772 674382858
445146569 26825909 484199189
212735833 195025627 994990333
905792253 583828041 640794109
587414983 311010878 550300745
423881098 31470011 927553771
443214201 881740512 88558071
984047619 696973133 299140521
467670514 183118104 777152999
644530465 503274928 218042353
984402603 828134496 484229515
499317400 771648417 710642364
488542875 462729236 451652178
437679764 980351337 124503313
464033530 307071314 709694494
718224785 267557559 557010125
840731021 943736645 46322696
71038038 452578595 180967336
38481843 481389245 13345810
150477851 870852225 965449150
123698107 544365575 925618597
683857206 902042707 578482212
727438463 368620253 197616477
9037137 873480504 638862781
911630692 121383057 810262504
834426980 361242876 124139204
401354000 173051266 969879909
142008219 444753087 60701281
195870771 860934834 242628397
504113016 322375666 220921866
710296244 610247022 707085160
716448910 101349550 843995754
849000744 279927663 806289148
54293018 755213712 107300981
920675936 801957331 455968975
356678635 712354480 975097842
991456357 408796225 315381796
207714023 340495147 65428749
19167138 755654514 262938340
619398071 526116597 183740566
202606072 996235 900644687
345953327 988283208 865654489
446853704 640815056 783870075
853393038 610713143 976972560
975601208 481407798 755939226
630706096 104049597 182393985
892706036 332781369 215050003
172630586 521523959 975861627
32920225 97829832 237868164
790422989 767584732 832268681
542694471 349980 138622838
96166840 648019268 928386832
743674985 39733457 924638197
454932549 73126712 435330543
668335874 633642892 912387473
11054226 105207780 425764775
143783710 753085872 996809270
149302250 713844409 598357203
218145297 867676192 905661190
482679341 381859900 855540287
986198689 793433070 41352398
173531744 738966061 692926610
292175249 381742462 707709670
968308151 207398969 286277406
344362850 833431301 91166022
481620372 982703705 928669019
485520708 816659744 105659689
630992383 356330045 437692229
318399540 115401515 448351311
917660283 561149296 970257466
119355722 725929220 892919378
878877663 404749134 317446898
128598083 155290340 63854311
48498067 782666797 363781554
433708613 490220899 875381397
548058208 540955122 210561783
217045276 596589061 478307518
70269440 366846019 616854982
570792596 734200400 520576064
907325996 506325055 50064047
440760072 248822354 747761708
893277788 76757247 222252372
551000410 996930612 669044152
71982409 763244579 326873284
625498987 162251573 599590448
927078301 240848617 217110711
803407756 803831549 224314457
60902477 407339960 278740990
221582617 551062683 564814794
66291623 587937846 40607900
469414288 345842581 780272457
417315886 346396703 147847699
291389385 511964463 163980605
446223231 988696131 969998247
599259809 934741786 999805277
573723406 137087507 9392673
224748697 550570508 27441198
671464846 921996362 815384719
466831677 236550663 679838916
798972718 188345117 585203401
845304966 496224021 157365728
912767367 345257600 297902793
994275281 548393349 303170969
744801489 964790671 123345860
882929712 44851313 322903886
955938385 383969926 726150865
846173848 791483348 181984841
280330373 756114621 407964578
640648149 698592846 710211745
897346893 935595128 830032667
309502836 31289463 510828557
219350973 405247463 335336592
184170382 162343547 23507946
818559060 493725796 452238502
906222347 160494252 919066679
959511926 751471550 229061211
428674434 515666299 472232124
149824819 484390912 426429243
113933141 375885645 156207686
450555058 140060973 776835591
963176520 368773503 675981730
832807996 645264624 713918749
155999751 118124345 192683564
763356533 840747329 837015127
760001115 780808957 817262086
925402616 722475161 545062937
103849428 855698261 954862142
755644308 865007254 935885410
457128754 169836441 950495507
826020350 343532566 92369101
355358032 953366096 656194888
957666174 286785229 461958534
568199405 263643137 162981819
238835793 510722818 887636396
228907022 787847170 618866670
9671858 540387303 266671781
51494253 256825163 847766746
523595309 665067560 592566951
393733609 361389418 251573991
858610678 432055697 998511750
562754838 601561092 827159597
609008151 533211655 350359648
269506185 759060105 791090840
71747732 270986944 725520584
634697768 9118083 126473799
280505796 141291616 538581568
909804075 661084674 561564843
9730810 289552397 452475098
440514609 972785237 381093346
674519769 930347256 4917340
145222 90771049 837670458
895155371 374930670 373482569
35418720 405271681 569027849
742915517 69304734 723461525
316495842 247999500 532515495
401615695 136956187 530379732
922850536 409979252 140524754
930224746 174694355 170119824
470717225 446639991 761835514
437163519 255429612 468319061
487201909 436004434 316688388
692313949 652296252 802815997
95591879 216473614 782935382
924889187 189300631 313917196
743392964 9052804 496539590
663023244 428364619 396151040
233361665 22878257 880957920
642375936 413189551 194434622
197448876 459273627 836658218
80003130 261452198 727641504
551348611 535542184 651378115
249141939 43552342 364269804
263958166 140692747 808470949
224680843 965009726 959402712
16682085 19136169 384058080
174203668 603191761 640160068
747474097 923663034 44091993
707009177 260404830 187963888
739643347 264664347 507665
7606719 90771810 817940342
449136986 582421265 532865167
566276728 792022367 926309978
852759271 564865836 928423189
375706732 483822294 365565294
942772604 33381247 43691930
107609885 81864822 535544830
455085987 499376011 190705481
15493187 766251162 843779336
188425028 775094162 964514897
59103511 490403607 722820942
819370648 19980797 812891566
550601871 987694106 847590917
962995505 76604701 950334624
304004188 424834539 333467078
554117132 225974570 809234630
876733267 676012853 73634493
61374409 471254237 501557955
817117214 902145738 174614427
255296206 799380438 495181869
126640631 44367421 765573425
915309330 896176169 444744465
543950869 38937920 28757311
870864142 872496173 469685879
91024667 638946144 282240568
817212043 116196807 932462314
438327559 467985040 17157159
301251971 979995091 817844129
894120866 611308867 421268950
650852229 189411471 60686676
665050752 787724269 263282195
996973744 301505194 71168590
650586513 472977126 200873981
454604389 17761845 73928855
647637971 30079695 590843680
718779935 995471684 31341085
66863201 970185425 366895629
26336189 275292319 998729886
814449551 145003122 632153643
657798396 983675430 500962927
814769795 929571961 516742447
115928913 275686600 920697582
378450825 244883386 352194376
927869054 843510742 842977377
759248951 170203668 642152862
860167391 624094546 853932799
667499712 164560207 53879652
63207967 481572943 691633711
310497689 281078308 816034329
989767756 515412654 409075990
834352555 463969095 335862313
600586843 988997841 898236715
324652277 133634371 454729852
891473774 137114419 360144770
296220116 942273193 241973434
216709769 897614388 569368955
750658505 368749637 251821677
797445015 23388354 972921179
337617186 663983060 819304566
129597083 82884954 933460328
948363365 77329227 750478920
976793543 418171037 519443232
94997765 289938603 400252489
560618635 227362348 413820618
626517610 83300003 853834883
770478209 347450644 872128429
171453706 700708688 742451631
123019291 214835202 257024534
784767190 411964164 774673646
197017482 199535958 232064524
787864617 521275353 953987537
873133494 785729710 218022185
706221775 457028394 818741432
275211376 980319918 279756381
898290952 508966334 992050424
68727638 483106402 649252231
696027754 569772007 13682386
459690143 472258152 248025633
253067937 365241388 206392155
239944028 822935275 193320636
726703322 811373030 151230039
300914102 398908017 458541336
184587798 883749452 373784699
818365123 620996891 275519731
119899417 336523343 445187460
759885819 313221950 954315271
876080015 799974129 881747853
826697273 628585750 142343635
844327849 352467476 983715813
871852078 21606012 856982043
526773982 131574420 196401535
583135806 93025843 538375512
380748960 36267561 889146972
701901402 662626613 463066631
502899335 766062148 20518317
752516186 308421907 398518148
358856964 669388936 846824739
78755108 556167243 814522334
439900473 760249058 142704370
38783212 963970429 805004253
7957318 2339611 713320428
886954127 635065177 11744177
743714701 444825208 700881131
872786936 774578143 792675765
143660535 210763254 733991406
404396067 425789244 759169752
206958144 233609939 666988121
42264363 889239071 339378486
195523519 706202710 585461438
239874865 880949604 218103296
390334766 866695205 586172269
234331156 40013743 245067989
957044933 120784493 573576408
260621553 941393694 944619929
44219295 9748293 188382494
852102730 982986890 93340716
21835879 639052988 529182788
962904328 498910811 995812246
221405581 340082995 529285413
606180323 911277336 474667081
300748337 199324359 665733021
730458385 319659493 172745211
466911736 547857157 814649012
910616401 572545949 200849476
359187195 374095620 163172372
935822861 415571175 661867235
242980483 521964441 697108114
389933350 773772076 641307832
512850363 275021164 585129391
608652664 181445632 884450672
425917723 225752107 668868675
287667138 861979447 620206474
277907967 693541604 538074559
913282840 135066273 539666459
59726922 503405792 538645525
581250861 398450340 24776342
98718677 417916127 298456338
115667715 86530570 39113573
461701875 219231282 73354526
105713507 962434981 279906170
431020776 44250477 893148937
682806180 404726895 565639076
824828150 44722696 807362194
707382529 148691084 511144451
387264863 607743806 229660771
361009980 813224247 116757497
902171123 916851296 892252027
792970631 714234137 896478157
882935904 79372783 596046745
734171205 504309495 334896662
215510984 970474071 20591934
572518100 436321882 255648738
327904666 384676302 449305539
767527061 414230432 448195610
645530990 242604386 215756368
437454916 241199376 69390292
566146938 827255384 960104856
647001607 718778043 347026740
922728478 887540946 666896846
831752067 680406020 300291781
523324576 141805497 129704365
224749993 627613877 61503503
485331115 866023018 423996072
269007827 279590630 587340350
535659485 737723296 899706587
851691676 323830625 115775999
571465543 569077734 591326851
630449090 694970295 892979713
404440091 805185070 102990477
729277086 331051005 912354110
596894437 38749629 838461409
771414707 968321689 319277645
872078905 793298669 508362104
932038599 942275183 215073324
816975462 973079000 487788797
58124244 608161705 564688054
649269497 633498852 633788003
444755444 191854094 62329737
602193703 13380261 985289162
219663177 842403064 157697032
375748605 545100505 192053693
393779105 30348888 817831535
687930966 84437296 777476209
251644067 394848998 129567563
528945932 832725561 490645661
913374401 297179816 808526551
281722951 30489694 939628827
387735512 51391149 345268274
368831020 591729612 874326846
183437400 96112207 173265694
439832712 718394467 814825612
848692463 445609705 403928091
279925542 106760705 903395944
543524224 951477446 56489147
498268578 395059232 211366796
736181247 636461856 249182118
925041760 393478093 435956170
26780254 464198189 665992535
927750534 892153260 777060453
987842552 330322963 981972887
786472159 467401328 441126587
464729404 226190660 391466425
670358935 827576322 45785803
68614030 473744115 533973412
626200888 733230991 365148567
599902019 246064534 382187304
190166303 77896665 928966997
168511476 755211794 60946108
436536386 630985083 130781615
148871337 724255481 13592849
340379031 248681142 70759752
27882845 164305639 929728156
854425184 527232526 818824723
924210665 846370491 392606301
577002216 640834361 726584663
510489661 710060031 528156250
399093854 343933859 422652461
445294583 96125220 732179474
732406396 71592809 430965488
35610323 384995156 524774890
317426734 755040826 409175639
417870687 351851352 808612703
153426657 547492904 470907088
249418904 138284566 576410637
549086349 745525749 919934874
485216273 941264468 333441944
290634573 395068973 904616363
394570098 781835328 233135918
286842811 742484826 430435729
812610895 441955457 847296917
282624001 673579052 784388133
427114161 465234578 493223382
545152230 363766576 950680310
88451438 75331444 727944277
518259110 904407876 648555967
388768056 426359274 337901079
905071537 616628860 591934355
656509158 200879335 625024549
800978736 185512579 554994718
753406158 42319580 528403917
305355579 855104231 43743298
163357016 272048211 884626494
416522281 311004412 734625575
999919385 392688624 776015560
89718504 85888404 54479992
645616450 344269857 152827385
590609383 263006590 936948279
945783630 361575873 485981089
638559709 546865726 330699948
130163615 912228298 394083332
287277402 923708007 38897263
41282615 61966703 164159840
539347033 426386824 108171714
563716773 133339602 936474040
76618263 831827834 184140542
656385126 974990045 27165890
278986080 528088515 525699929
948238651 708304210 624583562
545386044 605325456 126434438
951421149 418044534 786415643
560632776 726003086 180668675
720250538 365628215 769150298
206724210 965345691 104419410
985996403 351435961 240191262
35976261 547332846 642464372
206693198 850316504 962719747
613084363 897646926 733601204
26342488 966951464 14590697
39402053 649035803 301039102
865035108 818022642 205345256
866259200 82977242 781720142
909051735 350828135 762607325
110074804 320390382 590384735
309663684 893382570 814412981
968749637 379314034 763068123
315196220 113592508 746647836
806671866 332294077 39661269
736781152 506642725 258323174
231917095 213390116 384769748
809399048 790480911 623586751
387778699 774505931 113558411
45590964 345169950 361818227
809582257 654430862 690476426
313562200 78105237 330598458
822111933 770686908 204871680
830108396 543921359 308029623
987703786 827863764 794691547
61294794 814362966 603220914
665187048 290357716 829457655
241966138 442852391 962737845
35812512 325575973 545110126
800600933 984446893 468325423
769586868 257391391 537766068
87771471 375387280 219378638
469687197 816128584 816343995
712379596 743841637 981935502
430920860 945623422 565042288
518791476 104827334 995154826
707429006 98757710 479868207
774589386 475918982 730308655
573704416 669992819 325525130
42271624 578777193 137093719
139299582 999250673 503541398
683523021 889846701 963184568
926112691 99112257 56110294
554545132 897548930 103619898
738019894 558294971 81851567
701393547 46639673 403325432
414004780 735642134 950396996
688567225 170610736 33913772
38790800 164780681 863142845
23795832 278923318 835022002
370787185 532498020 65069393
772475014 873379373 391322011
743401794 895359408 562343232
391062993 173861370 162327401
574841202 490760535 73105020
912835490 676913757 388266021
412356936 3752030 375950007
343321677 290016040 862891570
455443871 377912768 449904681
414861461 337740302 770595459
849373949 285171910 492848900
504281391 6266011 396000701
912083980 578680156 44175042
884617842 897362788 946121499
461771614 823901269 719989985
423803124 690595037 74678856
793520141 863440788 11025264
456039909 670961417 328007493
749825859 555174264 42138955
343887045 611770401 500178533
859048214 408347426 409789703
921427012 524282173 784384532
127737711 293226421 791800052
543977272 780250801 245443453
943155003 217883346 536156873
374044010 675162031 179135988
22859720 575116288 685078877
675395747 856953332 711504279
460727779 323748147 725020250
858687696 904805616 776451551
370909064 107303235 413029592
430739747 6911018 126106754
885239542 471801064 43897972
700396314 133802162 439458552
754621366 953829138 701795193
752402833 782625492 845260349
358777907 342866105 694105269
132326183 668108819 304972287
142823065 439520713 729546337
633971703 722458016 684166235
272021129 27418512 567426598
895729573 236041088 367138323
898183411 793487664 857524036
26220929 76009490 436399644
724596961 207976426 254656739
541921401 238348725 583491643
753198318 767846509 395429694
253047281 843534844 988739434
167784179 930552732 217581245
978200428 582164241 361236056
479813843 702551644 492957727
752424520 770583771 37201816
860499135 578321687 413383397
986790347 846248509 547624992
330842627 480808738 803988543
951920501 486149244 317016895
204937950 468296975 41945119
826708206 534398377 559702686
812697825 856022059 139810362
915344224 932310044 19924002
222279922 808742746 951479002
735692361 752639479 626172472
264909736 95515272 926900518
593328569 889026992 581967656
230610509 390216222 351412731
490577839 121535172 680564652
604301224 322864724 13060575
163048794 47246954 645255843
100142789 321704833 483779299
518477325 241218090 469845705
436774095 52955073 1858305
82623975 499085626 990937908
803467877 95665759 266774577
580332129 482138622 474087927
760076220 184287816 99893061
110953374 436373494 216657880
543363074 508410500 86435752
571820450 204640261 499570154
178644875 159893778 608326169
663720995 859894406 951478268
295338178 670493266 756446542
514314722 177266779 736495146
782811498 548039666 957892170
907542372 987380818 623119292
558235517 270206664 250800499
408777819 450026572 732179521
462994660 720051457 726421667
283699996 562893230 438186804
444635943 270656855 238584306
892422374 540922341 153709580
806939934 180680409 606553130
553844062 453713699 965534669
838186511 210052481 112493580
372915108 503794418 49375143
299237846 969245291 905053644
712328649 70044854 829872607
23880763 473848522 673107757
193096167 17301163 837916982
443852786 986205279 429764611
120691162 250480251 176973280
889969932 367141724 403099917
823641749 166490304 334269484
569499865 827807857 23272933
215628900 980349523 789809833
680159838 946564845 794876750
787009865 680636326 710951888
105711403 186562179 186364247
868667095 748851944 634239554
656117455 24430432 9324399
939798501 369495236 990442193
106261771 322942637 786865973
86283880 287092596 801697390
388082408 189031521 600800577
447319377 156844658 354778795
848857870 962309458 249914803
412901478 531784649 933718349
914399953 675909587 232271493
33854232 103655063 901957453
302542567 170910321 662166057
152034223 796111047 869662056
438274988 429441212 981186404
266368556 527776395 431277432
744912061 561987251 365347371
105282618 135105775 488689501
685999551 93039414 239088678
407968708 731642509 529419440
649220424 739481648 66170689
736303591 585468127 213697091
498138829 979899210 708103071
299138989 521554191 871887386
68365237 627521049 110678149
15819650 433853927 908627514
85664966 490014467 431957833
886250626 705262558 63684008
799502462 501287393 874065135
954328956 766154718 574075904
194988245 681762005 167786672
35390840 428393116 763145461
593454983 452147585 158715385
365992139 621159254 381075059
147154304 33414640 864328216
272823983 258101359 46567524
907479772 364520353 384391661
849837950 981276926 774817146
552664563 878872871 472532129
672545380 720913743 504964881
137175460 443696410 184879788
982698650 69302822 481537786
64482464 238700663 518039553
697027560 701837700 429076794
480037100 321475351 395454810
327579126 535684028 802582966
962430381 684344253 238062827
646424168 112166737 622376829
590426663 256255149 775539250
222699773 757278018 83197044
332132553 8100153 439662124
297750862 326723731 888134092
820294484 370108199 426100593
452831681 183396053 840257857
318742445 905911425 813604074
601604997 941131946 478259033
807888286 69924020 79051694
639900696 491091970 389556945
589671969 241007553 225302717
581818977 52249231 932580980
708365067 79114508 89644255
803876488 48036026 189270998
999155555 597222981 701018162
818423100 562738252 612341454
797266942 731279090 639749184
790759016 235796477 940751981
257528811 879167185 89972857
11862312 570745046 366740187
711553308 934671443 733983910
752485000 573028163 507317825
908620413 764196037 117408003
907674211 217900630 40789096
641334229 474980538 737204456
70280267 729725014 176650335
575239806 54563486 375168330
370648970 962683763 233011453
180693073 406465310 842477112
309809740 14021331 538675492
671859590 325029085 301633937
6822253 978599153 23480648
64093290 627491999 588026417
750521246 430402812 235891204
907704831 617558177 378629977
693147757 172112600 710323800
922280046 277341544 160475244
831863054 923204880 608962726
517883719 827518627 624604365
855317222 804822028 395809564
702857252 85320160 933859775
52873854 833961748 50920381
252346728 24509022 662516086
404941383 545744946 453823395
898364434 405308521 843966159
783094144 422024889 716550362
883141065 947921788 204123170
220333892 255529051 98820239
640750501 255333942 400481766
374296439 753922914 535076302
234299781 119571552 679329762
716138239 562973612 256776032
298363316 165161427 975967411
810336525 568322461 981499976
512195122 713999668 843192077
76082404 338969963 861924724
359443627 272544995 401506699
811391351 169361836 637718660
164277276 403468599 318622063
188577509 149106565 258289906
604603009 639489167 362188015
305031231 941588718 45388055
580381336 815986014 928292380
718666486 787363135 242450200
815505828 841622582 266016360
243334894 608396627 217778927
780178582 405728516 595337481
686255649 73711716 241403679
840155921 257905211 376922051
754323508 330631604 760128569
729790676 542406652 319965949
540422569 40134607 271493379
22356212 180674395 129725459
485168035 189033646 226285995
316723838 532993353 678534670
855758057 840910198 879441160
176025758 89127300 521558300
670263832 399849004 638178744
63423919 657511022 559448527
756706000 358853812 581025781
514394946 730861813 423420677
321381503 944114970 513036280
169823985 972679467 450375555
447424359 423422410 9855517
522736045 170507673 145080413
405812940 276951118 218112271
261575991 468543948 193673885
993888960 246113997 695992684
81613855 844131100 720502524
767237102 302986290 659277677
759283711 682627871 219359236
666866008 724260599 923906314
297320472 890683350 276843115
345154492 361170831 770399863
394856235 445510333 532034552
455220783 473484495 11859611
991220182 108514011 702778011
427939316 542911628 456205533
117320659 850602845 782187801
164987098 111202120 536642281
454363612 146285266 469341127
649149228 368571862 665005071
30904293 99377706 862608242
579812796 409998409 700894541
346723467 759865297 105261288
654809237 179436914 694785826
579409235 141715224 867336068
604792094 624122368 164038630
572009735 517386369 12993052
19385290 793559736 601556676
182695445 132856203 616331300
455775929 526095878 658217859
980402725 571187632 257647182
114893531 132857470 990574439
134295255 221943372 48388179
216596785 699494079 970291344
617867153 226333050 805422600
483007225 388261657 115498854
740916061 780907885 639973979
186266081 22883861 200558493
387563003 218622050 758985372
986814796 85920169 458697323
690124456 789680965 989283587
899472107 980578242 958204396
246540046 466847071 173569802
493172916 985235214 328941949
531699505 554226124 622641716
85154610 308949611 324479061
299675631 655727410 650299530
408793758 784068124 12922841
691840424 792507883 327405697
391173968 545357796 13061537
457587380 59358842 631627479
945159569 624289677 533873614
935805375 657320398 652442607
817871795 363125322 997448549
222179069 110636356 789054500
595612989 754214367 935173879
950973290 532098186 175579599
887126249 961838457 908161477
345423614 395065782 90246754
85597761 502954145 752264873
45580673 814746231 272809621
76403125 844089444 352885352
753884661 791567768 660715766
829760649 418744685 722258916
732286279 741009924 484803555
550823125 317651424 512170238
680624173 269267127 113036690
74765211 846415284 897039455
801991382 247900187 768604289
425845474 214597955 740230944
333939168 556829410 165783436
865125541 770203822 723288275
172418350 388766032 656449642
345178622 676240036 959331206
529789945 808117402 304008440
653725215 878065495 645618181
888376005 627677414 923585346
653453500 742199901 47159902
706402783 695590243 218678797
301594871 971483799 50719265
67779605 295171676 990036707
829778008 79404288 601796896
294107193 643972160 106856704
959410436 729367287 816528440
316579330 628485532 269217809
344947180 721417718 785988037
361443126 28460100 539508371
228036425 273816428 903460120
266712581 411990503 238680545
113619645 443280847 684015396
17511178 483197801 103043618
228378076 401095006 600492501
20946642 596808272 548918535
753057350 127834511 623793432
825486698 193440695 67472725
996472153 986604883 439359457
615148007 256725439 765126409
584621898 243980185 765793399
921176243 476473098 76206374
795905826 388950334 765588421
714071326 422728729 121726750
262980666 999385256 770744111
384446986 804969338 26093199
406688578 901789060 511344301
208412327 621164506 478077904
858083157 379057275 130035120
306675443 394669148 992809352
57639538 551604926 754154116
578163966 745152755 706990461
400834311 267052507 971069238
685182284 289583739 380490745
106714934 875324212 838584109
70498129 145054518 75799389
509310843 77562127 167493268
577597146 336240928 513477026
337765603 737303785 790886492
455658756 282507607 629065272
421691833 39874237 75019001
948452557 506876875 401740108
929576626 534088619 90201369
910999272 673973071 702780465
398807249 326388209 919690723
886121668 172311507 571617600
410934741 360399959 348472532
153253723 402411505 563421839
86038283 379772756 986858648
181948898 546012566 942840571
499045066 78960208 409042873
470180287 706395515 906510986
764788640 555130740 549217064
953743597 138110327 348422770
939677286 50825933 171692175
168565973 30888861 661153633
218241699 193875198 902996316
305302833 315860226 137658850
915166289 124406954 725219862
876606305 613374529 288509887
783470838 948638013 463073389
264570655 108873450 429643278
397331116 878468087 235897626
348810641 453877116 298611342
65028427 879705614 170195884
7555862 801574655 696162047
888220235 690427231 137332444
158350466 25943559 889301356
938144675 739709214 545172444
631305055 680739992 720109175
590305742 91902589 721176491
443561064 892842360 160450495
166683726 557464229 425268255
955774604 932238522 700160802
686092442 783169400 631458669
819192506 218208049 286361826
198517464 697551455 306137491
116526464 51216675 202895954
495204562 401527259 879023649
784339869 285066065 964569915
953643144 890617451 468427787
734777861 896078354 802108500
67111655 721902600 543035654
822308304 453268884 954693201
584862833 453082476 305906212
557143347 571508755 363911538
857200809 783071351 910389235
165986996 662313881 533249018
267355075 282865976 746439058
376249349 394636895 765135477
720330927 170317222 410652522
197992533 647001617 829288606
90245362 667610781 712074242
205327351 733826208 27507947
679664767 784492727 926835994
760966062 998132327 666792272
680384306 606540845 184938171
231786716 772029551 315391954
518067979 591019914 815722749
443341530 864960708 45441114
265435675 833567257 927671100
260766131 709306609 109140064
422199863 226675242 61170117
313404932 322660206 943928784
202142261 391250644 633625504
495305130 985934617 925577416
518712983 918278000 139133937
592174504 535693914 916246198
761316498 246081768 220223282
339618471 285013684 901914368
282668268 3975239 206801234
579464408 331703355 386080077
575311764 359858682 458799692
99088066 730403389 162764928
856781292 99594390 411338392
500498292 605499270 115282042
958682666 824259563 716912624
639872121 60261173 710167189
146499477 728724067 251726033
97388065 615506645 689963722
214364108 874774408 996456063
818681965 605069417 302423635
302888302 920757922 486183152
787547292 584275604 956454557
610548406 480122716 812992007
707503407 990337448 777301859
922670991 600768204 8396827
546550502 585053717 876395940
28725374 351731045 422848353
400616830 147154322 650800996
888501174 211338436 490269851
720823833 248611461 448975156
380016359 564075713 475252476
603099848 576099203 560254203
382041598 921200272 991754484
255052551 722340933 831798622
309280571 824590903 555085180
529376533 33911356 827006428
540297623 640224060 299991979
400828932 84530973 593585917
869803302 557232553 674461207
779214175 855979794 330409637
988178981 903843726 256471973
938776299 358906065 757722992
352334101 147153637 176542926
808118603 448392811 354234425
922031839 689394345 959590636
423643596 870078088 840699335
17723997 715798249 16641089
509338315 650242028 985229209
466751229 381612062 106232474
18648773 712560302 95810335
552585094 589845350 495642770
44409153 25819503 896538960
993194264 596796032 182781323
773663944 647394992 989379454
128973196 576867473 905283475
755066213 46741269 905142027
776538295 795303630 843838301
934872363 177065749 355549044
137672560 229622473 889774007
522936376 632464907 454002893
273558128 454947766 87494712
492349403 19410736 450638253
276310140 217627442 821856284
963331687 779981466 293682906
13697919 888034921 559513304
472107784 621555930 422653912
494345767 816579608 203570657
596128621 5612047 76614937
453170712 734860021 230131127
985992612 184401404 59048130
791751402 271507371 852749793
231107014 343750321 393923030
237641613 185833231 6066007
330761788 27438977 824121869
726193597 120832154 791159461
283225629 521258969 754686391
448156971 981175882 15305301
263542755 360634987 216679564
706853060 794963074 743233339
170541881 79076822 224344543
547385266 561228558 658869075
862904932 568976965 961503160
139375536 251318929 395461632
986614265 363117284 375534074
477391852 636419220 506315085
636923356 211784801 193995403
919555618 80794863 150985448
52248094 253005687 518279993
847726662 234108845 572922542
329382631 596820733 514293778
