153 43 2740
438107670 465659020 470620162
366756392 185891756 636466055
595018636 460669789 839258519
480943845 764751513 70002567
715474231 425018957 449741061
239889478 652837324 124646627
220330237 813409568 812470412
802918591 446365412 549645134
726356004 58665348 363072128
484176539 667928401 383915011
719512439 75147995 319248779
827249344 824929245 1828774
667014525 226252536 181009385
735562669 484294772 336945831
810911951 581984669 127927682
884724120 326408789 540493303
970379489 581589210 53371082
298918195 787654660 682274235
675345325 122403826 540787878
786416553 545672441 933533962
660380275 312219718 663214367
906350993 953499329 500542020
740009509 450289693 233853923
457361027 679849652 784130927
962781043 469874812 370082828
45455821 195195688 54553840
857757799 786772866 353764693
901077348 501810535 147159805
690871201 14586203 444842652
15123154 665378169 200717259
830615871 182385929 953043283
609816435 421485165 626552206
943270008 477813372 357629238
661748833 209599497 233393304
994287625 31697820 744070638
971809259 794358095 64653741
492660868 941307739 55284948
938679641 880558685 86030388
552501277 916188412 140978287
102010980 371379067 804262825
434761860 779132766 57007181
922815475 770942363 119283378
75529381 404774708 232292352
127277593 585180313 582469956
254036785 440459007 19110628
912914699 833148181 580247989
435677643 135806825 15421182
568164434 331100353 273598217
425176101 467706674 550473705
830816279 86500068 182816429
679146081 240414404 27019299
870320140 122533012 624908655
242393260 174949687 7250630
962001740 245224838 93547700
769538374 65446823 115379033
630233586 134372906 43741080
349763071 786964154 673258188
421241484 670182416 979042884
823950008 397115696 99071264
497293612 784494592 257376142
709572306 743207094 57364528
783835822 196012527 577372034
871599507 26687056 982324485
755003660 522246783 243255443
582669822 636700529 387629714
441542565 1226328 133434085
454925223 705306279 864235143
935393786 411236000 705153334
172122920 783953617 493031148
295856350 335507814 625589828
392686196 927748385 760166539
214032215 261666989 216693392
757021998 603810378 471748841
244650592 574160598 713385365
542995806 613731618 862335450
293024951 219708042 642624691
961226453 940390135 271504965
218633288 941194996 207865603
130482327 440124497 432468380
527800249 67808668 673679092
450187581 62097010 119245320
481713150 802410029 894725056
811743626 326497198 656969037
923495098 168056620 934373465
863646101 249558392 862921686
928732021 190589180 824450968
220474227 155021107 164450203
750325395 210878642 238624474
629689408 757034727 419611546
665661896 959827138 974996197
257886691 411655320 848947219
456931308 596688512 811096026
739081209 569100280 257711792
526433729 550861442 411049207
825796961 605446882 709799322
793743940 890466880 551214591
49830563 124061138 251585948
625336502 129458282 56294765
912354487 425520569 839604038
240772380 919339713 755140901
377309846 443221559 488535643
113160319 384629991 687912158
337566632 174641571 750219635
880183605 715624365 278395685
339468763 7002119 6135945
795000605 516793475 765621998
550903473 61070662 605508094
119332385 589664769 966467050
813031608 995953919 765965171
193073257 771824361 655425277
656771194 536803712 890552894
769217216 976272580 147355969
112100744 919093457 877640793
889208093 289993671 395778132
336672342 296455955 347290110
562077166 345511436 64704667
201809244 403346912 332445845
565237175 902101381 557279232
517973578 797306168 806817272
650387892 149362040 170264931
796572601 421632321 237280761
139844702 441598046 655439319
74363441 89969776 921475447
783931229 553948724 593737170
195266608 685119829 215764531
863616445 272514298 667506827
843509531 625753581 331930945
276384530 837318942 337285401
103044309 566582313 516947355
63404409 678903470 175205946
677256299 7151300 331588058
668522734 357353358 881202544
11924983 196696636 832319176
793946000 364357491 339207993
482228922 882674627 960822031
61525057 180280336 923080012
198108307 122010567 828406768
135811810 838716716 165799592
295665080 620386035 646180771
222107382 28999888 828787379
841179428 365365018 894720536
882924176 479363495 351475863
998001599 814232646 591634926
412832653 334911231 312167969
420892322 290785122 485955360
720489888 390067101 520568977
893951981 559593098 522608202
357770728 677111078 141605871
818164 971818692 535638150
630021303 565016983 993627438
33823448 553549439 229536919
182066239 496558130 543913509
354909107 308999308 465873756
679936401 889397028 390452509
64538522 620294771 713834519
795317967 149870526 720880362
649002384 69310023 429896400
383306026 873914236 663308264
159624452 935417545 316228046
952797170 53911521 485531598
400026677 43699426 77411703
568031668 867802156 983279414
390238857 627405459 467118512
897803937 48961901 438579653
890057354 502434627 809208582
832407171 525691052 993134356
607836495 873015851 932177604
656794788 70324799 257694732
692094634 652118051 834845235
721797682 509120965 29884323
412643168 168789678 894209140
49182368 709443907 615356083
424777192 546611605 511778348
455515567 68115490 602710407
586734077 573156865 61323963
711726458 659305309 66074192
961670806 396013871 937103817
982091478 773886067 357542460
674027310 739223008 176794896
264209439 906920332 798436989
138931736 557063461 959319732
735197740 828505675 67039717
403440324 501492358 273682891
15176026 213675219 322742445
444646658 416034203 483382993
705899619 449177893 387708679
356266572 595799686 70998088
49121360 156294202 285775351
26686397 364771688 855528390
754146657 184337871 508159127
779806065 909621114 765159085
426003346 780924398 863020732
779828432 930193680 306987829
346006705 550244692 921797519
606671069 747485325 661876062
149747161 265901029 740550422
556037608 418700904 156291091
705499185 559422002 996120782
6613336 580951986 987557390
467407479 485285118 543099864
549675602 856017317 167841720
186598289 303413404 884313431
677148147 946060799 150376910
617843479 252991365 416176616
362692094 936433218 605566264
972259758 319606632 584447935
537577095 346242391 481687172
287944141 367450719 76959411
558796276 778221459 395895749
384323263 579517701 443812633
391268033 238011435 257719767
873163330 541447174 140120636
493566059 31114140 510580720
551554353 99746508 421994567
794224210 300169598 426831452
881435152 463902433 708166823
241918483 247640798 995256887
947331989 62518805 700672218
455441982 280183138 726266855
411019030 423798764 373399625
210705101 280538947 890644338
558723473 564155803 281021740
119711959 949965349 170463022
539194371 366854242 373738354
614484684 872694023 626165314
871054634 369467849 280016229
464232771 688490777 723593785
239012036 743509390 255030885
247079969 919994803 919439842
886403704 16253816 174835956
112562692 769500443 970907727
782170076 450231341 76225136
816949692 329214565 703217937
233931017 245676639 472541005
962351363 773165937 444646101
433061336 958568556 461945698
477179549 988514622 778473950
518602667 827583472 562663235
897135731 222999686 840065186
739183289 958602399 121749874
681853423 261195604 670956715
910563127 246166512 603678568
895394915 336593171 542023006
749443794 961192217 182830893
123956595 194288920 534091282
857410968 236192565 489937454
219424970 586295200 877261051
293287876 401588627 33470049
201854072 593517346 245402983
71522022 126949140 954207419
356802293 422628133 393179480
326990490 792387461 347495263
345599879 112256884 702488740
833948221 757463218 474950509
505083685 567940764 847788315
411490187 632467002 583837335
654571345 659497125 555820650
218915254 757183829 849548022
685699773 137863489 182380555
813778660 478209251 650563749
751046541 720432977 936541972
33845079 531703107 482394269
760899373 565166501 559538303
365038537 558449221 77329726
834683133 454143457 798786959
975284958 833562976 859081189
2510479 40009652 848568836
878751 276510386 968520017
598637585 566548413 370898609
161540811 322980438 405111087
83927564 152209429 305299287
702472795 323785805 123467747
203267352 92528279 457803023
493507862 578303324 603914593
441495939 851773012 248456411
648058077 142552613 984700899
780225195 608938604 241102415
70930267 921403436 925580631
889472069 780032192 697114736
515410450 186377934 291546467
566817140 284989309 873445919
530931011 94849204 152087455
260303230 367784869 535340628
158747950 375586530 170467912
855235780 204037653 323687344
573000533 961676145 129879074
492467602 582051862 987676180
285782973 824828140 500800694
236570107 577754254 998862681
112971057 831732162 255733731
370651041 645531209 819882143
679980558 962052484 409484138
723220216 555883360 630275946
691374728 721710748 259490856
835181029 603892787 578859955
188791791 334806757 861891391
461956236 824782748 796439882
545599045 303626589 558110562
360586252 561816136 68346561
654986290 578531994 707327753
4639099 334944409 339246396
706094985 475808557 365208048
93454702 284641683 138430128
147291732 3155664 317853146
55075287 918327062 459176937
805489330 828989683 735272536
93449877 401891345 554848165
54353200 305188489 660591164
971911318 565798097 145610956
295869803 198085462 118493422
554935930 382464206 679554931
712472875 845641316 236211619
102632433 958449288 13041375
389129643 105003965 914855279
880395837 933512072 328526493
290948181 428472721 898297749
27237862 822845227 655641979
74895062 397878742 476129738
926196405 117056679 116953860
331389206 921476820 626883489
208398916 782018246 639806280
980999417 874041127 120740390
457503937 705769950 488526722
882987606 684480488 806163577
716617218 399047858 123022948
320431265 567685190 766000624
801245209 23110182 512714868
755509833 201538383 338973618
867541291 445895617 235455627
911144237 764923844 620970483
522990536 644217760 368574874
843639175 37811655 291059510
272306409 294018897 749847697
935618045 295683184 129299186
139283017 899897488 250754279
829937379 458477035 640881290
199106385 603196510 375600272
579425451 380794490 692285938
142060683 93145632 775547691
897729159 324123094 557452822
565693456 98463370 304345409
267152956 788085878 997512448
237073580 732670768 58319911
374896454 134368718 570343055
712001376 839427031 455508417
293891999 848509048 951217040
166333030 960820350 756816122
927796909 704795053 709816748
129587890 738769694 593293954
234947739 556903661 784142732
788675051 981334096 193245727
377441888 915652301 844220809
725791539 462700777 98579864
124675595 510874653 434934099
64665731 985840970 780385385
546157465 861559335 863658708
623025544 969276940 810522678
952931870 184092264 38161353
336675627 256220691 146976311
77166889 343624019 980954907
131059291 289662665 629432435
296565750 915427885 100300982
739916231 933802310 170646291
801324569 111883474 265199335
636793844 506809945 327722564
607673633 58821401 850375123
641245721 541392569 293733762
811301270 549570388 655523062
979744784 450821715 290610317
896834775 558755752 945054343
216552654 540970591 629464988
358421718 684780522 849456110
838274279 376657921 649648239
834906276 14120798 948751239
438825966 579205358 190611838
966810406 432603424 14303258
539775496 786867563 186409300
879651450 39772622 661839300
735457045 843862602 588628395
687860442 742911871 807793377
604962076 540198878 133155722
396515438 396410844 744244656
736953209 838055994 906700821
367863379 28037360 932502846
745015711 557424438 278883870
584399423 245331565 966985230
218039079 365983711 95593676
277886604 355937487 72609983
498432815 775148830 506878702
863301001 155224229 110515336
313356683 667425651 244337416
574115667 907662705 104509872
800167333 649968209 411618245
99003105 107901041 114506525
231592223 702211691 587200133
732945498 954890349 674554924
796449780 740769985 302869042
137876861 439482555 355203830
6266817 710659683 203225579
705683757 240208958 528137404
236433973 480421149 976483442
398765468 473715487 456640176
159955479 825494688 933006826
457099881 582279958 868614286
168042796 794118235 283610456
560151614 771133352 54093506
465312749 33996971 337416454
597502750 139423301 498580702
993477071 64601229 132659546
172011667 350731388 354554053
443865078 708973159 443810863
332827146 196855365 608451183
295099024 119712863 765105808
320939261 354637151 707756993
638782577 284664624 31499712
95906195 554688221 690234236
57618236 353262114 566509834
993846811 155446975 916457989
323041472 488013464 550543331
778189796 476868014 440378670
24205532 357619967 103877935
831227399 136594446 147989005
878900458 659909781 853927461
676175224 856474847 251201574
519624683 859724586 636694330
906439082 524014107 492563004
741196385 308076762 292082243
612805970 22634650 897034410
213198584 940327667 163539959
952746581 236984284 986242184
530800968 756014048 234890610
53015933 55880247 991484404
33301213 295826628 967948138
125607160 406741577 697932469
90271483 668906666 292401051
642030500 786663863 937710848
832455338 350339108 396575698
398762919 264360368 732407588
539061772 417770105 363966665
137210946 46145058 250107666
549588989 724518111 545506847
229847419 193430253 980268994
524933926 294204089 96772281
273537080 924400978 812161886
478252779 786619361 801324675
644207071 524274114 981460250
451509898 633471606 213076101
988807837 809437993 395448964
845389415 836968350 360661882
934219040 978186282 652520115
73384384 723471795 434690582
880026789 876889350 320776753
541895766 679874184 776848168
496833935 722808998 455254434
749284196 514526084 64914076
958416056 936824449 911514124
87496329 673478634 296190295
139122800 283531760 851948372
286656267 989853002 349407369
494122136 532538586 737352982
616532333 955738868 181205403
808797495 422686363 776075669
200506846 585272984 439373324
106492315 943400416 380212361
980451895 312611812 372001709
248691385 867453663 748646839
662426585 815335897 131099223
656009942 384140713 582379638
314572830 511162116 894278349
939421932 488159072 772391331
567328695 441957502 60919530
627944530 119465397 901933638
772145037 548902409 323824173
973091893 644982660 648457428
989283515 975518263 907604166
795237767 542422236 885368118
539691535 8361525 429060693
422070393 189706156 664969143
7940316 703575173 776669376
46593778 92837351 734842636
834149987 564214230 770685108
981715925 770855294 969585743
601731404 653320554 892773308
267132106 795078955 25875074
10713305 676184293 992637135
189994377 168916590 595189183
96379969 150505572 84405435
826104817 763648520 575309388
216297403 832539433 436926059
866496966 256129726 841303723
532060942 752855967 844682969
105928359 20521131 471498682
607803197 440329974 997108434
105162616 924903515 245868558
264006386 681924331 264733811
592279604 821021411 511415425
183289787 236918575 591285124
824882679 542502832 314809072
162861950 78378661 38900011
687842560 601162373 604328372
138565858 724538221 542673596
262951124 971287776 577979510
848899672 983459954 210651914
799141914 382109944 426561492
435350854 101651083 648910729
6299136 83186553 262574251
628039361 410908534 954213206
496223095 401154804 205534778
194747686 295420714 79242528
830986781 232735079 540921968
821360193 645813970 617207675
445470700 327824054 143997588
873017356 456868697 967462212
868287297 459430469 505754115
758989299 697103613 526593924
346411356 353624038 709266598
922332629 856079044 683314328
979469241 617161246 217361455
320487233 518465699 820688621
538205756 874569679 381163363
760951690 462047285 318084467
754494881 371334321 350954623
37332549 136639774 127720870
122497046 46279906 204145707
134333998 695236199 211731249
829183691 956954200 795650206
765650396 118331495 1591288
934206010 795631150 503318276
972618408 933067737 792053962
743063402 916682991 185742120
627103592 68881726 329936217
277020049 569830290 231737798
756013610 60309782 58346602
79849552 761765468 771427501
75454713 190312368 500230557
898539978 331167740 592364183
417893720 175958208 476618484
329029065 741833663 858065297
249784000 838743018 17962025
663207536 249480985 628085895
964652943 756377962 149503746
958807654 621651742 647848732
261801807 914137703 887251106
701914726 980101986 518043031
246763229 554873501 619322040
947388990 972540696 947331290
901994266 976733228 922800240
564890066 694439915 24765442
793473557 23591967 878785044
220642333 97874090 13641767
81472050 435705433 525845039
571187790 308597379 74092601
651426992 972385246 780474537
43220179 356465243 683971361
117474337 820429791 741702861
536372265 853672503 240671468
681786058 284402070 912763147
994470162 674361464 86062780
748358848 690742283 495288591
270268144 493536830 525618258
540152422 525027626 497549308
363428247 289967401 882941470
133422595 691996419 475713214
451908356 722544654 61607221
166890654 916183657 890862636
636773079 640039857 750292569
488213309 740355233 941047170
704054501 87997936 891437018
793979907 408347816 358777505
760269220 319371199 196001591
222427619 428219082 373774283
163239273 740271299 186043459
235274055 986833257 34420421
121373701 933741043 488280979
835033427 286994096 95428229
779573127 161088369 577100283
637343874 366303383 370483166
758544681 118888880 327284682
400797529 987653917 240162936
674464248 691234685 941793856
195280820 197819807 121047246
716998874 837011443 568746569
554049150 243942075 199474024
44346745 524593673 399543964
530574626 539836171 541709131
219573756 656048414 728225266
591236106 421925204 974930841
255491106 634695774 979922471
202888606 307916721 94765414
606263043 612466999 921504315
167202701 379043892 929376572
557323524 292544476 90276580
421055044 946833285 254810722
249970803 648976714 519236072
499584897 678194736 33463823
789387833 356533332 155711358
267874714 884939359 945011364
754155775 374246553 411823777
407438200 203483442 466609926
92774157 441146822 527588648
795898691 245567343 685699831
543511362 89779610 667786142
180874092 435098329 87883351
287297599 886008000 6303303
385209213 876547633 603583804
918511351 140855761 508855900
885568861 907782504 58527468
995940583 696779538 492032472
448759562 985237033 893322727
606813739 177265155 937281731
594342333 235938655 850485843
908457845 535654373 160109998
914952305 363841568 828985632
738696096 964068600 878579640
607948396 867991159 341534601
44256713 682466528 736165360
307763207 321477378 110726045
123567816 297689206 758288315
44975327 431154243 678837603
643256179 610868764 143953728
494165486 354940120 610619294
363889992 333786025 885907873
823233206 536157277 713467470
846118443 252023795 107644622
422363625 235935676 816484426
228686017 375573903 1230717
681388990 979548489 871655729
908894534 538016066 349362537
324180704 286224620 503388471
879230764 729463295 418617109
182444318 149764724 330279701
773816409 262326651 200182188
767594550 945773916 683154779
33199537 895811551 125453242
612017037 703638571 911378155
705938800 451263922 751179750
107759151 193632204 323165482
866497305 403506166 345163324
713393031 912844951 793980181
261673176 550591763 463730684
657915391 836203458 88517449
777600971 3343096 691067415
765952917 434971184 459806367
317844891 666389808 491035847
492445887 305749504 536682293
572065393 501824166 464809968
142500676 969342489 886152930
609048468 459997355 13095955
842654855 585527877 668900466
217207730 391400465 430733232
101852445 504273466 877419712
433031869 930233813 468978655
743758776 621727129 797057588
256151251 878947149 578539981
264735749 5873249 158110614
707883918 373244944 418294018
778112477 549573513 256034457
904339334 945830213 358537474
931075047 313515675 533998415
136917620 749595588 831899103
419189449 184895135 241260151
899277584 761334924 929034127
456602423 462868741 232090276
468292232 707209739 669384096
950557595 639504151 911148021
76678683 852120338 49661176
718585243 834177832 754625444
77108282 894569057 929867937
554569488 903777072 3637574
677608380 627196138 518313753
265596414 277537193 267380472
272538606 15187876 473675964
576648628 790067730 156985318
315121723 469644047 601637003
664042895 254204567 613010201
247536111 837114232 95324919
920834163 993660072 890452767
898540860 173874987 746049513
839471362 780113994 667036938
334796023 677906433 753214482
246057410 563715512 243218000
382238419 600206788 15301015
843543254 633414165 682330708
586552626 258596093 909801487
591522395 300162648 232982161
688369475 237079095 487145024
582710988 965108175 26747254
244838379 54708622 763672711
307022208 13276374 152201674
902066186 269357122 91604530
877699448 862234726 397835862
887344085 831426784 359637406
370813218 223295237 867498960
825543442 990350990 776205630
788708501 664807275 340534131
987945275 342779205 307941269
815029599 93637074 938135468
281578958 608532771 127834260
254133964 906566456 12436991
999677296 609816792 132642326
687187770 267941955 498225793
879810881 347981669 269743927
933300093 941947849 839507115
304341626 593427074 660189218
207570381 86699452 941457746
34243677 281481681 482350986
598876515 521628457 353644922
690739647 392522807 148512238
775737394 826474475 506646739
408220922 723909696 686145620
342735190 136028600 142210407
770726345 405512012 53478344
54209639 824484958 416199981
327123775 163086820 694386590
727581611 134765007 181242229
456741551 597440621 682331535
609095397 666003624 66293562
746065082 140438787 114387366
908502452 374057233 995271861
15692151 926234894 219702263
881779931 103260245 356990356
392634666 806739502 380366656
387447275 11536277 297790215
904885476 670562641 771491666
927517477 539713624 964392759
111070916 770820152 988763945
428192492 801780379 239448880
124926963 282843210 616739010
708218409 963749774 130619174
801243681 529082433 47957169
212981266 868579959 372276272
735371237 403627147 691907234
16904334 511180540 130291634
641996229 316530168 705955067
125535414 227504952 408079565
153571234 343425365 523685401
747380972 926411928 922806047
834337387 319039193 870400659
440660310 900757164 680437460
990108644 149446042 167497343
57164821 801621225 865564850
426882254 504209495 816105059
373698783 419456482 212406332
54137381 609592465 247079036
87240971 699591711 677095217
312484897 145884963 826595786
13644124 796019102 858526053
735889622 75471688 435701700
912942490 798947702 454759348
593469123 617998854 578055207
28953138 497332200 432268710
190592432 197871661 956493633
987090391 232731920 505698213
730212427 528991876 486282828
677233767 798743276 145982635
141535488 781938036 892998252
272848373 335023667 127536259
221036476 381836130 96944204
22413295 588466821 664118927
46251189 723654115 222499347
534613901 722304349 518928840
384131117 759267949 245605283
899320455 714226955 941916152
796533139 583453104 71974604
738211713 223115220 160665009
22920040 825671856 771172160
955725060 192374525 952861910
674402537 352899475 7939960
264245350 320568195 86800249
655764586 111944409 603215040
631346202 776426814 999850988
524175632 262946774 158258694
919613457 358068180 319909025
2123881 550188758 138716216
466875215 975402036 105832881
379794082 896321764 42524706
120421486 304059737 657769115
224349237 402484123 490720926
389959483 49887874 357329173
967075257 1578212 932856399
190633515 288651047 245325169
485971925 56541378 425540016
230085582 544344114 932889724
584409483 858584165 801797804
893673768 663555750 894132736
760504069 292856041 649977441
762826343 503041121 570611558
942560756 455625420 283744502
737527304 203492345 206680011
682316394 229182819 818426218
964045554 509752766 441500142
348331922 931385546 20893100
532699202 179302002 32821038
291919003 282516224 756930483
955046549 12054255 83947734
64737640 28127262 745696683
159288721 843242781 979075389
923693637 366088825 161135303
567039739 405674320 391225338
398663269 704867110 796196872
729446231 83257489 752814154
805588536 484029415 765783343
260703670 465418518 522188210
875526140 177679171 547482968
963563268 794627532 458753669
6039690 381657044 244470678
42711819 3406805 303032367
331661808 732431331 4423910
790066113 721008282 47084459
669250387 125542245 273963471
562973845 298714033 233175017
841464195 621143212 795878946
309182902 476774043 222556049
368230344 164542930 382380731
842987627 772223379 147763130
163430785 758573345 790741291
542392508 345335994 454533779
75444822 606041874 438117571
343058339 842683226 711943233
776541738 523039330 664546576
385943758 826573674 360008706
623404772 786582760 59437689
927723146 750075958 842341912
641178421 530142889 178040996
938338675 739388057 737626362
328731764 187369464 213274080
553325708 384762455 263070341
961448427 724860531 983541417
150297368 428996822 957981083
794500121 42171811 489756087
812109153 557561431 454935998
18477532 983376490 939648137
294288769 723685519 66334707
463891759 647950168 493519868
786410572 790234907 493036260
8794223 972670128 690666689
321438312 439756714 564969101
315231951 822012542 985006740
394593312 829602456 823770023
839384018 12675640 964855077
181239339 6693502 495277722
787586532 915285962 417993230
995686599 353177746 814750498
231979311 999902932 296859131
332804723 829926996 8137458
767337790 880611529 460890925
405769686 940525442 660679048
362953732 854095515 225465108
783969211 496840904 785495970
570057514 74043350 569121005
10366549 305971067 805929180
263277956 661421936 469371493
25142574 938211146 706551740
104457736 136128674 163636320
5374688 405977262 706133551
556794757 81887938 899948060
959287757 337332110 228952241
126753304 632465347 814891874
554434259 970545366 471019350
761743818 33027649 554020318
916828520 450667895 842499907
183484478 754200508 704536366
181372975 399520667 987808812
687654711 2689923 609724268
394540228 562800651 113260522
949138595 279103301 828670062
881660330 161794940 22870477
173700592 476019003 719764002
210006905 314798529 622151189
959702392 199390664 554458094
990942983 240287071 286068650
841352272 517879168 133554893
327070342 490176489 472228340
510919221 783591619 449866579
909085474 785087487 229764284
950244985 543113840 706504468
111999585 952236511 200568961
177018625 821157785 777405954
513002371 922746971 982691817
91130184 418357348 438346285
612790919 728131457 971855425
89399867 238685353 822490480
11772087 405131330 403878904
125306587 318944940 133742298
287760526 67304655 367966246
118162508 391671466 601728365
823127056 807224840 193768939
994292677 847275343 175750841
875624955 510067426 950963581
442021479 907066866 451438448
452087532 199113925 392387941
731233862 122855798 792385106
978045081 484832631 932640846
892327957 574267727 586843326
477590018 341238362 495274028
731194745 610184674 622750192
194851522 685961593 750645853
170043742 989000729 488699504
118347953 619047114 945751599
150761322 503274327 385070799
938743595 37362685 531571099
550869906 349305098 409490977
873108589 65852787 205273140
705742270 815351948 101490085
210018894 430941026 620091761
849510629 120471556 268997147
20481607 942841990 26934368
318804218 842099820 513374980
94909052 703802659 286284654
116146566 29749052 746308129
890988100 274805555 58341249
937123904 419180549 31144778
312746842 967704823 752688239
276574292 269472480 923809240
712173761 294961648 490619867
334158559 63776661 783690364
633778109 185707608 880595479
639258307 495143092 82818308
273110266 95985831 887805572
109621574 779940541 766897788
128883446 49812470 79122253
167485522 665218791 192123365
820444454 171288403 187337311
653858356 243994780 73591956
892385335 533499385 991935566
624897949 668459342 558559067
670727855 755382538 200287978
161924230 829118968 660928677
457931795 800749400 82148649
752062779 269234922 633026332
96880498 44743537 293936116
417360786 432614194 464649917
566772661 966532745 204208733
298836452 440511373 862377136
387317570 72741201 728166747
697708418 113518490 221485844
871400997 878891341 817840034
370900181 300940272 526046856
518863788 725858028 867522720
50660706 766657946 710597609
264626925 893953072 427741292
843461480 489433543 533879796
256149592 30111667 276424235
116879638 752579111 122243936
967133828 745688515 938001883
71454740 955102908 654597064
252868841 540276367 281607826
832617978 727015632 742086446
848013320 208661496 581342135
297943773 947559238 234533806
664086882 264101744 627737158
285331778 737796731 609183221
233188411 210385019 898199397
818783873 44498241 232803778
573035142 919922718 253031781
860204284 291967975 579615413
355141377 447856321 960537268
209088299 46926081 738062423
197167533 177291646 443368079
292811880 964336572 102061678
56493548 903901032 998916976
406517507 17588910 680966443
560666465 439808083 4923318
985155928 998494921 141540451
941440093 450677779 319862627
615598017 896508195 632846007
916519903 51511290 911813551
854641463 968527513 404031918
202083076 463161416 358833825
795664706 116534158 981419558
744555056 217522747 526212252
605384713 22188582 661876229
393714615 224867326 731553324
274553803 690068664 801894064
364367808 904980664 196193364
607069151 747453032 365015706
167565561 473235851 23893353
920069176 409914712 866761693
986333086 610424595 228438800
637382393 242495128 886590212
262032501 607685565 779119650
451494520 467670379 890847500
753369137 116116194 119664206
588213112 668461692 297961360
368552353 829299966 547172916
374033472 107937401 9419108
836816261 320749596 120343777
883707593 255657845 326463853
444390499 895171714 110639057
249911002 521886890 208215472
70127740 91297922 897463179
259268662 462638721 487995890
541227864 106189413 729533408
583889999 654607618 990663609
977064778 176334439 76976183
237243947 459814649 243468604
67235563 618233248 151589987
610245000 52164478 435061951
442545459 467154942 486185528
237657971 610270332 359386365
707741224 65296347 263492257
603220647 918109083 330662211
184485758 154099254 843603607
623058444 431915554 885909534
523525889 340172250 865710100
765211547 951030282 785226401
416551209 41359286 380162189
614307289 592742643 967080788
619938320 931534116 690639050
522956354 447467812 632930790
581536356 976975624 98637183
698692445 981191147 763087827
854497048 845887153 452986200
659044260 18113529 300864995
655003626 528869368 486676098
877263747 781337241 204501491
635689725 370553961 737448085
220142191 220597761 442031723
9853413 545314518 402145668
929586070 690932617 868242567
737566832 912018866 342577225
730329414 978639231 33913006
948779940 932843342 504361111
386677748 22465555 311081285
758671119 826854041 904476110
508869817 943003094 234341441
484979176 154373499 235528891
275511765 449119465 514396084
586667635 650585369 384013620
886058893 296387385 240984583
682010282 46695402 186288614
143459110 563746103 116730299
893321628 629159955 212702700
148958841 572701877 280497539
288187479 491452934 507251788
439344563 236532384 221728760
583952090 581452054 597220546
854759307 67797355 346678068
661497746 228746376 133978925
806099002 910568590 363471007
812806477 486576158 147303523
781106200 99901304 78046032
809608192 179840618 880598216
63402348 861799721 88908072
126682839 175716793 727308591
393884170 338635942 691615256
941122874 278283602 274586488
6308175 356131868 934021631
518424970 98725917 664042413
446293740 461192201 694571886
245044262 762204806 475495388
737641932 921648784 746669801
658729290 809511006 634630072
168881996 103450622 711076627
576435064 623019189 364965697
849840374 706334543 853447646
819562444 991503095 364085489
559142514 405280260 798392821
270279551 455506662 72516733
581004719 604209466 614231927
101496405 855162833 368799182
368320966 660790569 212125935
11637724 346490330 662525260
950998160 901538140 33969033
68843800 572253805 337798999
592455882 273328518 999102325
259230214 18071149 192905600
116505335 558689690 210599018
86311960 124620445 455202558
414905559 732886647 920869265
150362527 938370430 360968173
723297487 897823079 127616711
819892002 766225644 233226725
768853841 676163768 791987725
915941421 37596838 692620600
660155839 581264443 489940980
647054110 516372332 812305442
584170218 986053537 177726236
179844045 826966588 785943453
112713496 812745661 882055168
804917951 720655530 675932141
157010278 270931969 716390479
662211040 65940166 73545028
645054358 245964864 992062883
566200665 517131973 769416825
213823985 66878800 248647829
888071423 536674522 291296980
947062291 514590505 810011397
325842846 647811432 951530637
37839213 845481294 873825122
79518022 212920673 789042771
757792461 340860027 198060601
600598827 66194608 398758549
575283902 742680235 595498756
661049835 743589076 122236437
204936515 419922280 468513763
350533254 767164894 434044685
629887551 533651094 630666672
443941822 286903074 84346133
751550861 433626482 968632872
215792423 298049318 599618679
775568026 589856296 945217756
842764625 715686445 660338802
976689015 584502279 283519203
170466195 358621479 865450480
932081682 341624882 406577206
578841490 226773537 84399691
831916589 343514062 136627073
854248373 465186877 717502588
479029186 939294650 578693239
104852683 722713955 592764297
888544281 791966821 729046816
826112506 159268810 508278430
645403440 600238259 180855995
50803134 678622778 132794704
516537949 537128873 643185190
511932476 101408016 338203899
221324736 710904966 982884295
796675710 927957082 605697543
131956697 789641128 386818646
762664408 453684378 645227695
863121698 593011380 51328616
424682099 445707886 238839426
960547455 20817432 440614792
891571924 849583639 284021626
287413062 352252393 306605986
962997112 420509246 401413939
624014884 773365781 919956496
683790035 717077056 577829
294302197 788010239 293615943
538187858 333370560 575946147
315261353 625634954 253776112
870936517 345124976 447117793
83150777 302723000 502526238
400734047 388685740 572637902
615274362 749368756 855774900
410001381 564897832 314435927
385143637 801417556 777252240
269508457 803736530 656566118
904008451 951917223 387476090
814105102 218421822 440583745
485295145 950557017 757453664
738481972 6565274 783831422
519298913 995447314 990987988
606816088 857795636 792706301
581935947 189149928 352784357
930977205 63588167 194091609
86865199 419884900 785704391
111481584 162407652 419049854
671547986 292637945 489186332
747259589 317808520 820550704
9305642 56666479 935351924
402399261 8640656 151209245
272009010 43627133 644330295
904677740 887968431 932782303
490637485 182100534 328424000
510229335 578041422 55710356
378318987 275419135 468527957
121432652 927625312 717710441
302649823 505992518 11173234
955000803 487860537 423979134
834844388 244434399 233315340
427294687 844651030 247571903
343757746 782173466 419255555
859661510 109230522 35533349
466848218 905681743 904166797
607933391 807707509 542539110
588086027 88487259 540967326
15568026 844932290 394431870
981506927 608809388 185353317
349533626 834590324 731487941
129452119 784463870 39813629
597648908 362026828 168025651
282167964 336584055 985426295
669293960 260219496 213052618
946715398 216055430 285853361
37281129 747547619 990149467
481582980 667455781 871176983
703014480 315855312 573875440
797242124 68143912 789849789
716167942 801450892 34205794
621586970 533673258 415825472
844526650 187799127 63547252
446029418 607812201 776607326
850553574 303729153 835229021
281184915 997070409 881871929
922721414 47936504 586049448
733231011 244384928 698512940
125205292 784904529 468482381
980425484 124700278 559519090
433964505 473420871 713056299
660321294 824972377 466062689
375255467 638463004 571651710
152935959 560663802 718101248
257040896 326143054 51852496
921169474 858169262 770873925
636261723 725886937 519191992
687127682 199511090 607267019
62930703 477905128 530537341
648302367 549644918 796512228
874854796 898534391 587412613
223132389 409509227 362067778
33457745 959425926 229089891
293546050 781907836 738514609
207412919 95781230 585458678
11447489 275457322 545484231
426545846 233079242 426172243
465299865 778601852 992319240
352500341 851401511 333924129
306173434 396219185 661395420
793901290 499886077 313102152
678321683 304538404 329274281
505958057 191319731 882007076
519761528 248244265 566695775
859884920 338555636 544692161
152490741 382308373 491388157
257006154 377511899 544735338
741490915 901742688 126579064
841679873 600700888 407237997
63223625 792086696 170036255
578787209 732361677 731105482
650100211 863077244 101208871
394835780 72574132 725685001
51828982 846555233 826001918
962009687 662349325 210909438
436557012 977067122 725151226
883483950 629829683 825284270
896978227 673455621 961265206
963588250 991280117 511345927
437708052 855178071 827386499
75501195 809328512 151713221
452252947 950211859 321909094
877769052 874926480 878606626
559771478 904025373 960122333
644619432 548829048 459982253
449190720 213528693 183500456
473838981 585287041 130301155
917316868 708771058 299714175
825858311 195000470 124212464
583651244 553614132 290928900
383411587 523609494 585274852
902109785 500158477 384705405
244958561 61434524 732020649
262940346 2194831 33204564
279076618 411321652 272185536
701364739 634188872 152900838
970933309 669147597 743918871
257569285 784006343 832559238
179418929 863220241 226467024
118553469 611204810 970584952
322936614 486319662 290926971
730371231 988387735 159467983
194905414 129462816 786176509
792953008 128188507 898426881
536688107 30308501 469295479
700156760 662563770 414421861
515513216 406278668 675795877
647150066 199204332 959241240
241359699 174098161 573596817
763505183 952447857 862680056
436365101 844891865 776442848
153980888 855939460 422600476
115744016 923723389 358320613
415709170 219205693 570901133
834512576 298849279 923326452
616909302 346714817 777635052
301021958 139922509 281709631
726114703 122451217 95050021
378849898 240626984 69797313
34233042 513386248 711596150
248089418 420873401 99468001
356695159 545452903 303496373
955915327 487464496 666607992
40925104 854058197 405500306
98254137 525425504 207758385
277635276 116467936 977275916
630444520 254875705 611209371
305789687 485680747 859820557
569257120 690652714 694289520
702093046 968484948 700766347
419825472 912923059 698532633
931035757 121912452 11014498
277174035 229062636 973141192
694876408 64863367 124292055
978811760 308051576 194986149
544949200 506039466 690665084
998146479 393414219 348864528
609362210 632852119 206786382
629877333 899298124 415946675
478315048 465319975 231798006
240817714 920665917 120489177
396906747 122012718 268287074
306742986 348622987 750063490
245744285 501894971 422411258
604965120 945080460 92242069
204044543 267077016 625978468
969888653 109363330 223886309
146320630 962706187 982252417
254863930 724054800 816836223
790392723 481337022 800377568
889843584 394488928 751306050
80389110 477914087 71415289
37990398 508202500 173285314
898663671 596025425 903749515
872260053 843546409 695681390
594799596 149824051 505637099
545517931 201563703 963638040
642104702 479746720 473325081
241965252 766961683 326424221
625745587 555186083 718014832
29289700 719304421 553890664
429844391 923713022 248472230
242429499 306471881 483586906
642063041 914333387 752928828
634607335 842767381 122209975
159512893 627387466 985512759
14376859 378363986 586730535
611359933 499344969 599621798
955848116 43495996 132118568
446961172 262237662 339095165
763527792 537069377 67718833
35547426 94421216 928187737
463546 125304857 697138307
720019743 930638653 707776856
746355200 636325891 946015333
613293099 23478334 973094513
47499879 317030637 379163682
327579013 889921896 715336137
690114935 349875526 59932197
975000030 812676412 504257726
197219858 353087884 63580060
439484536 947100171 979093213
243298747 216657668 419447274
894895884 794185310 511927364
886829187 42615674 700435119
738421013 107829184 200313920
124960958 102271374 810216241
75041839 311850134 916940420
457790221 274781952 208149721
401792169 331062724 608846546
262838471 806561719 126292912
508928025 540113612 317756081
410080096 42009115 75640752
185450904 635147311 476717419
394797408 746265861 782140329
773477361 487843978 507754277
608290693 98280144 169556382
144925933 400985677 256025436
376494556 410965410 299684356
598412430 22071290 738259231
599916591 985687839 451828662
8153603 478007962 59745216
314556980 677084217 603639734
915264092 593348173 781461198
173735320 343515965 760202531
675974406 725964643 719298002
394088002 469311058 640158607
580935928 293312061 826314861
337892506 964281999 204743263
215080227 293450413 920779393
775884895 56793911 931811321
412505572 346167111 475805278
768236909 138502986 784395118
778460725 113954302 502233327
735526906 549657412 428578676
440936806 206612387 449482058
868801864 525583723 753903835
334692770 779569090 187458922
945821288 567034469 244042634
904695691 819848675 239582108
163497838 531548088 13652467
63007487 423625095 68740167
696760130 660551704 675545819
182320772 738158850 68394513
572953553 748694204 354262826
717283923 924279531 753881045
813596177 495583912 543433253
243808514 685878998 428898871
130235136 862784243 609556522
746635941 302195103 72846219
324824617 801055773 817351520
265176547 880833168 450031599
48661422 466282731 131468051
408260565 686071917 248596043
68957166 208146643 38460138
565560023 958194828 420335338
667408986 92173072 381177765
564232883 971696849 513231985
254368528 585849880 288751154
222016197 57593358 162731906
87942934 448405532 423348923
806870853 349297365 440463907
735464732 905273265 971142280
951122675 31550642 125273352
479906123 395600934 769329706
157419226 572016588 210192698
825477229 609791952 957757043
856950650 190866650 182990478
410751377 623239788 735835480
411610338 378367300 204580513
684295669 535330270 101542536
28081056 151905131 852872448
791421347 363025336 936853328
109565855 36520410 846271999
524715579 912087566 448192739
418081463 334069222 77971318
810006016 101212300 883595917
353818112 61317596 965708690
324537483 861664724 900776369
470925702 341667324 604765407
899039864 822252126 480617242
353526907 870657372 789679052
26792655 536446630 605836221
899406815 479367984 763419232
388125138 801371395 653455227
657965357 626666771 485095821
913079805 297515889 895397466
744171817 286609232 69736502
765765805 445423902 925312914
7515825 839685653 282850421
874031540 157501989 750454353
581132377 182509011 800383004
930311492 453261254 548018766
72727402 523618599 173351550
568271225 59993513 413579286
73635947 428684309 871525973
986370801 601053946 1778432
34428166 157460456 442289252
124452601 153259483 427842432
856388862 991374185 203793637
749245338 145635813 476814080
643455930 860735973 500899919
282956964 152257373 273151194
856907700 710526807 7818892
855838845 366049892 400307816
797205739 922370667 897929199
182939802 215101076 561376824
822714246 776343372 12141986
694401143 654339629 568438033
636269542 328116780 547719804
657767436 485560437 574952067
174861315 320771737 817250821
883966474 385812908 531017104
302296285 947555765 588513281
488164027 883949865 550793758
238743594 921859666 441986811
743519880 898971624 554366983
646168211 950950718 899304607
674942209 63087189 364715576
271386642 902049070 226222907
263609695 889296744 377263096
98737943 585537370 115189777
917043233 767241900 248826490
183600326 416662590 973340703
970226343 864525279 358558502
820782688 811990068 683531286
190473796 91566166 53345414
665088907 888979953 698150033
617847087 760713283 671151661
74176986 978110077 742099806
263060628 524280236 313580654
611118549 95691112 896183069
932711695 789223812 160946725
241193325 855866170 759987652
603597827 732675852 641778214
260026584 45875500 491196586
907565645 63397892 384623636
557061175 50007570 892872574
426913089 207507679 53152209
434317730 470687923 706111048
578776086 746100816 330753759
482568486 108206633 981417417
224966301 452891265 107823425
780260759 411431790 589264941
401452190 506085497 375024745
196162325 600389071 543452148
136988145 153117085 442346152
68192070 653362662 41759530
113612628 154849038 411001444
18744615 441901369 325766749
119237096 175860096 85570561
22151993 749724863 617455859
280199035 948125961 768070481
498632730 566615000 135432853
246018962 803419938 517081064
533975413 261131720 675139739
234066139 958956935 843604039
940005570 565261865 163048651
688484675 180932793 994601153
788616621 796589531 392801102
326808376 786090678 244400991
140193182 765320066 961093365
505876076 904782401 285934718
643552682 930046964 703103982
843331804 467268295 342334711
524991399 539482448 632843719
60465995 14721453 93990540
882200104 554097994 82859701
143050490 590636343 609931029
106824544 621385067 412085928
125331914 25429633 116210340
136843368 321840111 1201257
227999341 297515352 192278127
303528344 687690990 861351250
526227142 418760407 6059079
487452475 584953196 538860003
909225470 849567576 398846671
891043241 376787938 193353842
355750365 431791684 996837922
578123399 868078626 858317280
651844145 787521914 916914481
435186250 118526996 282952118
265147564 744719800 470549853
678151119 457595224 602549124
968290278 600671226 681589319
504605773 430757390 614331917
497089113 233910548 476153425
543113164 193533065 963441769
648428043 598252148 903010069
610979590 992071355 35145364
166427187 211693230 652774056
982064550 966909800 796604570
493095902 106856904 982787300
444046905 833418634 301043857
41329498 783151396 127948641
702754536 246580142 395260004
918956955 634941713 999045671
679336097 704702085 88764328
815986437 568326673 165611341
253571134 190404088 837784636
432688452 645882129 580004352
99642947 35859047 303658514
238885086 306078168 264594672
453433722 847440914 892054698
279147779 247267240 864084327
421359986 717390249 810021481
991467668 726594966 80750437
592581299 256712651 716909858
992088463 614190177 871446375
80976604 689966274 283040210
206764179 177532832 186380355
685159579 64450015 26491743
60429952 465910482 948795293
726448747 361391538 211203946
698148541 939201117 435146816
93486899 297192198 132877487
225976484 847382224 366880837
734356235 962841867 963006551
308363877 670886573 908739810
165181256 574786382 265367484
649504917 853689727 110717622
129428039 839420467 617316834
769077366 776054380 847984416
359459999 37932523 26973171
815276130 134947462 363559715
3175590 332500634 965972284
235790649 434239819 397626538
803778372 979956656 435345921
775621184 534548143 331140101
939507188 216668785 556429866
817147070 78252736 200836465
686396245 656925020 712612525
714437865 779894901 221898523
372780241 781409698 823900073
162363739 411380212 114206946
509237789 880429781 273690548
200301015 55000281 882008634
593336181 590330366 362074518
939718859 288632440 913612609
859542064 349640891 98715931
651819809 321275303 847854259
892834480 237325399 56026016
999166882 642125440 703671564
391920193 110739676 795329908
412012677 988079230 550070562
976099368 738635273 368384482
628366922 309347184 244388297
733159511 923840836 10872516
611423195 691950754 862286090
357825675 675740659 741824679
300865790 849293752 157214382
959765660 79066685 229054558
113015776 21440181 183773742
716735991 186891191 229923980
477311010 634531231 28495444
627869001 18932145 475280531
372245473 301793295 61618554
958874599 471074151 52198079
427059730 530885720 940734650
662631073 535808129 323358994
365126137 49006481 309132717
458534805 380725169 901088008
226592035 749174309 697050948
893946114 748248329 447731005
179002435 6131530 943819071
316109000 163051038 7371664
705510724 32584687 971341762
278453110 897103603 6188288
767961615 859010593 920974319
892691312 393651461 279927810
972537370 778877888 473454961
877640899 2956622 955975504
284891745 653631933 216475335
169562253 561423970 130340207
639763151 687153741 771055606
152932483 702306867 645068991
521504034 205115277 641956763
882062710 643571139 12446669
441646595 423698393 639276339
326169705 724723920 122251128
7792158 483506329 360327275
39963879 926910307 402721392
29322282 699702465 8232312
892035499 429720759 980499214
839553197 147619446 163255942
552307632 482932937 707566088
686348311 745113122 245296581
701162258 684894752 512740140
27147492 119347321 727274140
969889064 148138498 816636693
507563318 385156329 943571903
134726558 778687945 236399915
607496703 572441772 13181455
46133491 995244226 492129624
953546184 939644685 600305378
829550007 154231265 759965398
186633749 41088908 57555636
826107234 204802313 562356851
255107931 933859661 718481775
966914846 671725571 284087454
269040521 350519952 957353868
724811852 901265081 781222623
15148359 2226276 54720754
231977190 263223914 544528678
3793684 252238449 319513298
993912889 930493501 515990790
307533693 219647562 852701716
291003323 945013586 199831433
313783447 632907038 777541585
221310825 314026404 73267408
915970201 341716842 109539815
770927846 838606571 288215365
800439205 558335025 40502104
297483293 873206114 524574186
152487871 960701984 749874832
15061710 228864170 380784075
288867602 769602510 734883499
241622848 77513825 566431601
578371873 193295962 958821337
554871692 153970375 513660252
893548520 952264610 174361697
502421037 154942393 370410883
152223192 400354431 862483233
876281561 19179389 98782224
927812142 446935751 572987570
944341885 701139442 80007516
963190210 853596372 280683568
789143115 296584087 354641593
675692254 439696577 342512258
93266079 571248736 137826302
750655829 392288045 923498812
227434760 274880000 778026583
356167081 153072671 811967231
855340805 810634451 804432872
136330304 742682139 68616815
622635714 483367024 275910936
979076280 300250459 83760983
353281719 550345255 690168576
454364567 244669654 852181525
603848636 931127525 36545823
956067840 853485508 317070309
941384465 614072859 624003489
629604217 749566205 487046533
441513461 746039038 309060025
510747544 706068558 718366524
959144391 736913488 241815333
820617420 770930560 62963586
773233474 446400598 78238445
611166769 687596934 983532525
740252798 462431500 609112223
959283650 115071273 639098408
789270260 231772073 800925914
625734416 94486134 164097292
825631313 616410037 925723298
21072842 40203951 391898581
545117999 171518830 48162096
309457705 316707522 633118783
675668529 365876310 41686326
76626837 246504942 538925715
164388576 437740934 972731533
325565965 427685183 927912038
330914970 187394739 507203795
131680197 305678205 744576113
557049429 573632722 595639021
4821249 9049359 988674212
822390242 870426339 94552959
964800302 702396956 365850817
478631271 550607844 487587230
370571634 964805546 195968028
277895419 865289682 893407100
543995778 288821127 79272865
674830351 614700580 768416344
572819910 523125550 162444647
857503037 386506688 707325527
867791352 720534325 132591104
536983872 678738025 129347549
19149383 981006242 961802640
243338068 350581398 958058723
753705241 469871841 959260453
292929601 928980740 541234508
685511777 801931326 332094077
492830348 898427863 826616912
567476113 937743330 806765314
543601591 665108367 795319816
893879094 236427667 800506414
993598097 870599079 138166982
652016718 902102468 433849331
539850880 727195487 209560233
628785630 272285764 678120065
849541960 456706618 982731067
220415297 101561596 631642334
534001262 541767757 385648631
627681953 470883595 439722990
88473498 606535257 360169285
911711429 502244539 109222827
216269454 272288988 633593891
301622751 646581983 224713229
82167301 335366097 570166458
534537875 172292454 912571917
368818668 321506124 482426119
851264231 742506637 698107308
655254416 608679221 467590770
52673536 867399695 832071899
828101873 161911170 854134247
777643007 463229369 51344970
48193570 694505725 249716643
320295796 644639222 280217765
375758100 943711447 679802222
26116911 170502406 693563744
215603909 859126704 687288089
97135902 944468882 376039668
73561771 614210042 5186484
459397842 762768140 615972112
392838328 302463921 646430446
374482938 45268128 979502041
169493314 293032697 565291967
688865869 49547948 81677860
783208971 12395345 93867240
731857894 44722786 209184070
482869552 964013302 154124955
257694972 446048619 396474091
439276117 672963941 700666048
536837316 743164272 325656563
994948661 241832360 998381167
884183275 863162320 9329576
164257216 132259724 947919846
115204753 398399274 337083986
890831662 133843907 607632506
199044158 574530402 213075821
35912670 526831276 786018247
99842652 21523260 833658432
662209093 223258184 722286931
837721227 164620941 579188641
223932328 564325816 236052566
160489342 942856589 168344728
62875634 827761290 585695135
412451048 922353633 360759907
509271587 195735612 979390623
694427944 441085601 106539869
506143076 206027770 134251447
783011694 708150850 209267838
398384546 79304464 961607797
471277491 676477752 797760030
564849952 736301022 863800186
271222486 201390721 203340218
265182629 615385518 179709965
709678719 852410461 45511663
357515641 323428021 207942727
718828139 435587262 976684789
525688430 420075524 829549446
78177965 843978065 74837018
231697712 725537085 508407068
895535567 129281529 678458859
576103597 10838415 195997927
284866728 633971291 138091744
971254671 558084147 646270119
991107751 891343488 945665797
613220479 641541588 99579074
108984858 50853926 675609027
963625226 987688474 650707778
283289624 56463568 709538536
752772149 397742808 547484006
278785370 652040693 711782521
984666572 943686452 899358060
351925316 636286092 250265930
154005532 892148313 531868550
351874296 426444495 405982966
324903478 252768422 207742746
566086508 226038508 579938677
622460168 747075658 445652888
416159085 10600756 48939411
172805069 734864181 630245474
961770709 138885708 885011279
623733677 342818596 514341994
749391223 568169852 728331380
382391673 783467345 422868787
612898880 690909951 277367068
743454309 808547676 421439481
747312729 488765867 911606108
485500310 125255481 780327079
621987442 307096420 111446877
942550683 507294790 964535935
411208083 276691119 13698410
355860376 241337476 209949449
915027645 557144651 301378832
184141733 810491867 246684682
147274959 23706635 87724155
860991099 905854995 927661070
452502890 708220486 604176580
175239880 47150916 620349323
373744645 955709979 517878079
661904633 856939796 888833029
737829054 920562882 957038335
112303757 453968347 501891111
398403449 656959313 40641411
134010959 63540728 639125647
376666164 721069602 797889911
589597983 131015907 409058077
568239704 919193909 745506778
855721370 481470282 384400032
778066497 855213990 970216844
288835558 500714508 546653495
843011590 245030914 354985554
458826924 583714002 70103247
775228733 4010567 400046799
59070156 36851554 516284116
394845239 871083777 487104558
144420391 1533277 389637985
171507296 807150434 999888873
860296154 240693027 929752912
230008260 568962496 652558667
457837231 937775139 633987493
250714730 711415244 844536959
274145847 497801509 947049461
159075707 517083435 824953043
906642180 539941231 408892729
71312739 957093789 800035459
366832299 268015472 426974223
357235564 484258222 356609550
680540338 299563489 481376527
190379039 164541315 85693890
473634433 450269206 786387250
226899111 177051004 964943529
670637237 529630557 286169464
176879001 849598278 40521103
801373893 253595398 682291902
688015880 570622493 794928408
261668528 84793654 138707655
832225047 685170657 90533502
107440326 907052995 666446830
294562023 416070552 213401059
16322802 333526519 225625784
883183916 507655017 734458913
261867097 565807964 373103202
208108817 264767096 580357554
114879251 809082002 158952112
340072873 34060051 380392729
117469562 860600738 725297058
477993788 340868914 255277924
282924745 843130927 732059960
487230368 750064657 411184161
51101575 183425045 35283331
511627305 360888508 34073160
421439836 802807975 75205440
572170969 936171174 483637684
908428488 1587924 144132964
643512404 217890280 322693318
944724503 785097353 933993100
849424207 121102036 239559268
165595162 702462467 541559788
258890027 296555899 259357023
396975835 899049310 992282542
859941221 366691202 750107693
977239355 582783615 192161730
175397299 963624469 217647790
822547983 350908291 90664807
607406644 488951137 850870841
249835601 785725821 217588515
126160953 797712012 693932556
328600327 127249711 795686007
776358707 23188494 32963274
542558634 580702056 240625169
327337029 138678371 61916179
318938678 865566493 366547341
82907369 423036228 697415331
88328896 982563056 595295011
906618671 644794282 200453442
468106577 900021009 55153380
908094774 757930787 411346825
373391742 935478264 151526741
300410132 830226564 423234957
774809900 555572184 654794241
777423733 861483399 356351842
488621765 528184712 577686939
882678938 408606739 49024338
520168441 445096147 236718013
445898559 630563573 122470277
437728470 337322380 644656118
362086005 195290045 224545146
563539198 114197249 883970284
844291960 193069572 255523839
570719082 292813595 676043603
523080661 430224038 480041188
427314812 893247137 842429564
233410035 854692511 54306881
850171041 432284615 580846048
364455127 313908517 798105627
918858793 913572797 619619393
212612520 754948034 534239103
227277968 729652956 581494949
755764052 458160056 810314178
223174737 353074365 71748920
228122755 377079941 530575377
818508493 412905838 820806133
435871982 323834327 325722683
848947881 792229978 494353199
27066259 737739248 77554656
106560711 589608078 339759273
829254787 134351281 182092231
987998594 498690463 2639262
156650758 509298072 921617327
614797896 659546928 778532472
797813089 990289662 625261884
65085793 725145249 80663297
228781943 884022815 659587843
308784668 686429678 534363787
257020926 729915480 248508466
634971658 198407349 244357376
722585125 967750725 869258559
217326366 91178173 684869380
420213535 118003446 267927186
551605559 939326936 139359657
713609451 189310172 471445501
789592485 189845228 249876635
135594475 319303680 310044701
691590696 19596098 112952712
784317632 92782947 528925605
738460121 652916742 225625543
390526014 376239410 827316520
403034450 215748465 279036731
887229176 190229220 734535732
742511518 806314883 45917081
781796785 511410897 378680283
245139421 512821491 768507511
104416410 583626003 47192596
836021565 55314069 34550871
311393613 913131074 957310330
426241371 976035007 117080606
940060614 574598656 580122102
121634406 730029201 444052275
734623103 349478905 439045110
396398661 31947515 74884889
804716904 851456297 277164272
420302967 917144786 288591529
740113353 393489582 551407078
488757512 604070146 128652625
343512068 56850835 145118990
76200913 150609231 730901007
779724594 692812148 11917183
673186468 255962986 730879317
671412541 583763263 455965449
615558868 906327486 300818924
546833304 971594128 286604184
500053775 677653793 916519859
987740917 472416549 234307336
123397078 487426417 447301638
221032958 724282061 36502898
681421375 688958652 16862734
281561696 687794144 724721046
149517059 406285142 608117458
308675374 19108887 784397688
755796516 689075942 878518260
999111739 930631837 218409357
126756357 310364218 234142992
701653551 962687933 837336034
416935473 658747372 170727234
375020319 842480319 532526296
821246270 16413036 929161233
80142925 310214201 115386441
589674128 148792749 540649543
754588072 260036722 453372244
630762076 455925837 852271308
635259086 287933855 175815546
281139995 646032830 544628759
778345030 564976978 310949652
930080140 550847346 220251210
224361843 656306828 257828143
246473913 99424393 184390818
532773723 727862331 609889265
489313614 31691134 198345412
946079911 71256346 19020498
92915063 222659005 221888135
54990663 419456588 213700526
113736175 331678715 89809393
909410534 2567285 655863212
459543096 377620035 542625956
243734073 908165496 83259707
165176164 893353769 881800467
590059313 628065743 386022370
685383355 281248290 765058231
901309918 599956875 151631661
520098247 972714802 971667423
904369384 855665223 865698409
232558783 546945940 589949906
699305560 208541859 985801938
182241705 512608660 567202572
172361613 273664089 76581133
908924520 823008666 18621769
929599375 918010077 983094956
456120085 142220110 347825560
219631894 669560689 528891412
708862995 728356748 731959151
278930337 58511708 815716783
159366739 999125363 203809643
692493789 937419779 603087366
28667879 80698067 907315621
404598168 899307829 555643688
742791837 575879196 349490843
656899490 963132791 889648475
736597377 60025764 494414569
114043736 233383646 547353269
804665488 337952797 654343221
323138447 673387242 692105998
945695982 297567005 248139542
262187380 734499333 280857629
976263415 343172226 996006341
225502026 984214162 49169853
819842441 372887651 471617169
837196095 367841977 291291053
575750870 810049938 159389022
842364793 520162344 962606314
267784218 697121463 57027342
329070611 352017527 154957699
477726048 940745802 665712387
311250495 213415770 273013292
21820842 571597609 440125347
298110750 931689268 471096945
394815645 568360767 772111770
733239275 94665799 980589171
503764309 480581047 413901471
806012288 431602077 334158838
344066515 815077310 86038261
598196172 217320273 975021319
456022732 495067107 544381008
762802028 15261415 196772373
312147006 892776381 21885981
139646123 979600972 422464803
392036173 784626629 66951019
943457611 129125894 154254286
200199614 425012428 297153763
971331928 141321538 5590735
834977227 865550395 993605821
551611666 925739631 482912965
474952556 620047819 519937544
835760525 886396954 138312127
94878326 598897070 958502307
730966818 213238125 256524987
191371167 194537386 258994822
433247241 553800003 277566383
778191677 451936586 365667597
556215482 933707008 907848242
750653416 863184899 924908881
884491494 32388793 705233535
698611109 492101027 429600874
865853378 786911898 402958741
46037994 60623976 381570489
584741115 445886832 192716119
905627142 699693551 253186115
298184946 457583900 772225155
971316757 457178443 985489511
705096205 654443977 761192025
525993896 671060028 689196116
288092466 964688154 875372070
349170369 356945686 697365771
513441867 864633440 386861937
597161557 954543939 407656380
730889222 59759658 674096032
261418688 358137698 827655298
913667831 418896942 661669
119369982 258845216 444330949
436037963 172870083 316846322
39403323 390882170 534476937
916298732 600872079 733644919
459335337 442318485 465846736
869984316 793608333 159269334
294253356 878245573 841930032
586090203 165248093 12484757
13985206 457496678 386220480
569810389 690216642 481207092
240034246 55040844 390492661
980295839 704343557 767255125
214071862 237769196 864587799
686661133 265648401 23570565
425680689 737971990 953243841
6311951 498518365 245590885
675281461 225828678 694428887
400713895 969710794 28584079
814364243 325087480 358979523
358711250 597783088 920982345
20364896 365189707 934781609
886712155 868296542 940021056
260164727 91501303 385400186
547196294 306693995 903187058
711951073 237630454 74794042
155848088 56094554 843345427
907562871 664131976 622869468
739073836 67466911 654167556
830796395 580961300 362972272
980130698 149409853 170860531
440561728 857556453 595468070
888794260 771313950 548830844
549033434 455787996 12927125
413110592 647902775 712505246
400112935 701908737 172754458
166368822 294454713 36129311
865238585 799911806 947485215
707566707 411045911 374240638
350945971 693531224 989145321
75127175 205580363 783885231
206289114 297611695 648734615
193774010 326901170 413671183
671761940 785433932 394511546
258923304 658071334 22658829
947967047 392176487 548607805
726649475 216215345 988323157
723807478 952730838 79304644
299931196 189343489 198391516
641757868 492127784 727548554
874163926 126489020 363681504
716404882 970037623 284063178
21211674 988539907 130927212
468015213 637388772 615438598
455516177 913750969 340012319
631169107 855512864 536787943
437403179 955539160 122528917
633689848 181743072 501775442
437022850 403441231 288202259
616839877 141715690 254215907
842572359 504314735 502226
550343871 497475853 117828757
871501925 3419102 628281129
752969439 218238085 700672861
584926525 926357083 970478014
220535307 945395124 786614780
291857033 434363587 175345196
989431896 66958968 146010354
877253070 437777978 846494739
170444416 304226566 130651557
808420484 965335428 59316291
999442987 261603877 697202731
683564115 960991498 681629112
447841515 792576687 281866415
376538265 970513003 954187018
217078400 738275964 626855704
869546824 812171583 520803903
158993552 44481542 25295953
958790733 239683910 270716027
567145684 529092157 810158155
781709530 36503987 363114632
67967485 585275920 583842519
981464834 471205848 112429558
965021566 629426037 457511403
468996534 761130522 77818119
544568462 41196744 777986349
1070965 916576790 89807284
792266316 896528560 791524299
917733473 980531612 940531175
266592073 187195186 698527110
383094328 737489216 185259970
423409994 309412185 639313629
605952850 695373225 597822277
674639067 161319096 730401457
517994335 216791943 430262303
124552036 51732878 87864198
43555904 856889443 882848115
641304859 600388250 421160773
546857266 602537144 983692876
494037585 626038075 778603129
283806581 591681435 20802347
996557142 570698507 930220289
332612426 399574504 973648334
872803512 84589929 728787058
207551740 911550504 230972299
990460794 272604703 390859098
450547882 774999885 777529723
872071657 567995568 870181945
431552397 120289825 612946662
708597057 498245713 334285034
503477774 717694226 797950165
117475664 956045389 873054233
41938065 538650478 537490056
725514055 866506401 810691436
705853274 641627249 679171567
990004137 756002406 449470849
240940367 982865492 948877954
711911872 782973410 796602971
927668708 517890140 441038993
612914974 213749080 251833442
605939483 187834390 276576278
894770864 222445932 310190957
920084957 384618443 788614
554926533 31573279 499588139
913864552 468411779 708426402
297118886 800360280 349122621
668308622 590736336 897520296
895950687 196278099 114955253
477386763 415541575 505089795
673239619 124213337 7819308
7140155 90335286 842384312
960753516 678611929 142863670
959952140 920084567 829995389
641481746 984607680 128320638
820329694 770805133 919553767
97511517 304362400 538588453
631726895 53545418 101638517
104504550 609856285 61165817
620918736 673183770 984008509
705296293 856289246 741745228
671367768 924021697 1420780
793541113 362666985 687558851
18812637 69258880 176422964
422921912 781464817 295374144
716720767 425990621 205030864
278510477 103362931 956640506
840546648 132038121 256031637
994530543 103404973 712430787
100651851 614134045 647135421
631602896 517228572 847418987
796976860 105263642 753481426
715387394 735305707 695704353
725158164 628483032 749356748
491385682 157623500 978897528
939211298 960974108 636351219
838444641 524453087 785585597
224449 268340337 623299137
720650723 239788583 297442252
488523471 678739239 14905980
106758939 42382029 207005368
334640000 742677805 123599657
355411758 354333711 786711347
476609789 892175068 982083614
280586520 471074873 671626482
391258858 79138080 29930969
198965150 603070348 457534192
973123204 232887439 750750179
451374068 565441289 5256562
601063243 972303547 69923207
908505247 146972552 615221244
515639552 51675067 135922225
453701284 762504167 327389607
29585497 459022332 524700597
728580334 940426647 929741675
168308447 876675856 134369387
96410095 209912342 9940443
122998406 916785233 505314107
363134382 244160689 245637844
273637407 890285915 441052812
107047762 839884788 872632335
743682504 936748824 849721000
726370587 926288460 296938225
282746506 414263459 127445822
953663526 651031856 820124005
628600046 499107283 292883913
89056414 198812677 503874565
969094051 310869576 98310966
157618630 619286949 517457527
870592637 839424735 547889642
829730232 179087179 566359977
865510836 319993771 27928761
17922513 7794793 96641198
835691657 956808812 985165494
297527528 707636182 406418097
335997875 162622584 830928818
217607733 55103809 187231609
814099386 789700923 733199174
30897155 70339433 301206360
174680706 62981210 195083947
116420879 437844528 185410967
733182303 52313451 711991986
927787494 734963576 753421640
490435907 775510534 268937593
316998042 830510241 806280960
180848096 784301120 397522139
534963337 182371534 99136227
147022408 409340483 453051075
189604076 558332258 688928259
394895378 24960267 760359993
741637218 977083646 463287261
159298256 948614156 219282623
98600810 239192695 246186190
504458496 491815364 90523327
662727467 749827394 167959330
623753365 764368556 394641921
767679062 332717550 379066990
44759666 233976761 693967870
151858741 512725172 205120237
993304187 962670351 773154780
889250637 673047376 117606177
480917427 563796117 765163133
693967626 162592768 979518835
805059611 145339243 166299091
109509124 931336686 449429851
666758954 953494993 273135981
693886218 629417061 581207323
456610637 238869735 48940997
676896322 18431222 731986764
993296810 786370686 819095765
240609083 682345338 547417126
951778447 458338703 82234122
110850965 576631607 374069286
740800815 741020393 648762924
789523308 454079781 384321583
323861505 741140952 301070185
307026943 336785034 586933287
449589426 219060795 52796081
265879036 489653824 152201642
759095071 921452373 282028841
698953529 23692329 45933190
764031664 181678919 384136174
788240188 310711977 495031535
734248716 191299561 923463702
276822039 425494601 358770264
383305768 82748781 527135358
13821676 477472245 1551552
773488600 802864832 89663097
324866208 935114861 77112560
940775951 13397478 26027010
111204077 749777306 605624880
240095599 227868756 775174106
700477289 955317405 166174285
380629281 113219788 490384117
108733948 344434178 739655432
471141521 314138554 50554364
105061555 158806651 578607857
60048927 753912205 255470901
606312158 245520471 317905038
604313945 390839425 701059480
187583606 936333635 345399203
420575379 605657852 47873615
914562202 244722458 531751777
10786756 548792243 655477538
811947895 491862622 38325822
799696553 171978095 776594873
268267870 402106578 127517855
551701441 168778728 540632496
987102319 385580762 218009880
707254848 899675781 748151137
340790942 912462191 799880549
765825164 17602201 855867163
45192871 561838728 909288624
208918189 389272998 259257636
519994981 255019853 72745430
327902283 939000920 887990926
298658719 243923552 732021289
926371469 861493482 311527668
747548403 511822137 569970823
94121157 788711239 40703734
235129861 409719969 493930367
789928869 281641830 585628541
501904928 783906924 4308169
65100013 538506260 425157907
884731753 357567008 512803312
968779983 836396958 836466523
70633877 102065174 670186620
504717496 752626843 678504024
443881445 387165004 426680695
562522468 972400625 293835704
67387696 543433465 197128868
846885914 140825249 168808299
385877383 545203992 782855644
154495161 585395982 761566326
97397862 963923299 706484619
654674756 186626303 514900312
848904729 748354713 240378692
43801679 963192853 99899044
397796770 159705395 806993801
380329907 74818118 438089339
23856203 711204280 330487025
412208787 867942704 236940877
778844710 674374287 124417232
253598318 493697634 723846554
408266609 448786005 925082673
850671292 545813219 784763600
556567338 884853224 806118379
365829269 639227568 550319881
368538809 279940529 248351397
871770080 744116761 585010196
662851452 728165795 213416715
133776781 34770913 158108488
255845712 67883847 122421012
888570610 388980786 595812698
256274474 596609628 483068818
853990632 813222202 330890661
339535082 897937630 666974467
511827040 119376429 507830594
385101111 996927781 571306894
797276104 341441957 660232210
68918042 239378245 255715474
778254161 252224560 773757072
518546305 344714164 978008851
790856950 592969427 127436876
966656086 430264049 640175149
759059630 788968899 965246183
182690947 930775366 651413256
701880763 979654418 588269767
21453997 511236402 703997412
692617676 295427987 719369381
728399026 523902257 477937779
49663054 136754592 661135837
759470150 440114775 788180985
527731423 200474493 41003723
729004132 44978231 918963165
10871366 135199707 641980275
440937784 540647433 132607566
697311537 458589570 317521341
880953309 554179557 186242877
716183117 702544543 837466669
88580280 703321511 38387532
714281885 355645716 135018903
450756247 523937927 830483364
542009081 416313864 26563607
843891662 449929082 950440520
619811289 82286544 821639625
169677249 78388998 555122657
986060954 306268699 221398754
294145107 924282447 503634394
204050703 981388580 89172049
843232676 393952184 326723419
20136267 742477437 281912479
850279868 425148007 619087305
447163678 686645054 514798208
163267399 7482213 825662044
683481056 93757120 473945877
977869127 95175130 118683431
536852130 613807772 270845597
832892466 261976604 324678461
754406922 716521636 582992405
689523462 767184296 952877091
72995033 486788068 839496743
25122531 172108241 168572596
311692351 354977649 614753159
14698039 964475915 806930439
526962517 939772869 726578208
890752041 739299227 307373652
490943104 100300718 173529240
789648454 447501811 411773250
285438501 813048537 188568128
296197499 348228990 297304929
26530209 269732416 197606999
218973670 219381205 791523648
97330340 844532141 447586959
728042795 901080950 337813981
31796483 901291692 789705974
678947416 479709154 644512766
352436832 617483607 766705102
545973603 514967935 802142070
840674638 837389414 882239971
833495566 549553605 102409007
452807546 710780558 324335973
771699597 26774491 434167828
376458055 819442138 787689610
765483384 462188308 772262308
526481155 510814627 360910446
697345398 863825600 137004318
975000406 65894453 690884016
366804798 947382114 458521969
175958075 248800988 638633839
32595585 251465215 274008113
423752665 351807319 890343780
173057675 262513530 550696112
465453221 310329633 75871558
90538214 522787526 491411273
762330935 516170488 754691129
695778532 558703734 203706379
159196182 173532086 470438084
913738630 730900901 255838434
606552633 567760001 358283972
389967790 266685737 184986188
645242576 506538033 82353906
70246023 922465128 605713441
101711410 377640821 130119923
12655142 3377239 65048781
704030342 761276509 180384262
4131959 515397556 95090830
698505243 939838566 649221082
218258983 800309430 424993956
314456760 413894335 854044099
25682408 73603411 890647504
814347485 598390644 782479700
340843151 150010319 904317556
403516058 685337720 487415803
182536940 106514089 857437965
879825650 666799237 758117834
597479516 914599004 889998599
744302814 473496851 751025005
433708750 566245813 561977286
412664627 391245746 243080267
37959701 6765679 591057147
429477331 630452466 627733498
511463907 938371021 195725221
610135718 343679690 93956040
547031855 264351714 39355820
944930395 661268129 139666670
478163403 537897713 736511811
778193542 746563261 42018724
843423204 579458779 450416043
903876934 445616529 853971772
877814517 112336947 526765940
687213560 925777709 919903766
340054250 108057921 868233985
921511341 592374969 662697830
944696906 314847437 142341146
804761590 764670116 88674359
5205335 697453333 407932339
862823100 304842232 815163794
775598228 258177393 685861385
302300420 561857637 59640873
634823297 902682227 278178602
631142551 915773 866343796
539269116 714286823 220240888
683484589 235923592 140617094
307905253 277682007 7526335
639960504 196030352 304207130
239379300 696767252 591932619
927996080 722689187 593149352
841536684 596632013 332733815
757413366 505658402 582798259
795048342 38489655 212614138
70743802 503250725 666540993
789491631 136660101 157386276
429315855 725980741 150858017
429264634 861332832 244648277
642841926 146472492 841313920
715886621 457238225 271356693
980117771 698316057 803723230
77705400 828684856 824526227
499335645 238992809 999663584
732342243 497995248 671513599
897921258 863774256 115461565
681834571 346616450 947883350
166464997 259567656 656097741
388028721 59225036 31012330
498363642 676193922 824482498
78421397 937198454 383459170
815118464 34386625 195629406
826908020 128534913 277327438
537838302 611718441 761301190
222689505 953782367 66252041
480079793 38012695 290917965
895089602 20388848 550675355
299420390 363555315 21317266
970851265 891653206 892727365
809705208 746965606 697177117
11964268 339771481 301042324
438269872 445795395 464708538
332545444 86770975 707542389
943864962 80263882 749477035
711531753 587192578 167683999
863498498 569696184 949021926
486950967 118149956 621592747
832664132 742483768 429968854
244555235 186550319 9112012
503251915 881639012 840669873
109999856 278684090 833919986
528568774 963754265 528233219
288796723 310367969 632074480
681082605 199608810 794942708
624221202 981238491 994641562
96229110 538822816 993819585
400374392 239669107 44448648
982809257 59965281 289327582
636333834 125590692 390145305
918416743 70288052 705182960
537696520 273300128 324407599
643751863 624415861 90273653
786055376 166678985 389955201
628626891 589126641 609176861
498350740 284147563 482962917
777206525 24012817 232140668
386426617 358905676 595763960
297095547 370823862 205476181
860216141 144436420 56315250
55426832 968281433 942991711
416470548 779068436 855249596
957727302 80588166 953584114
428727954 746252990 468596787
789062831 903516056 653867659
91020066 116575453 639941468
606134953 600508425 948254948
627356710 82342321 657816507
266401689 267524841 75212924
913267296 144979401 40180132
885406940 56726316 38969749
676352788 422407486 772938682
646114275 522946642 638364282
497907004 493497776 526020049
517340187 903474508 151255915
213166628 953102703 780002661
65351703 494423867 639220120
659218254 845592199 693348982
297070312 411112117 752112067
262662039 667406259 884073702
809926645 675328008 167782495
860519176 41165151 543669682
779312622 695243667 480908875
320355248 878331695 333699704
619341115 912770288 533172028
599164344 879296551 262410239
664559846 754261039 266111216
431781119 444667717 298391756
31465767 822294663 300578369
248331080 177641908 14202678
821402549 679491113 170401875
980986568 126895320 115018519
94125607 854439364 768396202
863208494 470054976 372728939
229271015 344496665 253371867
37454443 322346342 763963493
657929263 454625256 802109260
321573818 322673398 588259808
28321030 470402512 162386820
807555429 636083586 540071075
591597683 468757664 207888669
933795936 40349505 50520547
624455117 393979435 893677138
466700291 323465379 58653766
207366677 125753193 800536849
480382740 298500887 331577371
868955392 239681306 845534374
716913975 576490319 774305788
320903070 707330055 4338384
53167562 93869537 135525181
400617578 393093314 688287649
655520548 136823223 620019362
959525992 675139002 337054208
940005653 559050101 745441223
509263176 427678371 230048792
316389806 926958218 782005249
774126327 919265791 899319185
999224123 629843339 254595939
948334529 671712239 648115996
545503350 289336304 767465086
588979361 613768295 689799339
117227494 482409902 123489533
389867857 327356479 353827418
47229016 530421202 62563966
352687598 83110196 945564495
399503603 979478565 827089612
433530779 289144635 373926293
266702942 73781251 956910295
747211053 168044506 11200987
539545941 228205475 376795153
82511153 85285100 898773100
512189473 781711049 906488780
714940975 61673718 264793781
54441888 774731495 224827228
621488911 407648415 997344335
557219262 465737333 528573922
574568955 920366411 436322489
541215660 313132162 423851162
740353270 198903445 596496912
722167856 475685822 345837030
422423390 788220695 683701316
255278124 27384927 328834863
379954251 463363876 895429143
94301539 499468916 479841391
783856649 165850502 127901225
374334533 176271209 113653722
422646169 283300640 122464489
486128487 789404225 181394933
196783693 270479104 934891330
721836401 315545208 400718134
343318091 466846733 811115406
119596634 632634721 692917574
833780222 323519756 70767668
620136121 179409519 114809381
696957870 924485334 674010490
816383593 152362510 77299055
101444793 200413167 482005615
9419201 314353318 121411467
116553310 708189762 169414709
950608838 113907687 15334821
214245067 819114500 502214238
685899989 972282172 236433602
340501111 479112190 24783849
607824533 63442688 517196597
802511631 42089954 960138614
180754361 610185496 972814198
528618057 377431389 921122583
740702309 958950830 257416549
501444045 142296224 279643394
305306860 543209969 412520483
788284189 315884948 820225281
864956188 687513256 210064516
783596329 636885559 502259495
697009953 691709589 752605065
819574646 88968326 744896248
768979652 348829976 512601348
809907190 763978741 343451061
157883716 491251572 973842307
44357024 109196918 807139214
441625561 979754748 760476385
883404734 907974931 161925108
116295879 803691454 690416721
74506983 738431934 551138867
241213988 383796237 752313956
502679340 551069801 607332992
740347254 492469903 4194394
651369632 172618102 3700365
824816617 638565681 71634043
19776990 848509249 473101097
365208401 545493426 63075979
495788447 201880314 312377216
770437829 782386112 776251054
816970766 11969531 159012091
131547896 666363831 431761279
711014045 319133125 337762521
289348682 304981368 841453591
517042165 122637633 435586440
385171057 688920447 481037346
984805174 438584404 47208809
95354513 268811148 256837312
546453949 297488495 546677812
907073794 46342984 853122848
774621863 622814574 433671242
178371314 70554735 599886661
384450313 528742096 620471907
655033133 639752192 219529557
721554672 534858637 675553901
910695547 6042968 859955510
278712284 444528320 299301915
734166553 664780466 576334128
341019464 652761838 274650907
253096981 960670784 178012278
782275382 673942731 455494407
873489326 194472264 900781721
923272548 347535193 336565127
171240891 250745695 697254688
504688795 954798480 501014318
329848401 751778369 227959149
25988996 706130051 312019306
1080296 516857818 999008832
46528470 834397180 297130976
295410807 443216294 755319627
859908295 661134827 417392581
146503840 188985504 524540690
309177840 706200267 40317736
535471074 429139118 739942334
728643321 564758613 385257454
217716423 628538637 886574820
971274372 41683089 449961130
682164451 378993821 323241289
208517814 176851605 835281276
350217429 976500223 897211738
982578599 228082543 539904508
16711567 688547523 189083695
775995458 518363136 386795823
937553074 256990336 801639311
788789173 921819962 460028249
329016203 20058997 593362923
372115374 348658201 442523500
137242632 318386485 493098455
282951983 867775931 178658416
111985586 957859745 301902772
197945481 218563008 895537904
530013693 506142941 404434036
287053968 197856594 702614180
319352123 749166151 432932756
372611766 340667329 643622211
879233920 602200927 387273438
100120737 453455122 839972561
682385240 55081096 673015989
983714922 438185360 638720131
71218833 874972378 773275993
110780500 766593582 506961836
490883449 469698454 594002246
794094667 661222838 548042382
422179608 681418742 883841755
242822232 210244355 279095681
155234562 230130874 509362099
911249920 711405288 143508731
181695812 687761768 441884567
742255417 329571368 967756637
177716827 11834873 569780811
101666888 76365867 370526071
740584303 685037117 351292636
494795934 472481452 575058192
632525763 878772558 744399735
781539560 28225618 806341047
268172111 438152694 266256914
273727837 504609386 410803164
334638812 861349452 521500718
591190105 884174195 21052368
336536364 712007330 671163467
496494738 953450037 850100114
1289234 766749267 349488502
232611253 653469965 855922578
802115082 273195755 495144415
129604186 509143400 64221727
828877179 828597276 137043032
809692276 94364227 836715630
12760833 593250015 357876140
835701297 724599637 41623886
300895446 843626416 636779556
205989480 336239697 548697751
579706630 738584827 29490799
247755160 677927890 718859076
412443100 991250091 694090453
457090981 948136473 554509010
376121789 401853845 969628699
561235160 177362187 339762311
615660392 254659296 313285470
252758171 499168356 686754334
406197546 531954117 173820574
733274480 394715206 766732729
130496011 125315864 626514252
830252073 280139134 790442602
601797381 897801315 982409445
69890286 680099853 857677090
59174177 262270445 441656901
480113683 134219088 859551910
249029774 322417749 586103853
644152069 118983424 154282657
649866388 96097980 179087082
626398960 515637392 487427865
60213411 465604841 272777740
470656459 755143842 328666569
893673338 211539991 667000962
314197814 915004834 589187978
421936938 318661085 438329701
703404813 988552605 292923004
297778078 826827756 681382292
724151739 560316144 279226813
293569582 843040016 164519308
862589690 751774373 457383044
176277532 84524104 113750136
895329728 771364165 721790008
881496855 422822603 191859471
434132700 698871489 301943221
509735660 71668472 812203519
897494391 216636042 763191833
35780237 599717165 933797653
620835304 629863770 142293670
321974649 872686214 105573564
728850518 698090356 827781526
636924439 466360898 153281791
934658077 472829426 314941454
277521548 790169061 44344560
332938756 468550542 952823457
929417712 411765476 920229920
735197473 790869984 957241299
720363964 849454958 593128960
887303206 88868359 382225724
776292719 844218358 847764041
16519358 990727656 447907044
599712691 893833658 691617133
915020674 453868961 452414159
76473943 103188294 392217750
977176605 865503014 906090109
135573177 782276341 818098245
833365518 960745821 640389972
960864594 776494906 977738185
527710337 76630080 985423897
682342587 603491641 736509015
919551016 24216601 522224852
656096062 236543146 551986840
684925169 919657305 419413316
872284924 880245826 368327496
865306416 256663782 529766389
811950850 567071843 767970818
863082405 647062510 930526441
829574912 403455714 334509795
554089853 757669421 241757475
49756077 501571202 151357237
3218848 699270404 74286704
217271320 299466215 137849233
896196907 332763808 174020227
817290276 581654711 246386249
766949529 841804368 839280554
535699940 548121728 563967823
892853519 631576636 479131215
348421358 784414499 621780645
689138288 302150982 955180687
179387009 893569828 727917011
945478196 462869432 724154227
324682287 208632289 715805985
948746322 405572175 608604436
768718375 274968987 429470126
108944689 617590251 12586159
481420522 298121067 570029709
995874915 452701592 379961314
259311861 77628661 498905000
672284033 48685083 572268793
458720641 964937098 148822840
617427383 769121599 25200050
785278379 901682613 631661706
338278831 657288154 565976131
360831908 882070577 829904753
543102300 391501691 832876931
796211945 138489469 174859049
589782568 143137915 71729346
944553493 797884242 863737370
700206912 53930753 363862346
475485059 563750414 586492374
913546736 64731666 249991523
820011967 437639631 201325754
920438537 719877580 103089076
770234402 448433947 69143674
639700492 797888204 276796892
168842862 371722575 582962668
579490404 392632666 346773186
833916453 310924658 391986149
69038545 541888022 369080291
393750315 491982656 392648875
490591483 323234920 821376728
75538464 714007614 808485177
459404979 238709840 922280254
569200309 179405112 49313165
869861713 744648859 955847782
23489160 355520289 797539917
214787018 370071184 723879154
845917947 578118520 995606718
284283424 482370884 138797795
778977699 143976281 40255799
454598720 425184483 125332159
204550827 506875663 604880303
