2505 90 346
114316023 802636708 516820319
679151794 330913372 477184399
407775662 161939588 895097353
96903090 900537307 7367834
433719240 613076124 234607753
593500953 921240146 724571705
31453698 626394265 210782142
618104100 473647581 990689489
724570091 203613077 882967841
927033341 342943858 920606013
123916924 429620959 349205657
524968406 755627697 78308353
489180057 573492227 889226012
598083912 491162041 127967056
710838566 241893130 324154398
882750891 827174092 701032932
730576678 355896453 990602118
864634413 533628732 735951149
230634328 898209783 802394063
346115194 128939434 420055237
820880473 236985559 99888327
218247659 273032528 934045622
692441474 411701012 831134712
658023703 130792523 352297388
532632983 84171206 454832792
507878455 783491523 542711196
299314764 866866602 349260878
770290470 117539601 267589475
404810333 974644917 799916398
574510452 142719262 250155126
326393916 118681638 682202130
147386913 105697176 44903620
881056437 33695722 295847306
143298763 903679522 717801687
404519556 212825159 625131956
159943824 451797731 28508172
914120996 722091131 578519349
743796722 706319010 340057068
119437686 503935242 931850824
55173958 19422840 828443108
983265905 611948864 496799168
516963658 483687162 467006435
803711297 940924817 736239957
599076832 430512001 907939952
842456123 239701572 631500146
314422251 114550990 683633190
758902362 221871159 528628144
623489170 106261016 625936132
674221789 128908627 58554704
361633126 687300236 514624041
310456496 853045367 294187125
630416550 271027688 859456800
337832213 49273153 432682003
134986213 650419062 42655160
322206027 376548221 933022775
428090271 38947468 411223555
509502611 261789925 116693705
957670138 866929095 917981233
130196801 871232028 387005634
71612155 198644404 989438272
726174890 567462631 463043764
615982143 634874923 10500347
276124786 250836320 452856338
370198123 926119962 39211400
153603162 689506947 737840966
950359217 509703836 107888272
442191259 556305772 240310099
981525675 799063930 307067190
981627835 460580860 158024869
384369263 770300331 672384488
51108979 414415442 289434032
739346670 95604186 283507250
132435203 129531115 393213143
775324754 358827941 78104194
865219755 233418240 882524618
681483863 673213205 901603532
587100361 558692415 643892135
108621398 532286395 766108398
504452084 397189411 697712790
622207851 88147535 733869676
433176622 737677270 626878186
408149940 281934559 485986714
678296767 576311456 295365911
180577152 221537350 662122578
839167531 265957910 785528704
635292124 592669817 841482560
440397201 429300760 370300762
65331876 388698752 68227649
675331996 100547970 62951492
569155391 69282236 110525439
411912125 782318428 534384471
164519109 458444085 919528853
823595906 589748849 609000654
558292776 87167051 973595958
473034526 775516958 853784757
835774078 448125162 346195076
188695136 696489682 497526399
348573326 172740557 299770544
319686969 672027255 792812108
812423579 567320627 16444153
565431681 34074604 575997765
37272978 358644677 256902764
469192960 705086846 881756056
475504212 602527385 773981258
914795579 493431980 224090977
594116955 724956542 385357406
249858523 607603546 905249689
410973828 711645805 240335613
617328083 393719950 83645009
326950423 677798559 294229187
772928102 502107053 355071088
143217979 862695915 643214560
246253153 809277421 662277967
363876222 523441028 637335864
494989085 48209742 653203777
331758897 303881428 58914666
859398238 23498990 518351819
470184782 683119007 651965766
161785328 29777257 568562923
210611902 521533718 607289260
314082589 100723306 206748889
29132115 8965924 980440489
207916248 457636719 262162407
455839565 858041794 181931885
77955666 735169938 844916482
284389316 665222478 343903634
143077297 736277972 563735657
885314229 269471627 539217489
269905919 117847663 617099746
443317401 888868120 444904410
596859905 413445811 763308521
303555476 785676257 602249186
662437552 321460368 816179840
413274705 826979650 9781212
569420942 994760981 818109468
834722054 962431958 151316532
235919286 341688492 466736706
182552731 916882385 544234621
915274092 596490012 486228994
191037489 341705914 953242252
9349542 160456870 638660011
886642069 948619440 351215968
309485304 918103693 926141616
443046004 735153536 518502587
86771292 66590416 100561670
403023306 159399627 209442275
228119321 516042843 18665401
455227509 457294972 439037525
885400827 692813996 550145699
506710889 911746496 153476356
247633184 342961823 908245128
487578865 284921570 16501254
139984594 63544135 203730570
151236606 148247271 742679091
572462132 168562818 875055906
837974394 695148938 64452481
978776768 811238215 684583530
193351284 7108970 231073017
206233701 877036982 483837263
449728289 361803838 219800926
881969567 51227654 641841995
464827444 594786380 460698878
320238669 61809177 128473984
303720515 442619448 971995209
919360596 772812330 158809017
341438134 605794765 665240069
596656991 485324470 197608632
125242923 592530725 223705149
299439450 514214745 645421381
280576376 105712741 682839586
115181861 626014347 568624402
521274588 24436798 984589436
422427339 106145036 789085062
842413903 873517192 546263097
891014471 127177511 900470054
757289830 120021744 979141289
312812989 589613710 331797687
8433887 595463702 281045003
856732376 431353177 923031934
284955265 637604675 642789673
454627214 957571980 799566605
24940552 317702544 171923093
581165439 164276449 269391139
938427820 758143199 317674294
801859745 945416670 487737191
368521625 759245024 89443546
585481954 347640366 293093931
491153952 163564283 202816878
480622730 159386746 230328057
349756270 768313504 324028143
897573524 252200265 910486649
558129201 965171210 894461833
232184265 713995386 909095395
469828480 421066570 553256673
914090192 633415679 810798444
897754640 984891987 393219007
549321772 767231291 532401225
457712983 739915897 322658578
926595414 256936245 710588580
297119852 931879332 284548810
884312571 61523272 43037518
80424224 763970655 167463643
696345482 47415468 353002082
521398165 30274079 472736807
158143703 622980441 541744937
826868760 682768055 848595761
247003037 945467286 828908139
195827198 520724043 10080886
532269966 834963873 334231700
217410466 330014482 742292671
370545084 46021142 208011579
632818935 37254831 207640319
104119444 944148233 237867392
147944824 71586115 470486108
220712285 725511929 734383433
301106016 955364685 969113960
623309168 440561958 395905175
400887307 389745946 887072454
207304228 465578239 433723531
425295765 209922306 707115065
410495876 117320539 463647951
63791712 505685094 419809203
872780131 587659183 123943533
602947356 606550972 799388158
872023539 933180742 111582074
442388686 888290867 263805944
642020756 331404332 857509704
673035939 922702835 668453928
320377895 834537297 397466250
224767966 126870794 649118564
23675281 865694686 675810223
859728333 565782947 542201932
94227669 910671632 960932781
905583286 684054239 849592128
861266671 760346422 505439487
265934376 543693345 416110557
306155966 694658624 746891282
280787691 799011675 655053819
889659271 924760614 240636143
305883408 699841484 460897678
362200557 78715148 560046674
433886380 702219824 970171369
502976611 685575924 41647830
732083652 77758522 840221485
127523890 588725880 137136530
230778519 319220662 654943565
734096519 683637591 558506793
156990912 335894266 44873305
652640870 748290906 510787980
144150387 44338674 96454528
772428965 662281832 809490850
838502906 302823858 194252442
520443803 694235521 186348244
764180621 357952216 425981261
248142967 375864019 540428050
100168168 488806600 702745615
184922165 735456012 740229278
978721210 12912015 927232415
36424866 713235034 14132726
869707710 393783377 270249928
497402671 216610299 669876082
38474728 419436082 899244568
273078993 69062509 998987097
517732037 876974541 709689577
470473103 629261083 904239036
303576406 780219927 575447753
474981841 693876505 208728986
574234770 790262978 943268744
393353677 519981030 382170560
605621105 379980766 656877025
104882706 910661030 74741361
650271744 429954782 91007976
511682513 961206880 208152486
156024150 20135919 387737118
839916037 442665863 320629729
768874246 326669242 647760006
518465384 858087507 928904028
565269685 859246251 112952880
196468621 111373980 911737134
338159660 803866065 379482032
606777124 584015274 138941826
856778385 265915376 72944424
259069499 941969931 678801509
708457496 528613877 404782334
930178486 745045334 847391503
585844050 454789187 883780044
552858583 438687577 467475010
39860009 640186047 363063650
856673341 142654589 776086339
648594151 581312998 951287695
994146033 446824466 429281349
777547738 80749146 836503102
664751477 612624322 454881291
910008936 679975191 117837886
378555185 441831022 253352992
51170800 958515494 791441766
557493648 564220385 828330347
673620531 211693451 964029179
412622989 416479010 12142146
241188550 237008664 354768233
644903331 673657920 23038277
179464397 612029520 286268034
345810716 916668867 92352375
703094348 209380182 102452934
975979565 864779767 184547296
887602021 816386479 205246757
76926581 311232008 992404698
922221844 195125583 541142945
475753540 279849687 527977993
7787092 284037518 542937701
509431849 920294996 41325132
614056197 800818458 128183378
318034021 270592533 351017986
633194275 34737816 99318882
4935097 359229045 952575439
420812212 750773846 886291883
514816922 82780734 848657999
249016902 672846000 459571377
910138936 678374344 210683475
177891991 287301459 490693012
870540849 406917708 342261711
80473286 784939580 490195664
620587347 425050929 453888374
94231432 749292794 1409991
473328210 507320031 763926542
766283278 394986088 723129640
810355031 420933125 854993035
798390174 222071499 208114922
190821562 700416828 162837241
911720998 336122590 348333690
610797070 875329840 166717820
46631717 851132872 498901937
131458343 700699455 596773610
494983274 54075432 991225566
355007442 326800966 407051006
454885161 626485123 804927421
712274022 618373341 372230660
905556106 524169419 175161738
654065461 320987361 974402252
483296104 181272312 21741766
51646471 495783292 890353545
159348336 765593357 525550086
282688087 942391352 328506851
591862902 566470269 161953195
214146068 530975150 65180075
756452632 79064752 911449887
177056555 913879694 646511220
31344577 957862698 24793621
583536934 822243979 392490648
378294402 920812627 918661015
345699046 443242766 841575646
3079110 656234931 481309963
234062754 11076874 776289951
193629185 160949356 513823280
365902688 477952844 475783483
449179535 32721771 340570223
129037623 948032599 547442736
987593556 768624245 404681860
776209939 334222344 386084845
842822145 266862803 627718221
403563983 168458613 388423789
193607844 218709563 827852976
330464020 628775748 963116901
287927904 733257352 220735397
560558747 925420517 560364611
309821574 277360668 55145806
588339544 12245747 659695982
763043995 895695476 739894500
105612079 95329770 354807533
64172495 67541304 991642721
180169633 278335426 949014109
591963823 921231100 109480866
949910930 620010677 305142746
81929046 193950284 153879954
771115147 206269284 60414803
467657455 686180284 898408374
924150524 745318121 363386940
583892477 435665933 647449372
879524405 920025491 700667499
79181521 924785202 416261147
563374404 328403230 171756152
467448941 353820627 409978976
685735725 937103154 925740554
214668317 498934679 526265140
33904701 565785406 956900528
660777657 56504599 451316766
886336602 476973069 2092543
647262225 322561989 824988606
213444254 120932220 437254888
138894943 249311330 934567621
610600652 563018381 185548243
99071793 786824371 92497878
912439169 833206774 368024197
5418918 747564511 863718524
80336416 410658821 755351665
721281953 110351804 494606333
569298664 649606316 529611092
67069642 36784387 925044314
543860061 588914463 607228008
569473825 819330278 798405867
743567832 989836477 150754757
294449471 325911396 890230066
69400450 425273146 357641476
657511161 773686433 784734651
978463942 952005669 433065344
208691523 714424972 399694423
831301463 530009712 477593315
393384366 338184113 717897400
567722881 65501968 422230116
973508107 598208977 723785674
881472820 299681257 157440982
5402375 437831384 411663270
594061808 898685849 774264586
866419813 708420680 633794254
526345952 436547161 969831107
848846776 594084340 509798700
534563577 497314080 282097296
844875890 52528356 298725242
182215300 753925303 656258726
731877205 163157808 555828917
170581947 279496281 707107745
81536686 324880064 39710685
978465223 646579215 168580701
529358131 211706686 647812883
888611250 811878277 316135159
291801923 618085166 328369513
493368732 105510274 715495956
630827967 941516753 252138665
121392942 693626597 205090016
729875131 925438154 559670094
390727400 458809258 551351184
890340800 613286470 577758110
313660642 592058555 122061786
461424178 769269908 493813686
323536667 639696799 591049094
357388527 348788282 672219934
221164096 169673430 575824793
420950953 653007761 949282681
117153875 755730296 667025542
173501427 308795991 67619055
259129961 939147769 37578922
456307308 20002993 684514806
950476195 528604545 993464383
97677516 552936980 963282533
277853451 811787382 177785017
709903694 18826531 669854308
84469616 526234322 364591031
25116568 343466537 13520494
324690811 148015038 808244794
830691530 348797902 193636925
862718865 403962206 23320822
125843345 936859740 675027396
553173644 713075525 911415671
897238313 792964720 208737763
883619060 610799023 603800323
338274137 633107842 98397852
82799588 615523993 185243209
713385257 513241345 87867880
985560349 741558704 944458884
678134704 973732446 809725074
470261527 455078147 268215030
7527778 757498131 140170239
135739619 109144669 585381466
341748904 549336224 553951231
894367841 616190375 926806451
131030278 594611482 463634528
245647359 287762221 673460664
585576960 93513042 172685699
214807483 792207246 778330146
802244116 441298335 764826236
370663138 283750192 651877216
349142479 447079522 883217800
14814985 816237576 811903984
681542429 89541588 97487171
768106928 860118880 854811352
227379080 280899573 188460459
95013958 237081048 891436794
125858614 745671127 311698925
318959969 936830938 753168650
212224736 816454722 499139264
909547074 132623559 272799933
349826196 245792251 453010441
188914025 803532853 283965839
946631395 248315950 162771242
700560919 584063981 326325052
765586600 475638504 115646640
979360582 475285316 195669838
465214021 363392096 932700284
271217958 104571621 938895685
145403803 397000294 916631944
521636329 294313184 578559964
352335958 540173525 222290424
842321524 518089966 680081487
342921170 887027698 213665175
934237093 160036440 653247812
521964320 324667675 20495883
563564487 646724740 749159624
763696915 40722013 826915986
202891788 523045089 758347639
446313526 837373288 364249686
143817238 202058339 968252850
457511291 354995546 479457011
697702496 588278314 812237833
50454019 983401694 157075165
480322265 91822859 336652033
841101953 787641967 818146707
268096077 272378931 318662755
435358865 571072773 646903706
956369013 282596727 568478996
254800513 16606198 27858850
538837634 790643266 438515466
901874497 545618499 194628076
687803468 122883276 91530632
675913341 959152812 141355246
974727581 4270190 334519840
895893674 496927509 207944431
897130016 256182404 93111041
765628699 155062713 149299337
465775558 833166558 524371867
179801847 119588938 67847104
537758991 751842388 749118258
897311655 499518209 762254514
673893748 327238800 195592942
541161045 640994958 150870908
889059292 657080105 707789702
131248123 630519806 471245426
488472788 810547266 1547023
399910890 699707200 708295241
232145712 719878580 538135346
920239963 283460015 390217160
452766175 574195032 22024292
894083681 189420976 732298391
148154300 92639695 94988677
45390507 111979918 141224829
364763101 107085275 894380076
76435636 454294389 836182155
636746091 864096511 703510832
953533430 37910449 107959223
480450169 995572402 92693387
161727288 625829689 270286817
160691552 732884231 750725849
620706841 164596788 63263336
827696159 543518123 923294569
894815273 882975116 640853378
389904489 182865046 937087939
625868713 846105672 101167077
327747037 128905917 963351959
398980374 941368736 932013220
20314110 385499543 117019379
264795873 154843840 564684058
709084555 868467835 203551560
404748452 573288323 632138450
70292297 65208094 726630694
698017747 943837468 531704515
633422424 42075910 299542561
242698861 679603339 526590398
213861105 258276510 519248468
187326862 772190010 348756458
731268614 440885876 641811637
179885042 407759120 17907412
27332881 357599807 505870949
586549901 862801316 251503452
125681452 891236919 757698540
105484426 421947962 720406777
251779289 659564787 942933739
572266634 168638279 127080126
344162516 795565604 555473534
752442579 645083140 507084317
44269333 667920716 288840223
538337837 312553425 733921185
643331142 874160713 390575592
454993811 819291080 472006152
629930914 57834042 839659432
23017392 624961325 38759191
283896424 162802809 446038735
110661731 856922628 871394279
824772822 646943539 730145910
859769717 827610234 24237467
808619970 719818339 666787777
873174307 569290711 552708172
276871822 367008619 789338341
918533390 501077962 518838753
960054393 457816937 743401773
93452863 865720073 912901786
65095438 187337338 920433268
14588501 104550122 830116608
843717380 425283814 689195904
597760622 866264610 210634435
929247053 184645513 868813616
890499951 683522871 603163096
408551348 573543766 613345659
719916731 6627404 138821734
755801367 591530617 21318081
290046795 459323078 539853515
156173760 257090398 859838724
767681247 894242062 532192400
366994391 973137803 206318856
34549831 278701113 469119070
905327353 639654873 594564624
132484876 631866631 634024161
803741498 420549031 209932322
557605872 922074114 421224582
846941847 168889239 213264620
688965629 910647930 717039056
547527856 651428026 986382718
186974150 379873346 251264208
945932912 259519208 473417746
303935702 223491795 158823618
765387775 947641667 420853100
781091969 545059527 777707237
300567115 295362187 667466055
502277317 181301702 225906009
915357155 398233791 859527660
158659820 256517796 963206616
386788477 571198984 790286127
599671575 896256134 204121652
479321995 678884232 984605792
157626851 523077242 889717815
938601905 912748785 298771361
625408599 39234775 293111920
194967907 787759613 15740365
967146588 642404986 155705860
26754359 946998902 535967449
540757336 895495191 925310080
725343277 938859720 265853121
328258562 263002477 785028947
964284286 778600818 120928196
233580373 286230456 173328715
77162026 181633121 14643085
480660697 143250346 779887255
487807895 256381090 701907263
227491207 253787272 825981463
324439222 415254378 314823164
157646514 551005489 106574966
353644230 617216582 67914166
996412869 677855681 802483808
764464387 730016298 31230278
149103204 791195126 582522601
164939147 624103767 250509576
803949253 115304305 467785331
140996458 412195146 862657507
163733974 182870192 87936716
844675849 982303905 584262437
945936634 760204588 968542415
549641625 290141147 482110492
8442054 980929854 185668412
756206986 601058256 369639226
57044912 464481860 758503225
551766098 392455994 54481915
865295778 592387904 774315136
844985590 643591871 401794217
115969347 258807994 14927151
950032887 41896403 777209162
764991454 334236637 765560566
314924758 886074169 347688890
269223420 493697776 992571476
978152439 855971442 515052458
61261476 110737050 117258543
799378072 822340960 369077026
50941314 162774779 704393160
46350259 116916079 89821113
400240859 161509508 736257827
606523154 29020549 912148704
825752959 868196725 867303074
303939919 450385184 641179892
601525979 960105344 602037070
30474135 547447587 674628426
794008464 136017226 335832380
138389223 957769634 645999064
896506061 979229485 193065576
749296060 702515143 581977588
806080403 549855675 649840886
337180383 460386601 133490027
389605869 5159628 294137596
113282834 185094582 904502027
855180541 741418268 296969803
674833212 748675443 288775573
250428780 231618050 406825845
864291078 611911155 186921791
11681334 127488343 952647042
751627073 18743586 202751544
298310839 660175490 333111573
995733627 825223412 938168724
750254141 708749386 68869627
823712771 900686111 172063900
537879576 13074059 189760577
850563680 970010871 434612844
559594716 814279984 158413124
846382356 762320875 954987542
598712344 439711512 11694579
111300769 291240429 572999329
268335824 244422630 405213901
190485059 832022400 189428263
349125170 265208183 609477347
959958645 461627071 63432535
383889681 257018776 497525384
556508979 140535822 303008557
536257880 644280633 695045073
119125909 75441596 676129131
493659581 218652031 802039109
728407544 936471362 504691979
310865290 693530458 183230131
242962031 890768107 171604164
245653125 563166753 594967534
336035874 190500393 695891441
997371028 602931503 4632978
639998735 258632524 846225897
875054352 543498930 758892579
767895168 757981790 314129540
897250307 629703198 489891965
424860961 419987968 423785895
577531910 461832867 628015274
416578980 573594536 689587609
827293410 920801237 956527830
34571752 898581453 164884502
645160090 140330354 413998433
488361900 181877678 849198383
372074786 662572534 945326150
924491163 859649848 476008052
603225752 216545216 607790342
844238920 927041715 257560597
19058515 937507329 569968388
438663415 576554460 174270743
519027379 991344359 677617005
189103184 578537165 710220106
377652121 19394770 79529123
186210981 244322277 718124748
740406574 759993458 282237020
628371970 46821153 440540976
480496415 695421444 930923537
583099789 822467330 305001143
372706918 398393165 317982794
345863263 194108559 674976515
798800840 925158292 803344863
58648522 524523721 723910338
149384318 780470890 539082462
265606456 58781992 937547362
152443481 752643111 42456732
903074449 351107028 757104635
722263304 703647424 625948355
770057090 832500955 467302520
333198182 324443901 225673572
277774287 818848711 976594104
206342960 739755943 291930121
654630403 717678298 248330586
775453596 107307007 61325915
109662680 972429343 102993004
924730670 734759690 979266488
352610505 334769951 164897381
109407641 623836641 59448138
658358981 495694133 886919067
404633715 680153473 552728656
626597621 124747087 14387594
158925109 164386497 464678584
908219529 824135423 94745284
876459264 29667007 488592218
648659358 728086619 222025720
379682443 568041204 379636198
903913626 286250112 890679715
681898770 862593165 349954626
182169363 671688088 133662805
855464819 878406311 908306869
616125447 179405497 998704477
646234600 674310838 800424611
755175423 229964635 544596577
105486036 943482090 864716862
264716428 454035746 54197362
583660130 353135575 895387973
405254109 960206645 794397254
313767432 469811141 317386540
349957775 496865651 303855721
720390365 489048440 550346445
788743503 564842936 869983038
207767608 897922489 637488931
912660446 493677936 48883250
870636983 882353915 866601434
297057507 598762534 732250276
272363427 921171459 664073183
64273668 767043178 489562304
35615323 855946207 418560840
451219252 777953944 582010379
257050941 527150204 768663261
805887761 803435087 633923441
221383900 519384656 752524686
506420001 110511939 565107783
58049459 331457410 726640935
507164099 214871889 857665684
38987411 483090708 514887431
521927529 899213290 322274657
474850490 439962120 160378257
257648787 666802255 137464789
416427700 375308053 914104579
952383509 66809945 360674729
408175263 744595030 385906715
808906288 154504953 416507924
27832265 640307925 339388843
255946028 925980200 991288895
614681955 596586585 680910077
434746541 505191529 282211404
112681354 64075935 245281304
757268503 854280607 663961661
719320608 19284288 381483259
495230285 267465844 475961600
490071370 880513869 688309456
195841746 101115937 675260510
516396948 23568794 313055442
280131158 598261584 813309896
937033330 476178022 257006255
186815003 314918018 994758582
390203033 677399502 499829616
601057506 272361568 690795079
528101818 219277602 693099330
399741835 490257631 197878233
783815348 22823772 792564158
897838970 695125900 388707392
553410171 887633940 129669569
551283169 395940175 301708143
268228721 504860246 627860813
555687972 535517027 108871072
922363656 429487133 817089355
532210732 743954094 888854063
732758063 434788242 475177498
508163715 177332082 700872887
978559904 845957210 409143520
253551305 964780618 94151984
290133599 947163571 294613385
541263327 31193460 488797330
201257707 661551718 915523816
641400876 224945045 658587159
158525437 368333279 438965247
703830207 640324549 925876046
209663472 775074368 678566576
925029118 739588464 71979075
674275402 811976422 974876541
743612094 950006344 144832826
825698072 305329611 396927161
253104269 535894482 956382350
611546002 163155900 975183678
464077738 648290394 111589689
237162724 126054044 135289236
930124202 924534991 277425973
802423476 131595442 38115689
105257742 657112318 885806827
921493244 207625239 890955495
370900811 592888689 833172983
702987120 265752441 553497125
160046758 934451930 291626086
241534159 248773639 646364927
223076016 438713667 290625155
86048716 159438292 998941160
785074932 734936394 412789618
431499590 851798788 421758757
384329726 137194581 887456367
564802836 197792186 913297051
131054690 995628439 8637726
197568292 321260908 858076914
292636837 896176800 74847794
307965544 59407238 953530264
988939071 701913770 546815436
10007153 120721402 265527244
244756477 336903340 303761190
81746906 366609595 468069684
994982876 584678901 163155305
332751468 107543429 106034687
333917579 820589233 583995888
334407015 645306247 632124645
893230583 838063218 947216838
686310048 313512049 464117641
441247876 709251962 10178775
68885722 664183338 984226382
754662539 197217659 523501402
972111592 501850147 573466966
527633154 372842936 956444726
505682174 625652468 458489889
141603734 264400990 933952989
817040969 564598806 113303872
245115219 827170168 361797997
983306944 3538505 644960450
274163455 242019893 28993829
825154394 624039394 715634883
507338178 18985533 947262005
169503769 587016407 733763901
678381000 359416688 256769698
287649091 114255453 870465596
902717734 947347593 886881639
325505055 786750182 811249701
749490475 365796143 908651608
924881218 539506711 355498292
651021830 26037373 468248519
68374705 769710879 762965817
177859973 645535455 380029021
674362321 649050772 721859169
427382769 832275913 950832382
805699767 831622705 982876004
310030146 619824605 626004700
745245453 451994752 534684003
131759490 122913692 827442683
949753386 432903996 431924739
645873616 842171744 846285183
579011709 955456435 870393735
533807047 782602055 49591948
812098560 516357446 627167776
240223048 25009781 127185344
177876701 241753525 677049424
653667843 685590914 492507040
317352179 884217233 200797837
548873552 725567432 63229626
959996481 949657350 65716274
751469675 22813659 373972110
617395814 655864520 544739082
472269096 521285090 304505736
978425017 178048602 390909625
749910187 619290527 305702094
705646984 153434760 412922849
737753893 182960258 410698114
226630067 30398228 959731958
30611773 937867881 127594207
224586634 286491720 72982092
900283461 794568569 247123012
182175425 578210735 109836150
151819164 354595449 245778716
828163573 914909836 988305802
6491506 271139145 486432729
487401067 981219615 487622153
211840875 3977456 874217938
266887938 937338754 388211594
569826875 909214826 83598481
758049474 998216038 255815059
657116788 154747849 717083774
417675620 784250972 544717929
632214432 495630321 734647732
238682994 900743947 831203407
908865332 538173638 860221102
55709678 467000686 592086457
18393221 929625479 847420002
595678102 437830402 124660477
606943584 956419460 538588847
174622918 71665124 947587177
426555045 146547035 292184691
649491557 573773180 645101842
942698761 159866395 425430575
380340636 900203795 235796612
875469978 495735119 71834927
892242410 368689294 937823914
885633183 11224240 248818481
558519054 677833959 549065644
257860286 579499842 314111664
364547690 33763080 501627145
862273000 917757370 72620331
302222288 366893904 508230081
421626254 480981009 189752423
386751629 782612461 686717182
380854633 484413566 754402780
746340113 451593534 489576009
946476493 597400761 968552700
393369244 836065877 180472614
465905142 595465782 166116803
849768910 317835247 998722694
728596223 251265649 902223499
222968563 848569051 337188009
744224147 997634973 241973937
914191343 523619743 839345001
151113205 389959075 466417484
701466782 437531952 912297243
292375178 400855505 505858366
755854139 10476022 401566052
436009152 878731641 481100402
585978061 970390611 151276856
616779358 44652445 306185738
510983673 873070348 910587257
396997295 683297720 911960137
6365787 530377301 336919754
537414263 58885347 850514164
106955391 111500690 402646940
545987563 817506913 855962799
958759629 781435744 988782838
997571781 669575351 210411049
281204125 414811704 503695369
756327212 598636601 559004847
610009082 718702270 655828354
856819921 543202646 894006543
717205821 918540399 360633321
242023945 484322992 515769492
82487487 747518570 783725661
111560297 616974948 282031920
195328866 521864607 50857505
573964975 196968266 986060629
221661632 866202022 47503
35317316 485521041 294670500
872084540 495385583 607030736
149570141 708287985 310267278
532226410 173284622 279994710
624228602 56502274 585399909
227545127 981743787 852780409
303220305 185234957 338286688
962624987 797545769 582028330
666029900 194514716 410910860
467007236 174064526 478150355
449047810 296549362 244615197
644371076 605765985 559061545
258546011 14309958 1270174
735391747 822112551 961798254
210259092 28342661 843221826
178259229 190812038 735638831
4799063 556499438 773482451
120709162 39457750 65697779
719315756 369164437 657487400
42218563 833235487 740993304
546408360 713729662 615850423
863360179 161785292 137600891
664188598 694343338 475854316
195318346 609678960 29587577
649878756 166635852 706575850
295874213 669246215 686261929
157278748 298071811 724740034
99688583 373497856 996315401
690840768 72136822 440830536
653033424 41998740 604480617
255299253 864730965 15216584
11070368 570628771 547256238
784125107 628299342 80227387
735181178 686580613 519661023
762381131 924907104 995591702
552214462 195521632 68640623
607190786 46161152 572501416
600284955 18894240 635515284
285153858 879405524 856083942
758776999 837267667 722411382
291880573 722012894 338653390
304048335 901735144 188848813
620493270 361444299 960327927
970644494 473881364 638889965
855380800 394669980 759094589
15491145 696230688 295434114
416697088 852397668 984745442
267018653 728768362 711001921
231639073 168186885 993929014
955181504 303406726 493085679
908531137 769884822 58041561
436428979 901038529 633523255
428988949 326820138 752285546
875755626 368715462 392563614
972954275 239584701 29353147
863905559 987523650 38314007
954907312 763825367 379201491
997473977 270614414 979504691
995853271 657641277 519909814
889501236 575193118 715576740
322796167 459918299 845297998
425383572 710775052 781552502
422690760 810449804 978119771
350093207 51347790 412670593
331829307 849222081 271321895
717419745 402311321 774328128
216881390 136958888 958083406
244959476 622329273 205449498
350882219 277140830 106878487
110481952 893995388 818778537
425274831 235113450 537368007
647331134 365819968 417626598
409241050 347219498 650210432
220864074 534528877 860672702
175968388 978974424 738512103
525106245 918142703 552342482
216225481 516482528 562566201
249301198 719529334 321966304
35193520 730196790 829329985
505494261 49297756 741069948
937904950 852002616 744324717
281232107 272233816 17814055
820544959 245663146 568756955
847417298 917046786 974205721
860240720 629635483 384352925
37960069 805866208 596165249
762998955 291177856 928135714
17861145 376733199 694286587
659467628 24637562 523538557
500153299 562398286 621712403
263175016 778762132 741222371
690305016 664505525 787939048
100301382 474271852 662981341
913077765 523554336 39106868
213994019 127188104 801282914
837308386 869994209 803312705
700833760 110665238 354135654
42122045 156397386 585525562
103898270 519800466 990257943
950034631 952113984 482921575
270646261 260797679 59402737
439607110 161212156 945682895
781923264 958375287 380134959
785174887 749997816 638011561
980543217 902840147 485027490
429515239 660164786 161454479
93424146 212433410 867730479
883461346 54413617 493654987
733114650 290661334 463509032
720561368 274557352 151850494
582491626 323341921 732735122
31892119 994904757 890001285
882679886 756352613 842258947
68159294 874539396 470019920
235067962 402040201 256969776
94136678 635075047 453278274
217140294 362954106 618038438
229969432 351579843 288587905
387239447 621932936 30473150
546682732 628455746 824731623
346646641 125473022 414464400
796405980 697463376 78759476
94602644 143757395 623190670
692890414 277608043 965273568
238755472 142124099 817906253
878364230 272566565 947073373
291733408 980879163 724407880
246302707 799512388 393016164
35076039 218853126 772317243
290487026 614839108 586653307
370730692 774843750 118069676
943814407 138682279 287209545
537623908 270993802 551557804
485794262 653935267 626690800
481630344 824919012 302606316
144940615 135226230 907270767
859794360 880129885 167220370
248019445 329030421 381583820
127388785 52484746 761134440
189553732 297630168 638847355
737756796 221814829 937526837
558265319 98682301 723923300
335332722 368070219 276502346
814347836 164701560 965941592
530195868 453848275 526518752
82379762 289407663 239755117
528898736 567847574 559440887
747105863 43901357 806054544
152235022 711473311 579372691
392969500 264633438 278263330
798171149 700674737 982409334
942110999 674774456 325280622
839048128 817283689 34345403
423088943 413264263 122327205
380963693 503875193 695415246
710827819 111989690 183789741
625943704 918574365 199361391
670421719 613754696 496066630
969656148 623431988 571745567
567456117 754052209 832516253
135714038 762402337 267034613
946713424 987831429 773850674
832257101 806980704 384616727
877526420 307192781 541916365
743649638 675495233 823638008
344143383 972151758 556874516
677836822 131679201 406526890
351808916 876155272 551485168
654693731 686985527 607486023
793456958 777485942 798757748
921007746 388191605 630891785
679414499 63578193 266773062
794934233 16072915 346125761
335369478 859118336 793065830
857225801 389032674 896238647
406487263 362210768 397662454
147571138 106178119 982727315
558279445 587524410 147267259
550023004 109832311 675634852
537089474 616899524 56319977
820544389 920302233 720743467
409301241 870615758 350462375
270856 689028215 363253478
453275639 233626400 239953004
423923579 344822769 522521347
452157780 18811677 467800203
300931977 161399887 967031092
24602146 889086189 8157801
646348553 543741200 724989330
536048023 341587465 742208353
532239055 696246579 297236225
208981640 427501109 18485089
612969662 788343892 652513767
544817778 16534915 367284096
793864912 992980930 715489492
756876119 493997991 65926309
722284594 950490309 171100662
829124290 632920425 482785195
969483678 931043454 171429989
532461568 732793978 991873688
78945478 841011247 643110692
397993986 452132161 372218830
464698043 211279238 152701386
399764393 954376601 849507407
911098848 119178837 468772811
689180136 550388986 346728457
714440812 945553193 293141663
661142850 785234565 860397433
220436650 554830212 470147471
944602561 229864952 963660249
91183448 703524970 86708563
501152914 708454391 497610651
922644906 377371927 998893620
71371957 612669895 432785055
170799931 721414903 929630694
709099693 480684812 749903642
96288479 338813050 826397463
153127764 588867261 23934342
358214879 362012988 526853960
513279514 596852676 292316400
675441522 215065790 432765836
940316762 704062186 156679667
887130330 323682258 44812391
956912021 365540880 330630887
289045349 805367524 178686261
626498738 421285160 83352452
130751384 611208998 423906896
864126272 281688424 147579193
459709351 77563356 790022337
26921681 361828734 542380626
362776899 908459889 749951953
834367487 440995082 116241322
802418244 269399218 91977790
339821827 149589191 308649189
466397917 966851737 502259621
64632602 616940974 690810787
263582011 362735930 239737366
292268264 334661839 971595787
856699637 261934273 821122612
130856193 125846601 850615095
564111760 576058222 58152200
218549556 850666213 336186919
428478677 84906323 573197460
774129704 447396984 46942157
798832176 89021089 393268651
419192432 427710178 477435690
599740888 859371966 778279708
410858605 599055129 674911650
821823551 769463727 347877663
594704151 255412860 224882981
118012495 285305397 681149951
73038471 102939903 16171321
113523350 181200215 945672487
87980157 254306757 686284664
317887171 84052906 133295448
687310496 298798098 800618453
811284438 899659265 315604741
890220270 86341007 191169683
681016986 441583548 84029587
292043355 822495139 288255129
276342457 354230323 356926401
260466235 483368956 89416864
613762935 523019376 288060145
431109341 363177936 861120627
4147838 247689 715528828
669822267 144169469 995154770
250851054 904494246 86506976
319675409 932717756 322879058
487894217 178957425 54359601
225733717 618998868 568835668
384386491 622368332 35782558
101346692 948727263 637165188
75050275 401277544 695249645
62912783 192602507 613149532
496984343 287305427 833963148
59475936 542048209 173379689
290904656 22119177 57556938
491007352 491489762 147992165
40583158 700330583 94003591
405709538 145465459 219380350
944573561 579610777 542478279
419722722 643553224 254833631
235175 984013784 252570227
672956561 546212982 398582129
807994071 738045047 982895434
730532762 572308839 169848933
138608281 203066322 558468247
445701123 695638432 367964151
370776397 556980516 632153028
850242357 519691095 467154248
317098645 605875336 566832360
944918104 679422398 111078075
288321772 399150536 159319641
121952810 977126628 109327826
564710945 814570360 990810057
530227371 90764026 8073860
270879627 685286180 956709059
175424124 592465773 875780005
241983992 67065795 497184368
617112106 871354499 20312372
178977429 631390812 123908414
839831205 549715696 75822830
49311030 759495184 368768145
481069917 52130019 542918992
703396389 497935450 902721336
87759228 537017381 480078568
633266831 29335917 82724729
46297444 280615129 814290032
794975979 87101597 689426112
866141623 329456318 404316692
386932014 797745621 488423775
649316958 228820884 744854970
87188391 595886008 579467379
977898041 46222087 686931702
850865462 998960843 444798953
538836574 764151393 769467913
730832763 270049766 62050228
917978170 539240261 914480157
320471145 89603203 957448603
781493659 975785221 370378028
327297247 354727024 343657844
904823009 108738240 505868463
892424880 538801438 756148486
152466081 595920035 883998503
262350953 337100545 754616178
125640721 100348788 285362627
721387125 837835393 160110497
189369310 125851942 118481644
507709983 941211847 661552886
821023800 771114978 852244223
774495673 730303587 598198685
549496519 629549431 552812683
980289975 759933601 659122896
808688118 732575527 303577150
553115080 862914864 681847372
954430651 29847738 273280281
211645556 609698503 371924979
177572343 551594129 31162250
598107019 41433316 897994585
787943595 525034082 356189496
370786803 142257018 337192827
853286568 719160549 269172089
337536590 425874231 5300969
102163385 531137361 470524797
733317915 782938361 880050039
751620357 662985195 347595769
978702312 460126693 746978055
266059818 631012615 900335532
270984888 325210181 432079228
602439766 192050836 362254035
445131250 360125878 851575979
845078018 235518822 607218663
915894800 505896475 435987562
940728364 268501978 136581596
123140227 70442233 501864887
897538879 638519033 273064284
802474644 937081406 516815277
432191456 854635172 563312637
641298119 723187284 33961073
90523096 258484950 409369869
63272708 182807132 552811574
540549769 618898499 363696756
908673694 491913470 866770215
425078244 287683851 108557384
852751424 992519280 483166031
199685982 602043884 75011567
203841477 164724191 6712775
843860134 407267197 967317133
345261257 939918224 648618074
481910587 143753050 669661245
304105016 419492094 844769953
216625484 296536144 855171526
120980274 16620939 76355899
863411024 854584817 569029963
521797143 634475653 777016739
452488612 528140839 845679876
836091187 689703632 464402843
268188707 498504802 324005140
119928779 225738209 146797749
656485682 409627369 20310348
928628528 655687818 305809885
589852805 484574113 719674266
641661416 680800187 808171405
289921376 364551944 693214168
575761142 296772387 849949262
205465715 96118983 182217487
412303774 952365909 347286235
817251826 702092080 23777940
159828115 399280761 884365637
990884753 621651500 457077197
938243206 595409648 195371582
196031636 166626123 584923940
961113677 633882055 893117027
681708536 203457066 537841749
805214220 434222896 315744385
293609449 932663635 22199139
112460740 800052472 313663315
953909053 505320351 466700864
411976516 384014069 13113149
300454717 498645889 711056110
505615355 846720969 541546844
410299667 366936603 728383085
299391252 437582316 231654202
268608774 642322920 731846141
997457500 715289541 86591335
482378110 964899556 724455578
140765476 888497101 972957621
362970191 196339948 373724517
661245316 740991240 361101593
129408919 865699322 495440571
561290974 332337451 618991606
796615918 619047091 352309657
790668113 246012095 831488604
272446175 314031147 688030923
893429819 398694671 727705681
567705212 719114224 31712313
819586734 159073683 667691118
544672687 711004377 348846484
487612239 107123383 993809032
433554847 814314735 250226931
14362935 43779225 721111747
877215390 32892880 296539110
587763926 330541833 207223527
592319631 675950722 857022321
579207378 876523386 995010288
74704457 697019781 913633692
286256562 974463567 142999779
864087369 608595465 365080389
650136922 150118985 542666516
259685365 378848404 597371046
123299322 826499 166561847
325796140 956066406 737078682
279990578 693952306 803282220
568150319 140346398 278738009
422445785 716576345 100153223
152475806 980399018 629178395
787229333 770655807 180602166
590782895 87425443 243202544
583305693 325888073 87486231
814315301 565588407 156322838
670224106 667600407 419999627
228221355 808224526 74745940
981746400 128593502 77367125
144037677 829827465 532566168
211806973 145968393 932109755
991633058 24193649 26862064
678510771 265753632 773313399
201992028 169541789 986637039
394282098 992896543 585116838
898041495 144775524 358644147
223620439 768473891 880147719
300913964 264119335 450671798
23832783 695201279 806464301
579797209 710708171 866756869
279819585 63336982 332162304
194409825 638281328 263182042
13613871 856939103 953770484
56425963 163176832 559392748
335632839 503135051 975145484
597029503 592226350 732348360
18267409 590204572 657058130
633935092 548190790 148606736
625955545 327945921 844008636
451065380 694181231 1638602
511645754 599987063 165896249
45607822 418052411 760816157
205210396 613543894 484739676
124125849 259244565 462935095
94183835 834197283 150462742
380788589 562694997 495745407
259554797 893158623 530781618
417139590 757502071 943129640
909180723 105885561 561693618
282309636 885197136 341640120
459639507 338829880 823413163
751496972 896957427 663473264
263618144 560870546 760335424
555642098 493261645 738317923
367885333 257954787 447430961
622912260 570608064 524688544
196417116 650509718 329734781
838740570 785782195 484729121
803946479 312271005 543958449
350565007 925577533 873899503
472811934 861565313 40358902
280390554 868030334 422755259
333284630 667545967 483831719
61810871 907884004 912203896
111436475 429630058 218315385
862830880 878705440 330508572
241266615 203808906 32032332
154167712 292471701 595507837
783611965 497123210 885513794
361141023 737380373 175582054
668707666 735272278 918345715
573516327 149291576 850733700
112082958 937844528 136334971
796180456 977321476 686887142
893975457 462350986 202656214
558008865 721862160 134419345
951137128 857218827 51984052
351181731 308159885 247014247
823315795 571464298 375929321
483824932 421184883 809155655
534822102 694455893 764263209
650512289 167935468 663594752
351250760 863435561 259651598
377136331 65868111 40652923
867481212 247814278 762487874
391814434 45748942 128774893
123059810 34077950 869233352
595174478 991083529 885084767
747083192 654997873 749625101
464601025 245119603 194051624
581696320 45423279 316082142
87229183 608354043 705167994
565795358 942609862 383300342
477890180 838272992 68093499
920014760 982363454 955092066
67319829 909242204 787833462
991291957 994917607 307215888
682115889 427359551 471047756
942814317 784610025 6910923
330595866 668834025 970364719
400569965 400882951 101896389
224940650 410181088 131377643
925618188 295887828 998297622
858612799 321043752 862580985
734295561 175435338 869810370
593244805 46613538 379447134
846179503 96187167 341487108
192244112 560286231 207997083
143071703 249795378 915493314
702025187 754650739 930233945
34574152 665096942 884733594
656788941 155619401 295227612
285771360 137156629 198436020
78741578 99494379 808385730
308697868 99269304 914985426
526392097 875635105 882441720
851403637 795537398 98813838
992611704 401034592 428468773
616415166 422833019 494148583
763454927 630492781 39398448
180523423 357489528 875009144
181138059 971679749 265611078
783564185 321808871 384001163
835505159 510214884 771900783
176248426 274893707 997701299
973714276 533187342 244283172
546591013 261267167 178998788
762188406 306588175 952628454
536743152 116553371 554127510
19592404 795519614 725568960
875890269 757674297 414072364
637422440 919489378 980162418
942959445 610535422 334497793
46611400 433258558 172993624
901961926 879016330 677385560
939344890 235700370 736023887
484836299 502426531 594010702
842000677 186417 126448746
590304993 115281223 993798691
606503522 638914493 234153764
816490751 84925453 85299032
529316063 457318124 456690651
962018787 550632181 169189686
203031597 934665961 153764973
199456059 678307591 145157498
233233507 298470383 692078672
962954202 936756047 2571668
162784207 7689373 235166404
572980216 591932503 445616760
204518355 637495475 723321408
375820927 905298507 980038951
339429298 347460647 847618616
286729172 188421796 192146511
59746755 724250185 864081673
441009300 261965561 185164329
273447379 624877551 342119202
258768202 774191372 337717298
54791075 63055531 403768383
383999094 832725491 45601249
619984142 231816778 70846829
919605504 756436992 452575926
903514107 84060192 665832715
137366072 40408801 296600432
708234568 253627763 57575092
8511379 478533397 159105375
741020576 262921205 904544107
86973091 710466760 210723713
688508172 494902519 278737025
490527576 653102770 987474375
165193743 484180176 186829654
293742752 245527016 974966307
334309358 518598874 288206789
225320940 716924541 258264037
765197702 78180778 167601586
80720203 240707342 992205250
540157748 301953210 458457032
893377495 214975306 202894464
479074395 557711402 46262932
856841771 986670042 64712268
156573664 909589564 197843763
390819587 559538332 661733583
658543525 790831785 917539710
871231069 89494135 73966697
481200697 785588195 899474523
765435442 586162490 755210644
891162286 154670831 875064655
766166503 404538844 899723032
7605920 698578039 263841826
285708198 348376932 143035239
806234180 418842916 607729061
968820467 727402430 669002444
72326508 894446190 347383715
199283568 202439170 338884550
483162085 157323150 778526521
418335571 381919461 46751349
67923076 963957474 937939773
137708705 605642766 310415797
306659515 157991286 594608956
403468722 758543340 838361792
948803362 495621111 666192521
488963963 760861201 508676413
399403991 565074027 28671066
551755507 261162954 878947232
38549596 948783440 210003615
204401796 51845678 603289391
635713362 601968775 668798184
25108572 870679422 801453289
836824173 25419154 946530145
81668277 435466623 607644505
916131328 621776068 337266592
825734572 411002980 168033789
397728563 322554937 612897914
776086107 375772987 164495564
126036412 490917612 404922839
546411708 663359243 330390132
227479571 377734850 256887535
710476541 26384767 861051026
316114806 34309175 625808031
892041350 409323154 956916085
548633063 738445168 135469134
604587179 440391991 274711291
424897065 63341786 852104901
27098655 434572884 754485665
806818082 33768778 121519409
371543573 837620861 482454368
976168835 201690949 69747702
968425297 436627628 507592334
12240442 586260991 826151049
788776986 319320664 494733718
743903450 171481488 661344341
580117221 613453626 695693000
329839121 217080176 312150900
276362200 52213023 26419656
503011689 401129649 637598492
765628009 780676904 221763533
886386119 62796642 381692324
629416134 259308351 803718975
251119166 206797716 738395932
578688551 939758112 402911981
346494512 340032670 528536341
385150920 115912723 694288541
404255891 9165096 259073776
669926312 902278297 28848137
29299147 297655867 540955978
122871579 548210347 107995665
586649676 236822188 199549373
809313878 324784535 644464403
82126472 782388811 245005441
732960703 798037855 381542786
602000072 176338609 677871877
978666779 913232412 520568989
295043573 436657518 710917882
392822917 733668018 549902950
627916806 686092084 85305891
255796740 99142621 448011312
729452978 614175293 181780423
703120908 218260745 373150523
268978968 302881009 364482271
661324919 803544560 122088993
418515562 283175602 493365659
845576868 882826428 910308341
819746517 591739858 326188847
891688818 559594883 914863215
279190209 45414561 388751651
488111555 880986774 491232174
143077816 568519921 506318208
863448581 258788666 70637533
576375200 151738977 361143619
227999951 541485044 805277902
366490808 830254315 48427913
915406287 470975338 478903772
903039369 422708691 147005765
35530533 292939003 358015463
846552032 890035418 657756279
435658483 741805837 211221561
27010859 586217403 723386706
420293371 360540354 778941688
944550985 104252561 953749056
465076059 823065503 556462809
202065664 541858823 584598095
18405607 89354965 433347775
414432044 693376386 705844308
10516360 10316129 408936445
300751003 838825416 138524267
282107203 45628114 677152102
488711359 737197855 640180452
308282157 889220314 427303558
10345389 853493832 965580667
791237321 306950894 688248192
980380877 142979409 412424692
514587295 770437330 136729236
269525736 741805645 899547839
255513310 883497723 591384193
604470768 99610072 86076177
567014414 937378165 287188278
973526679 600752452 684361237
646480734 152131493 324568374
698562895 960479884 804826295
449187911 709854783 101167874
797004975 231506941 683455943
321823619 946877663 926069021
832573511 812091033 162879617
309915469 578836400 900957848
662082398 217357798 156683100
369536677 282278947 396094055
271625167 555333843 269384979
298610154 443600065 242411264
205973123 984144619 587303573
77246114 542400737 850262921
727804453 698566313 869891177
879091212 687027836 848333422
803264089 862834246 6097826
503334119 359699424 344189247
247095880 287606700 77189749
420283029 959411244 866638435
53110342 411865665 70587470
809186336 279683782 118491180
358192910 831436074 524288080
526328017 180061848 484992630
137949769 786485129 159185828
239330893 483713730 657518080
25119323 999459845 538077521
571661512 637764285 923207901
369002300 48741714 964924278
472502899 527695588 927236528
271596406 520640646 895998869
986174783 972338531 593196952
744224821 413689394 726282785
190288530 951537930 18372116
138470395 989000911 720923846
253207811 446796699 980832350
252099012 49972259 466190956
692823393 97621804 361804704
424975712 469871927 648598431
326764718 340925071 566079697
772357902 548986910 213266513
452225178 155744032 463008200
968740204 709021611 646906467
392632197 609530330 696806215
466594864 193125941 437493710
46424185 553470115 223251462
566925687 374836607 167395643
826347175 766299252 180068791
224729070 962132046 328886003
589384531 660050880 769471766
360502901 662642974 527194326
849471199 727213069 114798135
212187009 508777273 773640031
366390699 462516842 762490386
824159661 535745953 488183558
927623238 582791458 144701298
963085160 347747763 654583151
988709318 61109749 496681578
428740043 940285013 216709760
898311062 108248029 741506510
60573263 9276890 88903208
51694816 611784085 141901998
614847511 905163631 193386914
144379349 812189959 770076077
588990588 13298243 203187913
871425431 379611240 29109273
890855481 297798838 3084853
217600290 709238880 757831225
641442507 877945593 715456731
580720116 778630291 805984844
933918088 181280285 215787055
634542330 33968920 451496035
554946210 457531122 870989893
749797034 761589939 864092452
816171640 13725919 105049877
951928795 882748159 257368315
650278219 540185171 769029134
984666790 454010261 234853285
266161288 669011554 327245044
136134326 998729214 609064612
881005598 36107229 315839801
817521348 338956260 14420445
503872831 791869510 765006416
97234710 791853354 264835462
421614348 822796110 105019900
491781168 312896743 595270196
872618457 656948079 655407111
196392249 662198628 12447767
503811974 900320143 803136179
337252847 182634359 517973495
338908721 567908521 244172831
221402961 833611344 708050784
18659058 196307601 305191186
707599148 664827259 609288225
960140406 464690342 554878000
253926304 585909878 401169692
319379832 624685256 338507930
537318783 161336268 96813705
54157423 768360149 420093268
95226460 488919307 655396813
975000793 289748455 946844676
491702984 986789495 129384432
129335451 430925152 556679222
434488678 46858238 853242226
916492245 497054762 929567994
568885647 849327393 171926599
121854716 47343858 61226352
118565911 770152269 659937303
804821838 341243141 374394663
193128084 583362360 589166550
345744692 16776134 641183336
787131720 60557519 873384719
663408112 157182823 492484615
446153726 303877225 680843611
322474551 123158729 625316165
581409680 237566040 144509582
48329476 690350119 220403373
420299307 617947819 886121894
127249381 260328344 243857193
101736078 806851641 603022965
761420424 96117482 887001534
30194681 952557401 735868780
66614686 523829120 459871986
822567991 544631340 686256721
4754385 893694524 296569988
490126298 266916621 179693771
110430423 886814983 595205526
399678390 905294472 834613175
806038217 630308948 66472477
53878176 984066971 30732156
716970936 855010044 545622585
981886714 247760212 18920423
938934531 242193287 573163543
100587364 78402633 386798193
239513088 492377945 656320614
686908529 539733271 304870047
518957246 638658085 227266676
17941988 62259989 862746556
185855228 544556400 403531605
456390328 260654261 980716445
380652872 320897717 199874415
553409493 69455273 627006787
241607276 88411494 786906483
296229913 75084617 432468836
124875903 624221663 913309477
762851063 687939464 762536669
924290096 759338239 886955137
81464579 905269688 376392722
484242993 939416412 804200690
94244209 246144499 292526209
884363944 54568320 53414462
178704721 372790903 260422675
674260026 541788639 707781079
944767165 421596882 529816874
442026510 728670741 501079476
19035599 41542856 528900749
790114780 816396222 347590319
638126466 643910489 990394937
509651029 665992096 808328503
112336828 879113195 765480676
209467379 961343416 706147913
732137963 7858676 98907833
556458116 489470248 396508049
353681839 63541037 500929866
839584702 796459819 448614248
941587296 944526624 50492816
463024363 180920569 901942957
163776721 908093498 188479175
662746299 581363939 67691690
658090753 647609187 230348401
305966970 430904973 233936284
607243351 243473671 946025206
580896204 930716633 771917519
262151086 998921239 659603120
682009477 792030793 509051002
856839647 718128743 593598059
91205326 208775563 624665515
599786081 260809161 523430340
149282387 703326415 526357702
847051497 707359810 820596071
382816441 545212477 152223570
665327528 147682086 957806669
303913832 961846178 633474201
980209007 579196488 670997349
970583060 251719950 982145851
718403495 757326836 361172045
79184773 725997046 673828995
735235932 658779728 303230704
928987871 51474322 850817824
958974187 192764198 383804550
987208408 345906478 909469208
589889824 354608744 532386278
866662724 532502968 48577570
924283466 399461495 716750895
136114943 154507073 128858317
946165945 257980599 885126709
713998688 984276190 50698672
752202726 833284875 469762916
898654684 259959653 722077245
986873403 722044219 208805324
854802675 208517380 859875743
772880038 345431991 432043546
292597498 221576505 220454400
756834894 249211743 813608877
814026114 991420786 840144633
426967578 274237296 942648993
202925493 234861475 241624822
918465279 82655299 655466716
715178963 433480676 876465239
352035797 316615184 204440446
414748407 396849861 878217662
298833070 408762061 847717545
20509960 788640930 812477978
71739992 802936406 958988855
74044120 742780100 523327772
938953257 406225115 759489185
704652189 612918285 293322552
414332809 449202012 40191108
779008033 736944076 61794801
510826387 838349661 655882509
844436621 924158595 282116592
237906721 116239735 295141435
824495692 658346428 48372931
979014130 491569442 136177438
740950704 385302515 490068486
474549412 105134489 194455416
587571439 756205968 887326688
642264830 255061185 424709600
209771874 144541193 403825216
34940977 166297519 870751220
203427662 911428059 534360297
140366980 804775448 409264005
43659942 93860967 631759516
157241466 304852652 585204989
172891150 580018339 62160435
327989952 657468624 998077099
157061422 137532831 858085214
656254501 574613348 302379004
53839428 229096793 274754169
67608912 477892775 363416592
207211963 847488420 643613666
469564181 537020552 218726620
504307717 254364377 652544552
763719543 193072072 508011353
392074416 796848660 387312606
422072555 499563005 917296114
536007973 107522918 981344271
418946365 858032259 233139521
900051106 175201505 358840068
510232103 969200054 976827413
231730639 875448007 699820544
53829817 387060816 138998840
300278040 506113162 411458065
610745084 102017546 233479503
205874600 299190700 412899139
837391527 924310514 358250855
53372705 765323987 432585973
149023601 424770107 915106331
807458313 595655796 156005577
350844883 665679706 685437809
703836931 480817879 2213467
375577309 326305408 520090905
78694856 712186465 990853827
116193563 358648114 159635789
491508582 457466833 535788637
977866918 115498338 170544011
282922627 734398088 311514122
147290217 154116493 437590387
239124715 478637022 87760789
650638653 870986403 903450017
553505054 657426088 353977844
564274286 799773203 533132315
444714222 305616830 513637762
32511553 861105413 321061626
222502490 454806665 481095351
208354717 299607014 306471887
24436562 487192472 912253952
330872827 212565174 386230827
940651632 54062427 111241705
996061119 531159050 568192715
789766966 140713111 38696714
574183804 946169570 557747919
873801785 398709135 18489152
924450200 286123274 382360315
825300893 784681075 978287194
631137325 212639971 471166885
982547524 139704306 429178998
953324772 38356149 468713719
456062982 830521825 651112806
475090241 415880029 161728310
456316888 536033693 330476098
160243694 950989376 949864827
714201590 9354285 674655983
298426557 354947209 140013089
388880956 935494521 215016689
463042001 754884135 528828124
820359357 610620970 278023964
836441482 411914227 7293889
733243094 282353170 498228574
713625450 184379116 883171640
884671895 901908029 862624265
958736214 929323079 149594934
418996415 474977150 497929268
202965599 553975737 206408247
269783256 220334536 148733074
530252846 938266500 731658374
896558604 773253593 765447434
91704012 432003138 818702425
276830033 6607957 669240572
350657287 85754074 324021745
276238981 91078686 340861539
979324447 257743027 768964777
111118798 674210422 907772295
520834768 465310922 655518681
146372912 623631633 491789961
444982664 977716928 1011376
549305188 130446306 932119553
72790318 567433917 266946548
154894964 220565432 474892183
691485932 682406041 130040863
285714341 988206023 908674420
268750113 773332571 588738604
550626357 489787438 505596134
182762056 827674538 998768856
804770829 373330736 995332834
141509006 361713148 767213611
328049629 640203974 851709871
575697738 361392598 204801887
912748951 13514083 419283221
265547514 342039055 327060741
210162264 624612966 77973872
448305437 332322461 663101465
853023416 35784844 341934704
594048371 299689211 142204913
606061425 649125640 156623338
298865183 750556983 400735272
762686754 689353333 710440348
69064800 521451364 140985033
759219222 690611576 584825839
199033841 498470144 76718442
109100470 226236793 665507082
242558067 207734923 395975747
76470319 956800791 505042374
110744518 581978663 583804211
168140580 747242765 765848074
124139600 46922346 350508477
210536207 442549042 418212221
890413816 320832413 913359458
441431525 266686915 653989569
17078679 903488988 550167034
876472667 177230388 23141160
423393987 64414666 244810966
524590183 835308620 700295999
387992023 863840239 826235053
714427818 345332358 727193136
491909716 74756909 454773378
683584388 544866781 790526518
209034677 692932558 201578501
856087704 219647573 737286659
624853972 216544372 999188606
118776558 552837401 829992093
323481659 973719872 333906443
492278783 284041027 773029602
624667668 616019330 187495534
538023888 741345631 180159657
870606218 461199497 738805290
748959704 111969393 520491961
878884585 161955047 108494281
479863058 476989462 46931770
338004547 648287460 188422197
872781137 658861501 857951424
132524363 547845291 688919346
81439687 225492253 713781663
598603788 139641852 544078467
257325346 570411225 947281695
723563396 460044189 604376259
53688183 972480270 939804794
898882675 243464176 944735099
159013135 13962965 616769541
2126066 359630811 518384621
627165114 677736548 980886447
659052484 413512820 611199217
32788138 406600380 678772845
65269167 679381936 481437103
760339355 322015009 660175251
97924048 418763949 455437339
373747293 582538167 928101124
959160402 55345199 117142864
488592965 889723598 615198355
60701384 21406854 750055804
665863629 498705804 958308883
800051095 527010065 630037008
195618880 805203855 883836633
840879377 110002659 416678138
679782831 825546449 990955874
700689924 928839341 474221555
413775121 616566628 611295375
231359410 896608926 208108179
750154603 424194163 400529216
403989802 50013399 204846327
53905631 585477365 121365145
73594485 224706386 911916081
466956349 111980519 184165859
907305662 654864585 2090846
411190062 294503208 62500450
613229128 751784795 534496717
815003874 783804788 272498878
96231174 985533932 952628468
469107860 247463998 586189058
175278099 928798144 950243880
584762964 313417783 744245243
599020030 375503769 362053823
882443465 533787122 59958645
938555373 153495663 596496869
9225748 593913388 190920533
120913903 572720350 271901843
970690337 800382049 389221284
533470959 110306992 655667160
240974776 900490086 17609668
909539179 589150762 140592162
250923566 166992469 174974747
124018585 242925106 332561106
965307245 651022642 154335452
956059926 109613832 277277573
20509414 406017937 825537498
490612869 674840517 971216164
58706909 993955119 739310249
573738962 230864128 185052440
171486888 799565155 288528204
476655107 392197036 704122196
34132964 677941626 709244158
608228980 21681068 65911466
373570137 833156081 234747031
903194937 765512053 797652802
930477707 617714747 448945577
851536775 338028860 573097295
223599472 528552083 618767492
738587453 58880927 384934092
634194264 867852007 372722313
488000711 802774310 250423074
897754838 173229384 868990020
714009081 679813747 622865519
152405663 498532507 342237262
200926867 323447008 569999384
764161436 415697239 202782548
598676700 184323265 792436976
666016809 322191530 224997540
222264160 27820802 896815526
500935132 141204580 909204851
525339433 320350395 634876658
468792027 699318318 452165353
71140426 477153223 513474138
25684074 705080091 529905214
50622828 51801304 283451081
268198876 324477426 481819815
832995006 839375124 413275969
879618050 950115276 451217580
602012548 793006799 387838158
861084367 481198994 888469637
342900795 874137089 771777902
311488883 879857471 458763788
391531932 269921965 131589807
891618647 877915826 398848407
782239930 6111577 817911863
485477025 768597969 6900196
489124026 983219806 441193542
672253214 142132011 702768436
466358171 378292962 856180391
619781817 547886382 645130991
736924879 410622930 407398202
376394438 923985049 568050199
844643375 765289152 404265688
938012915 812232744 58290634
721031390 209632461 434415609
897868935 52820588 410741068
99245279 704060255 667227591
10692042 386801369 67318701
317400419 509767144 210803477
247240616 64161045 985810332
769095362 491579356 895373500
884732149 684614859 596495146
695788121 517080122 644191396
603779549 224230587 406801006
525116044 830631115 858819149
191536193 180220180 375001722
79021390 479745490 526346364
749298960 550388754 364195843
221786539 884010416 543847679
421085047 718900353 102124564
701258557 323005865 370886593
92868013 928102912 275384564
360937159 468379950 962158941
408599873 285660398 730217224
894308124 984289195 701287321
295334304 971323156 190271201
315200741 916450909 254174162
507005529 522962950 773595710
645512304 397234222 864534207
763100252 822874861 936033855
382419086 339831528 539893615
985347853 783239419 253259289
348534297 751177975 307923730
69137021 571456441 610120743
383419864 194025246 51494590
12094017 233610932 821228171
782551351 919769798 815863710
635859431 642049364 48554552
927796409 984789529 797981811
409982974 124294718 29224076
844239046 394551794 557203561
781805044 847694308 527895673
916380448 708857543 196607203
926150876 647748239 595247893
343621127 478494674 148006136
261157617 528978264 245473647
61108869 289027858 587840840
967796269 14883423 13774547
395434146 350123724 716493396
459248398 899514983 506921015
567879871 350555719 134365109
904664025 867436662 273506226
539060468 87154788 811974491
289796446 668958585 326803175
91107833 196530891 893730068
499421264 17488491 129933493
217876520 116706858 522244006
816176171 617297267 373810334
691481661 147309806 629540440
17845465 229620564 480754371
34155106 865104385 280901259
212515321 997061890 29798304
95659400 933330001 734211274
53954149 310608885 513241724
934027038 238443742 914954625
178310466 542674349 631128247
465570799 488143946 617989119
842604351 457569394 442543650
166503630 101550819 398519538
699315726 414525578 104558316
21921511 288783660 578863677
979401468 122059982 37014444
189928137 418143745 849544145
198187681 950360764 235618170
213786040 937764918 453745002
962939414 658670815 439055602
406510122 202949386 326188100
824070076 799431487 178590335
963668857 753969760 534591143
371331393 996034227 635347006
553012326 227001200 577682751
575272993 899399214 304286300
26557693 842089023 539563895
254458378 207293012 98248215
935123038 699978302 40757994
402823168 813907561 371413851
654278236 830242991 768744950
927111055 324561356 905334352
990265342 91107375 881388466
676537921 921804196 182670953
52377287 279289755 253549401
953359673 689012439 871511282
17619235 79690189 29646262
610621853 972243297 668159863
551930947 880286464 683909644
894688262 76246423 650056715
824170178 176727130 798075591
461854417 608398350 505366808
142187528 372971939 721942821
753471715 219052367 236961314
257002013 340146251 341003956
700182004 898749897 690623130
997873097 729763644 216409943
234763415 603399518 758963678
961266097 546640711 946160843
912698332 144497141 561653282
845838506 521111179 474656322
281101058 179970283 377886832
330136620 682088446 218802878
39491090 590760129 24473338
252043554 310512015 71542728
138927555 348767252 466242309
957247550 3465199 233435954
238257782 519058872 847149388
89535443 174894242 691793692
379446564 818246921 843629159
73619443 12747041 309384264
679887603 392038788 806775980
415034566 644097698 735537949
562292926 515179030 258380296
51873623 63385783 173349966
802900384 667801875 636782768
729096930 474897092 954885552
173558697 351347616 498085895
279439794 558384565 206017359
445227806 789723099 394558087
857691381 205209314 708198198
183429506 592399155 502023831
64170635 907636356 628454775
917482685 274481596 44871018
583855398 389064350 662149712
838023763 355161112 6730049
830678438 523142505 746662805
650092552 133936502 380453749
795462133 949695231 64217964
501672919 785629154 538528022
447956295 215653512 453186257
768961114 413157814 522411945
134487233 551412983 222947211
618759380 997170898 503320907
106399806 262080691 788959995
902083180 163784689 858415214
21643552 506021377 224221897
453941692 179446441 51694454
436625665 12794440 686958136
392006064 911070012 721283369
311863361 290557815 186948660
276223093 733234324 699363217
68652317 343238846 407513725
694450064 350033453 820250716
531698892 540827296 111723345
621245161 266008355 993434353
92055462 310609964 975185459
782590323 492613366 817113408
140882155 122029316 337188738
874351851 876492317 829717744
296462259 115291479 750230974
922857666 668489108 208590875
546837996 905575075 986687901
953743092 962983623 488685142
264027004 70092687 227962024
457771325 613146843 215328226
450087349 811250206 90155004
695457732 737118650 372204607
506262076 192647672 590694957
570812546 861786969 783823397
927324792 698882579 271422160
942725509 816925399 291288186
832255610 118954987 992136413
839242189 116341334 315444537
391376040 721323741 507044268
674283365 210321982 321650385
917883168 137143430 66288392
74838663 961300356 311055981
743393628 210263933 575592577
412932782 856890791 97993941
933969436 991185407 150826526
380165558 438501061 224536130
819536585 625202189 76331989
330132032 67533866 448951757
257874506 612428626 87290252
208632694 645616408 668626622
199850652 837971989 873546875
730655306 23903545 215125286
854768324 71742776 588326826
199709138 492792990 178887529
148154892 261951903 640244356
334748496 85922329 387055556
919831506 726878348 400103662
457303393 844811579 329147133
3992603 458425040 464730859
971749861 56358883 587711556
10490849 223145883 577210010
32911298 758415144 94472046
892744495 311258576 522277115
811259139 741399290 248338953
976202839 138517838 432303396
164485482 950212118 714490917
427045672 590684213 664880068
569592120 474240678 416880856
950833292 587186940 586704057
734099830 784723804 146112622
867974195 488058964 418552031
188458838 216070071 622683814
742872413 581740451 321622389
818013581 552459043 325275793
942980564 671055411 115418532
489968582 951756290 204654162
19406763 253241395 6837498
523009192 387461409 521643830
894543162 835377904 428427498
885629192 64656817 801548189
998900422 951385141 605506069
500067878 800561206 54888473
510277731 728790339 333752085
283880541 310446660 296111275
671981805 786784666 830712804
811553851 92228327 276584890
111534735 723515659 159021938
528974895 38154932 803320389
141126307 224061364 787079273
139008203 856134552 747070917
395418772 820488832 863107537
68019184 769999440 737179370
370720514 409539964 441929978
998555071 477799573 245631642
533723165 230217290 815903921
52492558 867919058 913428207
279468625 611929437 57660522
616093138 788890368 659357959
150522689 444037059 962067446
444938321 179301780 246114798
5397532 721247190 640711432
133412922 490252551 517652129
286873850 642722897 322379674
776973572 392338971 420487474
758134366 139666301 906957889
661764483 889445305 108954722
67989088 299901449 851048249
863484224 774095538 217905076
60500728 427043674 605289394
346249326 671443601 987186463
935410842 375368403 519478245
596469634 351824836 622525046
53741986 195566247 186054139
910278761 331026999 57040155
381889632 56035342 154333405
729655732 528551864 795811162
403047982 606621134 847965221
762936503 813166162 888994096
906759500 570047952 677220831
242566618 266376363 112460963
414335775 329152539 634533432
859596480 556053689 708135507
728327021 399786843 154003127
542851897 650384845 939957706
448022633 860603820 766820717
51920476 415104351 853899520
924522444 190327624 223067195
111231186 993101256 648931876
340882839 392482380 229508412
484837097 973976487 995265633
29269882 382649976 561213459
447562843 533351576 851904188
973946240 774293125 865082506
258286968 851866140 64332636
631664400 108026307 151790065
190275418 783347456 520210583
454905011 844396218 918914545
741345856 13639619 346227957
303935579 729655435 343240340
578575113 590980606 153288920
417934741 563536588 259372318
590781469 783468816 27679815
273882188 401207095 23323656
632614213 68539468 84776002
73697437 293293046 301490594
34822719 915234022 962885298
700605437 208576184 53319134
93470583 284666279 954113819
636604687 244669641 928908196
228726282 643418238 154584166
957568519 971330982 591839990
209860684 166697584 841567821
299149364 844471275 153250137
337929088 611332058 102175943
202995286 987674111 472191086
881319172 543959150 225561675
705566328 918475666 90797445
337645250 428799949 920479247
165510026 34778990 310245760
651267447 91594074 726289893
888717586 797809615 376284923
458025715 746945351 159392728
448281036 262830710 111366859
344140093 934304218 462761407
93269215 453118053 53231986
820859719 303085424 983328147
653754212 543336604 59091040
253287686 378741920 458726176
684971536 299288895 11235874
523279544 44239676 933760793
139302887 825287798 52030059
455192680 448845677 865107232
372968717 131422021 430330148
360766053 482800689 299230235
529482670 868535618 427672074
337593440 664746459 559557438
115532834 23384457 926647228
712661597 849756813 227133079
10432373 821943080 399435792
623897689 985259604 715687584
889628496 555867221 242543780
16461355 540015162 399969423
509827800 899896382 244232787
440209409 848124806 773723373
761496574 751092598 997793206
57637994 151708332 402628606
709315478 877443431 143126031
556279341 532399702 84863648
170471393 593519813 725899570
881349080 526656867 28957217
22253319 716652093 16210511
616726654 652226952 930979779
814382502 953547627 474060721
242243506 216818776 432396620
723559696 576596509 275202902
415220227 160700534 957966108
994069738 285831319 296074872
532411049 424036793 38237126
178265245 666206790 420876933
970121800 700563820 142814034
632005112 710640714 980549444
185490981 673811495 199505320
329092294 130024479 380925539
332264691 483461553 785988142
157807275 525395265 88344217
790074779 239925171 53326561
172340767 299185839 905160175
34469206 187593657 79334400
535184079 781123494 441999976
867849524 477503261 271776307
642584222 188610154 702084183
666352224 460468256 103713764
872924792 94820536 978756027
476880357 909486857 317945361
987870747 673146695 297184564
303424990 206294225 767529453
564629355 298989681 329376780
486579683 343461441 851734824
273459411 154986117 452821477
616538467 489551394 642287143
83894602 125192410 496451859
785483076 752358197 400357287
626779019 936940603 926517411
838642165 984292495 939416827
805504407 411616460 399703881
848662375 198502003 259116784
707082648 291611872 619819585
933681146 370048855 789239812
355072851 293857917 823158699
991080206 770980922 444455859
821406525 544110194 703690777
771090042 455258623 530835297
723225663 855978034 558349974
946152955 35238199 98565217
573604798 760736870 997838714
54808274 875149094 901270005
554636146 362639364 121190449
944303622 158445648 205935502
819215926 735920132 554891939
447527179 340119936 590595338
596299390 262060668 29192514
163153202 510785491 80154437
737395600 735787135 380361510
466141736 479134854 892195361
302124592 93559923 15045488
561944566 39002644 799449888
493783401 474104731 594905962
966988380 85831777 739682625
831260653 922093307 318269466
944336106 243132526 821275318
844541286 142529802 11277186
903543551 86642430 445862636
556180285 417806467 127241852
643313735 133794925 860481487
535075452 410227144 899313622
188751074 471910212 776610724
133254258 643333741 309731258
362148458 767211261 763761565
906733935 445889281 951730696
906013009 268801974 141788962
324011106 939400822 749074241
656259386 578326510 242297726
847460133 469288334 821659389
321497369 184636147 578438580
132076742 541260340 101909210
947625295 147683745 410001364
823307833 919786755 57867773
327354306 61037972 631399555
812049393 137323865 558520698
824470751 988315486 846924363
227697682 430595386 304894155
10990737 773604165 514303284
48717015 669765923 129863702
88093134 422470270 295089429
547193590 714559144 758706839
168023927 784865980 242855620
572271324 183621660 125345269
580016147 917652060 554099129
50637724 229303508 668490500
142178277 779081638 925752993
439409551 397190341 184519891
291438279 431932800 612817045
707403277 207856773 986837178
37775919 268390085 894163969
80046347 350474698 529183086
21109571 470666570 592555760
890995898 618126510 918004442
728991399 590161209 878849251
710519743 816697367 723265567
264492380 188248040 517238785
687593470 759274370 523395657
862935137 824571910 448292026
942005179 965816602 752139670
469002550 618081516 456671963
292559168 100633903 547836661
3230146 925848199 481836957
330756167 730977972 540871211
810542997 345790407 725459841
623857003 928946314 505448166
888438766 918009102 22076811
25847795 822254230 412343506
881918947 977629119 896495204
189406948 733346946 38737124
264498639 766081642 644207553
675483633 983803709 462837602
221460196 102592877 2900564
398855840 608087705 345431254
869313609 475355091 421835922
58232338 651614623 753539571
341558295 833953669 25012901
352141033 749735285 694114129
637497364 961020025 226379310
275980113 589935684 52343307
504960613 744587146 54126760
263892219 369409037 460279643
795589354 959361169 390161096
497035348 571860182 98727335
194772841 164937078 357193362
68299973 134559721 690666310
224665226 339480939 335282288
674039092 299253304 279271555
126584672 94000746 109449339
571451513 205440820 611188050
853448095 543916381 973457292
655491550 887707298 362491039
25281948 198930611 991609618
944994399 955593368 498672808
197190217 504637486 382342709
804326231 861659150 79368976
402580422 332033664 310856333
3726760 609737276 532190110
431000144 299783292 45532315
158763075 216763340 461001316
498071030 915233146 148085124
509631357 921027155 698698552
906491481 359395425 702426918
767925177 780383087 205336919
392695348 739796275 134980717
267164599 150460984 102604309
94161036 100994186 287220624
436815000 447107001 248540930
697822881 682986590 213805324
600430765 683693631 596924914
546263392 81330919 715088091
850186793 619010381 914764643
996571174 625336826 434366778
555442187 171610788 740740450
226810770 646313773 164728706
905950463 322041519 984930162
336596302 60049236 674072473
336998503 89273466 445975270
439048020 869085320 502352547
138736816 511529903 753203568
437796794 813352988 433953658
868707611 558110627 844186158
560902576 712295060 488407494
537208668 676335015 624993846
606337606 575549171 572279266
522149972 386889632 175152445
69095212 916078998 756875972
995883746 607686168 948893658
431135303 475637043 43985326
489692716 676926361 321567580
122246610 227974315 205919392
328150798 662628136 823775847
155010869 636453690 401192665
539261445 162943702 419445974
680545466 596795983 440896351
645487883 850879209 129678894
674847965 374133446 619384578
300302849 999246767 427701780
105436597 976556535 742055480
876147825 155851972 425682271
993221839 463788533 339127357
44127621 505798631 548504236
38074285 248064592 319718356
358504838 27404437 490146896
411373201 198159929 803182334
150280616 38461555 640253422
277308602 211683170 244830861
671446463 130519227 917911668
722698213 396797859 130497189
481841100 623404028 263964779
963179837 283498118 620827174
201533686 445807112 232444692
205449249 343604983 589146448
103956186 886325598 227502962
975850486 795658600 560820123
630319733 347276814 96676078
9566465 683072718 885896556
241624469 839047182 129405434
446457493 758247178 444147841
858068898 281068865 249410369
54737339 734150797 427767907
313033812 469864037 535698578
658953139 279366890 392036267
858842036 805035867 272034449
868514062 111107244 146488430
233014815 23250411 550126641
878424691 154340503 108547784
767941917 464343431 237882549
443430295 241470982 966349389
756157066 170152978 753847622
343175067 892199159 801714712
647132369 712076098 785628410
492271837 752645374 308931203
864687290 423371749 268389134
331342708 629237087 921903878
63862033 516920125 354300029
474787504 581387634 379156317
871209741 265564776 336096222
247405472 442024240 271216541
26084116 999327561 281768362
992971776 126933847 359135301
926133252 890949935 411421278
717357063 199691112 573053261
495876672 327820893 599779300
115690046 334174115 812181736
470725279 99401439 213231012
258043506 382929586 85702748
309948609 682818867 41563775
324453258 220245315 755937777
165849210 734158624 70138597
392456852 596763464 224288503
271656311 993514933 965147216
325579279 18757756 805155962
879251048 848014480 5547185
862030995 539302381 147357995
736036162 617712840 478397882
778282022 30109512 198619676
885707230 24787377 944172840
713955883 453051934 919350828
172524837 166570124 845545977
462989059 414648437 779276745
118943854 848436556 776346887
403861547 958839507 399056650
246914801 47421249 210893233
958132118 363243748 198832075
563422838 593092199 764220067
928382990 291733523 481678092
901851637 900541476 348495344
766376604 39168796 523831157
724938306 837179562 796633260
910318168 160954986 899291302
730843996 695146702 691599960
368263619 128436444 888308296
807703460 391126862 781209839
938937596 954049332 531363270
872283517 926039950 745777463
122875098 313371847 649529841
951025920 817511893 239194472
971124763 918500921 498595541
67005553 54059777 82375632
464342163 100902972 478949090
860218144 446710191 390763501
155973666 397511657 1491081
587469942 680272654 318824458
65204051 487982072 498823053
375370277 322906366 589375564
834701927 714530053 540965286
139043765 857077075 731765706
136804787 838096885 654469800
125652656 650665071 121324014
406700547 451955695 464130921
162930937 702957941 926347070
366572319 821784272 141269660
306178394 229212940 713665211
835754374 804433730 216721250
276991632 687643512 226192849
331779403 152088867 636110700
961053089 66191733 93607162
13868656 696172402 625193398
515394045 523706497 732672134
442375468 735539151 938783118
777441304 144858553 669349820
976126765 232107528 919042240
756002642 347918251 292026025
956433540 107662304 825506565
868892769 135984565 691905823
165570650 413751026 705398424
229683653 915837988 593965515
575314285 532787730 843454774
92058197 660385557 262793908
39168116 179728493 393837615
402467180 913040600 408267376
15688001 370628548 82474326
204764762 899074462 840375594
189624251 430005967 685081990
251652873 273142937 747321493
766162486 420700728 727882566
50427946 454307592 59281954
28983489 490213526 89751304
472571481 380076447 943229579
654466721 645918183 67363847
838823523 613966357 576371690
413805658 77688924 235860216
809499182 674617898 921920074
64779750 11053185 538445493
785704368 349260344 168628003
147939665 386764564 859131879
530083093 308377339 469107591
300327523 288610748 581677945
859840107 248729272 777560386
19934398 254879295 311550058
633005633 692296110 72574880
835815405 822811072 769207887
900830784 737415073 836663972
733350746 65934899 736064507
133413677 432290657 733065960
953297074 737083050 441648573
847691022 58602077 827772796
313030321 716020750 839256464
261216266 734272269 534622054
322746617 58522888 130297178
50620562 177274723 161082183
495837084 457417932 808095589
905387258 471789364 431663195
326137781 230743501 840049832
62208413 308037727 796791282
515335147 692369636 184887999
360637555 289999937 865565704
786847286 963115035 345367696
416689711 658030955 617208766
826953607 568232156 708937545
539021946 50737415 989965376
683058413 873840619 57125286
871642746 141704088 925757147
705030809 210557431 957640841
453781007 522563926 346431846
451337330 738081164 241651495
916024742 426695252 914292354
111860171 163825506 733825754
904271403 423287712 562511223
412950112 331801872 150519091
811060889 634721697 677902130
343426534 968038195 774064052
146422212 368232315 777343688
459863223 828676863 717138501
636607281 849797375 570101127
696585679 404619521 764208722
658235701 502008353 690936690
991604990 322830470 593430717
976045322 708953118 863241747
101134322 754887243 740690381
530095257 583989348 157050163
581840963 560765468 726567291
52712179 730739392 195608604
827716576 682248159 250249270
435456399 379443690 505518458
925084920 450700797 363047852
510690055 508012421 442566978
927382034 867601295 855817571
836642920 827189401 48491587
91525259 645319575 686171116
773670085 925544789 282841818
243680965 649534472 848610987
66666676 262369936 932395619
643136249 945637108 358644003
660813147 258709754 827897920
122325252 819512251 739686241
318058789 685363609 80451913
875606359 646765321 112345560
52573268 530337978 49878306
781455576 313920948 903757705
335516541 248990330 199708113
941126613 64037558 246910518
224162907 275632385 446131639
993322051 672202200 241726979
725067041 892808400 698190432
928973593 237738030 520441114
583611103 646198159 881299805
273017682 568714850 73329699
238807019 137534796 17225608
256401618 310335355 46684648
813407779 824351696 884936519
157650993 368151454 634550463
405131 845577549 734464533
150036337 271019939 941363648
472217396 117570984 860289686
426929865 229852952 105210221
983098353 985453748 405781603
874934950 563259857 849711840
706868423 918217006 322523176
48988431 46594461 89753117
914202637 29110981 275075758
192143324 69206751 73682956
473947470 462359337 499756265
614775124 32851208 423448391
990614449 365388791 524664081
128467344 83078559 124230025
797285982 73418116 821802512
148742487 942617967 904077433
27081010 692466458 875762328
336016900 763649617 203202892
402809054 376663341 247334789
341308395 761218472 226723947
199363508 687327927 248770898
746267728 462485744 969768474
641582608 19365481 388794295
985248887 395773240 528239637
472677683 893811887 762798305
590149650 276574210 605437710
177659402 364185705 519084825
935204720 653168304 342849813
748532238 110886947 521568405
794295235 803492048 933639944
53391985 171947409 462983534
520648258 588544708 131429875
65535960 860081270 923672456
789719366 260563979 613986748
851380275 996500580 410790907
281661835 552119663 872040114
908740680 453838273 867827596
882536434 211098815 428790330
340559567 391328359 518249392
868526897 721022888 521741827
613087217 337290556 307265372
272732862 625304707 425328010
859603105 993739207 757645793
274563529 334370127 295020622
112466831 227635472 962926911
322226680 733794044 123186596
778563533 506717361 414293886
998516817 773120995 916347342
139960281 739674782 803929661
944993146 159103312 240981919
927603985 370966419 930684453
3000346 949093116 496086768
704501851 922774857 21170862
529460545 760780066 338554284
408762195 373327657 815499125
321968095 505153965 255763979
209722109 979257273 385056292
