34 90 2870
496595561 33359269 289473180
619924081 946697934 889388602
637600233 289225705 95728903
392632373 118960580 47625694
53767365 474865213 197992433
270221124 390422908 89544960
45494506 114915700 885560453
627528683 622003551 942608857
841385645 608552517 915171152
970334696 794459824 4416871
483454458 662170593 783467406
383585298 715879999 98093452
8600040 204400852 727345013
756410764 508950602 84310152
128420230 103439686 569563673
810888240 556436174 201055855
703006036 638380851 874183673
639776339 351811096 823041646
342533644 839191408 845627998
615859881 864426959 433535824
585901026 799882053 58757850
127913100 921605651 299968123
65297002 958327345 63207286
932058345 239823416 682220054
964253160 275250466 344763891
415544908 991830247 786397154
36196035 13832398 811211940
470341703 556468516 455785446
955924464 977694974 261260771
408894110 406044248 427921590
992882325 42135163 254575215
244583099 813579437 402227121
717663928 165937823 528855132
891917610 372855931 663876912
97007063 79367019 73403474
22538175 473032026 475510924
116140115 948147165 538650559
931879075 210267181 831056739
781802743 686837117 432050067
882162109 695011022 174706258
470786843 36264202 891730030
145265033 231192500 584785010
111378800 977037002 33146158
667388521 859095475 872223145
122632256 216236329 263979011
979690576 154435618 893382022
698136643 690795347 385541627
164214814 714389740 549419495
285798513 997982070 744234250
75512135 640386133 671505336
871593999 944843049 780224501
881293028 139920233 707873373
902849162 257125659 627911626
781188698 660639570 536768547
694795671 852226902 710012341
317022233 721816689 557583249
950576257 572594758 39570803
720300187 501866698 881765878
10659915 225811101 16406418
997036657 809320464 604658521
313474270 777135249 990995758
906864152 189642669 832060341
319497795 30632141 401149009
256647204 101664011 513302661
818565411 428389141 973402861
867715483 81951858 557718519
667910959 320415737 954120792
165669643 249563209 958104407
153091816 989126601 445222399
862835123 19670040 533990846
563645756 566592939 669268459
551314711 979687084 907840181
518891791 159125635 507240783
46485637 227016209 201430675
167790333 189219352 810530601
63341065 356618669 807458534
137821301 253893975 150553007
542201370 892743298 290428278
683826728 383101389 939166047
838906190 451121659 951802805
585642831 564339638 661912990
62633820 536348801 139133975
868723053 366574785 763549740
147913513 999376605 40761594
702232293 880853210 693011202
816697772 773018831 579783170
788971843 208948603 882411083
462672931 561333328 993185441
957028805 681400483 498642120
42719052 892227739 902108762
971525816 739367814 207720417
760281472 997282515 436910442
938194076 818062324 846966579
880490135 788810309 964962694
346366121 599990176 259663036
829257262 42377874 490456283
196788936 954142117 666847674
968973560 696811402 325654749
24880926 296242936 578911240
605702354 64360677 429776540
61314291 464454737 621985771
552379608 895809850 811412283
87364282 258886451 131878226
148451668 406197860 771632089
472203046 558222506 604922692
615292830 905502234 472648600
896067828 176054204 872624383
620154958 797800229 574949743
649982753 293591432 409662328
112382805 322821895 348461959
778888156 215116520 760740923
747572544 688421548 157182032
556222207 119164517 381929150
658893392 675570143 242098013
357427907 657676374 612915252
920155306 626107173 804136966
659583684 170782625 946154837
756756457 845869117 23916679
794017597 895059779 888187060
719711768 948648255 596938500
958968437 665399561 787162931
808574618 364199552 545797766
263499801 712354740 369014129
662305685 778106048 188154958
446264701 23883484 435844231
309867011 983183032 162609687
290280620 76586241 418148281
852591862 964942094 512020690
865365873 90222417 344340340
618702787 730736027 801113375
626316102 360379854 303198153
567880148 973222889 667222424
17604879 560123627 810284536
659982266 408618077 131156485
420957664 741203428 738318835
381117271 719100137 937678446
110844929 523860594 513025241
785614929 76067895 544958404
873953195 973406434 643640100
625704631 599214126 761716542
547763691 901639550 893578613
13548445 377981822 490726483
390133602 956061877 511742501
630102649 514878388 416247540
170320639 267272824 959320649
340546135 389795409 347175493
7197636 303050497 727003255
671334066 959129313 902261209
245417820 699153716 536102026
18432884 573479641 542465548
552091336 251748999 860812673
654209017 521652472 186242425
600936214 546715348 60629016
124025157 392229641 460358350
816281208 527526581 684587336
222130504 304756383 6318868
567628913 777178434 915521104
236733899 901064383 422449325
199614314 755774101 952829304
772216349 652508637 434499484
654690882 336845397 70457928
732044075 123746115 910293978
945264180 83764400 154529726
709591654 745677000 328287481
29616850 146973735 738344727
280936453 646263205 541204462
924238075 31364439 865795271
334645143 58581190 338471570
716270770 89529459 418819499
323688330 972495869 52313721
569312950 791962743 666306852
369949835 273801195 204200534
838834701 488068610 910058145
433472572 236686226 570483990
75444403 401801312 134534394
74742503 72355871 532877354
589160371 185013959 771039346
154812883 188595875 484035671
717768033 621766063 671157883
747048487 879749005 982391053
659599109 543689208 137640965
593463684 990954710 777748961
448349477 513437833 969180039
376446164 237140893 817602314
706479215 546333009 136526429
904061272 690190086 371813503
274449119 150375680 18333077
768126005 340391520 734150317
45889821 36711929 692488772
447673132 119321694 507307621
639492512 586212931 67453611
542491548 689471139 873001465
656595582 539317082 81737010
612576980 608330591 111684045
536958427 626096103 639316394
788691965 699529754 874980415
77232557 38134883 815014739
878964248 30814357 650274567
835647646 394267165 54706833
5260303 516485286 158815912
709321825 950635071 722047350
207563216 341463718 485628980
299373477 652979324 935387143
420314008 930679333 440509684
429794997 18852135 145691678
417378403 968903999 628574280
133633974 907252469 675911419
770546821 84179537 207830711
645297133 141951624 155990617
831278400 631558142 477897997
689253427 592092922 824847464
481848928 362456569 814205464
953937230 502182406 304812716
544185710 54093614 927094126
640714970 716738550 98012064
145064925 898740239 571525260
635322509 311948016 385284728
880818161 994282102 915270856
526646485 593194008 304708915
833346099 493401038 668086759
539374426 132648587 439634915
687524795 901204996 975986744
329857951 237082054 948511367
668193028 817730364 193910525
122305946 719081853 859054023
156006624 964739423 763867461
398648446 627987409 950002157
233572654 40336320 970702141
145777755 663950528 937945651
103242743 227292884 243068048
736098048 792274149 859461960
423117646 91087310 47691109
132562680 453769163 765442770
831975543 166094178 149393187
938314807 169747048 271348015
797884194 987519904 468184750
157433242 520640095 577062909
895061971 680982838 308005705
521321832 687031142 603455376
969883015 577962252 525065601
673705008 577145661 780222493
709599234 453849086 90880901
454454069 58786494 796147690
165587446 246007286 213537381
423113545 445376722 230537877
451562171 167535721 855885008
814283713 827181738 930114958
139838872 3605320 932671063
906521151 357909271 134578892
87115341 206710138 792175039
900620023 792760986 267893274
379027374 556065008 900864157
187414941 505470637 128775549
8061818 664268787 77144521
245898563 961449844 388663437
372079298 681468110 12710022
637305008 530018989 993286086
135728446 899733441 690699232
951875317 60819035 955002263
971978145 397032075 380918772
203566955 382152419 709093819
22665619 691159887 651032285
397100283 497454050 355626675
945537150 106182411 981545707
530481440 128456053 71679005
924068533 547590595 149087290
865526524 364897555 86212566
22125283 713900419 645866785
865403222 794403852 959201490
849694290 861650435 179268008
761475680 151237780 883589467
149553294 542831527 472033407
518734346 927257151 965780058
929503118 944440577 689914733
831962180 294651000 827838319
392707093 599714218 136187377
797243695 866543904 764145345
201420882 481167771 714583511
474828395 715562841 253623983
205286766 602953782 450639262
28940213 247152700 406883867
220290570 632119506 635519320
277150421 601121950 431441842
832825512 151635003 736248204
456475608 2481296 114819423
278331590 776451114 62417641
211233243 307719386 246735867
179816568 925622792 868608160
861455645 125951506 590868262
207494715 769473798 461325625
980945485 816436802 197513003
945928458 592629032 836375643
443789553 884125972 159250988
355100107 461195429 991636181
240063843 23920844 298525507
104415988 267874129 694857786
624595204 973036417 742760996
292076773 673959848 972482713
999707874 680824960 151334815
71549290 444606579 217889654
671414097 440782933 564913158
215243555 741894092 670821191
570262059 214826535 923113674
680078928 888874121 619048455
639122280 565959339 484985621
247169299 898328236 244758869
814902471 178361839 599695639
499423370 114245841 882570926
517493377 999651145 73086795
289782020 338284078 362961302
972769431 795935715 326902446
853160572 245738721 356099033
5324181 416731050 709067917
182035175 56854353 713959448
811496973 824558800 917219079
236575202 38546710 489238888
923456974 573010180 349817388
329670438 877113186 561779892
611373293 20316445 777340533
790304605 281637861 971562896
798337119 527552430 784605272
537286678 407341932 48890133
754264821 771298991 790301521
540667934 61959147 831067378
139751110 409499189 317335969
26105190 972451197 578730848
639961155 833610062 677697786
299025992 287101491 488697908
117320071 906521951 495418183
412388795 446454122 980037348
247214302 952749162 49650796
965722370 163754911 458865632
226821034 693570175 94267953
30539080 859932035 466680688
205545183 723970653 954516813
333039470 439562405 729865752
39404584 397457151 130633473
44074919 25705310 880010214
886100453 817637452 797641674
217266014 564758705 26735852
863651714 844075978 310853263
486829822 770904238 159168905
582211126 407523353 553282524
492054271 831234481 672651935
715569421 154562420 634737072
630912498 681423021 651476450
852892543 890226069 192466134
827344827 380406347 383078135
892442058 646861935 90059257
692349108 970713087 746505014
934644845 450990864 285510857
899733511 472737071 871718768
523126775 993835607 778295143
355875325 992391050 560428518
708332569 936860535 245019054
324079197 551893488 229246286
452716290 320734805 676280678
918174045 397003819 93984782
821038468 999012758 163310959
355662777 403095477 756284327
722624413 925844027 158960577
271212571 601877717 312513926
744140166 719603871 206886467
86539062 348808336 236561137
741391599 263194654 758540264
641078040 620442747 518025679
6613825 34811089 351054436
839231252 583138511 418761180
665066205 609681936 901957703
1172451 554462204 20599806
942130759 964699128 528035233
630125472 737612934 79479452
760063585 979638050 145353941
238601837 108204934 940276946
384994163 851185803 949244479
784455935 505392862 508218822
656169674 4152408 41916572
733495759 825243976 935018049
715607868 585182654 835079018
437152913 751321774 50730975
948141850 158214324 44633383
914735905 336070577 655388750
709092624 154312462 480879524
42641293 160362296 576047695
136441573 122609337 101259061
348899316 284157288 24926212
883845088 338178038 676118574
799205578 858494452 99797704
812968676 78534723 542479392
881702145 818695601 661159431
516843204 438176068 851404634
960698718 930485411 374638167
337510652 355137021 884254247
177949488 152867181 590829988
726134684 72982162 66505267
872017280 100520277 563014287
504992651 930153799 487545631
772030519 250271586 311034797
979017495 949966786 195175784
141535363 377573074 906288018
668284446 503273700 20567485
25858794 451385247 437616870
878682919 437399112 126633860
93580135 326391755 984224355
814268370 959438698 124906752
443966998 833135775 971482829
663626290 519132376 560471538
478849230 568978608 665511469
895546067 537841038 835868508
822690084 553588916 719961988
703793541 427945519 80855456
475291895 14101833 885317218
70619779 414451309 367940568
259546336 953237189 658315262
331330037 209643577 834954421
96619790 812859079 844253164
614228898 604769361 221047558
330496701 640060599 405775707
575443745 480083939 277117874
445285257 53471828 411959134
522509771 119391503 42088950
853279276 537951770 762416416
850865656 104893267 938084786
732771241 277892113 262065285
890959982 846084045 450523662
148131313 45483718 857004716
470623919 249168207 702824526
117656967 758920999 378988093
812346095 49417885 447177009
558675149 865057631 861302393
488596659 260750794 312253389
844488758 840010479 698188947
168367541 287363184 837282926
857550118 532335964 236715024
283338591 318508016 538274605
700307254 360009939 37652062
91344392 273796015 736494857
590834985 809880626 652106301
982091739 568350082 703682918
397464762 785225914 14772059
621326262 760937270 666297023
570183220 864766821 852227210
758460276 708585940 895890119
610306748 123928287 548403250
648153529 358088041 554725183
58431928 566180729 28347562
222257280 649431553 345794421
295554453 475389805 58733711
633416855 92266687 718137168
658989177 136510097 489388696
947147924 604390823 921221356
165990680 253389034 889521986
103771675 796571461 741987115
496757240 421922099 428626420
274964345 316659757 744550141
799742179 296143987 239827026
444224621 410033009 674644406
541603138 858970294 507135349
824912859 572564019 6019518
652718856 526158431 764812693
629473111 946741070 14348415
740678169 737368446 816230244
320504283 431648055 192037327
772395204 460796983 63191964
975560351 300700972 576187991
175529358 407720920 972104078
723420115 877667877 326762078
356835237 548085073 752863372
936277033 123648087 159220910
609005602 233522033 412642116
410892407 999495699 563698694
329926302 40263993 414730903
905456035 967323435 464519367
840205109 910364750 35457542
522068265 68275104 460559705
543903225 331701311 673989402
891965179 191274271 108015043
164983409 308963816 100116004
508245702 396182097 34976357
960119439 919859778 681334478
33615169 145536139 522175867
49836316 881047305 434161839
355916604 224602856 684149824
833350414 780551916 664769924
223483867 931899673 91664818
298170472 884829336 396833328
947955063 607322930 91923610
261473208 666310623 854430780
785459979 304801185 816903274
463400930 979469179 860036575
558777194 626928382 240722115
3398215 51559229 73340727
404416228 609414067 808061363
478784916 698446576 711744339
582360006 682894729 541158657
225452344 654526210 754860961
61658870 819481520 662823762
591781981 753267421 537803382
18715717 377062108 659391967
450160970 578760399 118207840
55340503 582676468 353723173
480875847 735914950 129865856
671441629 96869534 414103435
342140736 165112942 182852249
926967548 244340750 211420598
806262180 94725245 265347880
663600748 502311391 316141610
280713373 460727231 344978877
863680998 741260404 133563027
628165133 433204156 237782056
213511790 148881261 949219362
222978438 31343652 633762072
95157966 761730480 828122214
201835961 261451825 403318353
412756986 546135138 884894131
394046305 781429356 289015249
488231952 816102152 938433220
646453068 798430714 171779693
567477810 335538621 589180124
76047306 171664039 940071961
369141902 9334149 620998660
582450859 659169782 789862779
719700503 29648616 517922195
368077155 559696554 985341779
932898414 908534471 686278368
177785212 849583444 749897969
255594939 450444131 308719299
133212848 873628335 866256921
703252629 319483534 538444428
700247588 519861578 339290583
568393739 829869623 530358261
602883441 400310579 911905483
40916168 345883037 269221166
264105163 607875954 598024030
821779620 495584028 482378741
440366136 225839835 961895436
290863140 466196794 827418736
595487256 134251531 838324689
265148210 958756861 854774693
87394340 809682171 221317824
702028080 575116100 298898655
613752251 972710152 19500772
728563833 167994108 959509984
398560619 105840522 316096065
451591565 136825266 662882371
96874537 21272979 452767269
501609069 257657186 435465511
422270434 44611175 112271189
870888368 650711509 269438889
51633477 679236584 214070770
820549036 650869226 680101386
724242838 480565104 232407810
318840704 571024956 285645326
16207534 960669463 89104503
178542478 128490498 137063717
977879965 599022479 244471040
659226547 245804243 356960145
512830230 705444136 264361636
695078101 566933999 373896313
271548827 137656264 233132586
532383945 864075387 332204314
307466482 780154785 71390575
706275561 627923345 221179231
616036333 773231464 231224810
736273381 886582611 622146083
689397005 262038238 22037032
901664333 9027593 200428962
58238752 562653693 452402671
552281642 901912331 207551886
435626813 611292946 898634591
607267192 794154233 717763946
634729121 776849801 646795231
827343175 194295680 575785246
525708563 441589020 303177114
218488111 450876023 568232498
606101940 538765076 838554069
801680263 509577763 335375297
380181966 394783066 100996517
613996381 911131709 890032215
806461841 821608718 309571479
274865835 529290097 512216437
81895923 784436521 671716145
477461023 571937217 765301858
571947 521860639 292071748
243880093 251297215 690238185
722439875 4009626 214091897
858907591 758731715 213256117
736410981 668846418 813556163
74020390 809126159 550281379
340296540 119092346 192372386
429335393 886200696 320045529
478184047 718758499 66263795
760996182 773107090 94633625
793280915 699649065 972686809
728165527 969869779 426950914
14464446 804066276 648094775
730003136 112168237 745413233
46259907 774858987 7542921
338673439 529479568 906078816
44539005 616679326 678356315
319308883 845301085 506294312
57999939 196264120 444966394
189051842 161415615 504660159
655263593 360289712 452791119
629347323 172864236 171880623
944928268 490231450 317454003
730670104 374399814 638674583
128584382 61722433 580694057
3646850 122696309 814079061
899040065 239322328 122110212
263043898 537594262 33362192
239296786 487340043 95185649
653766887 599533618 640185352
202612052 559787615 580810533
917962578 624459114 898413006
638829748 633306768 498671977
618864989 773531332 897665847
529561832 729748472 325484419
132528116 592518003 120399399
909518891 227046527 525736731
802802863 268946559 146363296
901058068 274349572 277222132
40868827 149014733 535766683
399480060 74001153 864472497
812296047 250471299 351041465
796287561 471309323 675064903
790156397 659399388 94662357
23259659 995771254 520837272
132170434 137601615 553519622
379859692 948493940 158428288
199191168 19744733 772232748
192727274 900951883 599231003
910593853 648635872 55398160
266284195 53028879 996798417
511068037 524466714 935168538
389091334 225723154 251214559
973672420 955255889 838665816
382123884 253113061 299707270
523238360 228705121 881798033
641770999 204941906 520595054
393843662 39706243 556057913
818104582 625452707 406336526
596398228 525265596 461640397
235710037 764055551 272327547
265640039 579942510 88999492
760479377 869799610 992002507
480803984 300916321 827949217
908816026 618632495 323624654
937161882 970452849 89848191
622887621 949746689 219519952
332944843 659836998 911859614
28745128 977302978 860406367
880271030 795292085 516089656
816775644 596757994 936134180
930644761 249494882 176718208
629212131 299054366 408220978
557646137 125290658 184909493
515460497 230820649 78956628
832498881 503424497 948060054
606599010 979839475 230593038
392994091 628072751 240121820
216246848 57213810 988542043
351398661 496566687 1776556
69044132 814893298 111832495
699602710 781982589 63513315
897594440 338961529 634042361
43600009 775759658 276446542
957488443 842517181 26617182
637078041 283872753 237390394
959558072 883846726 462076026
931042531 396460223 135239112
628614358 682049356 674264893
446670530 811578610 545182336
554515213 683132838 537901835
483701828 43270550 495184004
255077103 212102756 743264729
26265650 539985359 214741008
645442922 793257931 842386860
613664306 718621829 40355593
499520310 698851006 161613685
525515302 163667340 359026299
361835826 895844931 294947750
136967227 239627918 158383796
138599700 314373258 28229066
317389437 217290994 886616028
382309805 357629022 742688250
607452821 957598726 778168902
239321995 63156638 896681391
906549056 436130441 75401956
131559408 306494419 771831261
310489636 798750510 103238234
51181659 728342635 504848157
608903968 195798549 557696292
906125698 285169200 461028731
821103968 20141458 379220573
817201239 699507905 192521817
460586127 887362070 176632730
236986866 5917026 109776425
533837590 780189624 708763063
474352149 320374843 214318398
308599158 732965311 973549812
552829909 271100825 777491579
960482265 940561994 447431408
805010210 963266649 436438193
595838160 558642862 920983952
411031511 350019748 746715304
278700144 252583405 803078492
772525603 97370713 786705918
188416174 274788789 398783331
929781155 463881578 497801276
715698818 94373385 510082399
943310137 256089119 109541990
131764505 253213895 490187928
525058770 362138703 328335443
690876179 933994549 498014913
443673755 557582878 893923275
17887076 507306400 123754408
768523196 240739813 754860031
212173692 345617586 554390070
67104895 244469525 852193660
917470647 303365574 166169082
526968604 497301733 521676062
880692239 258324199 904564982
51001202 322638492 929847279
831444418 784315861 552006359
898418263 281857623 571145649
632117063 506480265 481623982
352625630 631297023 639817546
892433795 533414037 779803182
494439640 537634579 669749584
731503748 102046708 474161832
739671512 51017706 336044530
887021474 451225847 553416979
44338939 68897680 282591158
954871157 563979508 831717800
972150286 436894540 579280797
741900171 701780353 540273049
230743435 691404006 10898146
613427863 89103936 397278061
181121942 247845181 931736038
308034633 953450438 840328532
935354518 345349928 653093828
190425271 971159226 910865977
947273090 440712606 584252503
824826187 554320576 195517396
78735256 896571573 626298949
96397601 658045439 713265011
864154649 410318042 983450894
883355227 584551202 213082955
785782181 116650335 878186333
580588409 357964264 106304712
116904366 878662624 660614367
349458282 701208785 722182262
581876506 444818127 933979655
921464885 393103597 291459434
835905359 400102598 839208732
287048390 8250158 81873081
299816080 562766083 447233763
104619572 158449091 785607671
393083451 121963195 979098881
219962806 367565170 883728752
530909134 524704588 737668696
747639143 743764495 320723671
864056242 35337294 629602985
257356542 517813608 835122931
277797441 447905642 425792797
342234940 970519597 21158661
783821268 200201900 686976359
835842023 163073112 17712628
417880022 975190968 432163050
428897557 703586909 907204648
535564602 73057406 226330300
720565168 10605940 61014912
883452879 198888714 558755636
266601354 269775148 244592671
269464091 211504389 144875518
677676626 274981775 877592806
541630337 46473358 821306616
378363901 332117936 962863144
352289278 949328868 738662695
283879444 476949322 138409515
61065756 296162791 64530457
848383611 828307700 422318695
460266484 321030216 898733211
548439735 340233446 253069141
985350960 387418605 276326980
799080673 517154704 752104634
4763642 677946975 342091326
731739385 257618419 207375881
786940106 360936796 458968425
460050899 884456033 207821722
878085683 922694690 189545210
825099741 666428646 798194506
883431427 430871155 265600598
323865048 900301343 970045014
397293751 158969127 188835438
615457149 924957764 549849938
31344471 942618318 114925747
324214102 167418599 941863083
588079705 543976415 178175257
521902563 590091723 256806557
423333240 765031219 976275058
550685278 331188804 370828732
868496684 627144471 845372644
523246604 58536339 840882260
944884774 918886042 659327964
965974334 19425054 956007390
118762143 908374936 159519499
28048957 276329116 996497652
795967704 567342943 750861574
431737221 345839857 646965897
954242939 351774905 94874766
604336197 916024941 122018258
856326131 641954051 70929172
812941638 232249491 695124451
901137649 974834412 768908130
733187008 715652362 940272086
858018598 532575931 149845466
415494425 706609969 771937683
330598662 578704569 788272285
151071134 104983613 770968101
915057351 83444223 724638104
55873334 330159268 559294337
268548182 563722031 599655134
956798028 704175193 77896843
898695674 366749722 901884293
942027449 679814912 979898141
110547940 325498652 711900593
345493938 152712289 672698422
961197795 55257491 423138344
392614003 80530899 83047777
583753178 265506376 972031237
218507079 138255328 988843699
818896664 780798065 961046640
783134515 454338246 738474749
295892 278779142 591211532
537511059 909476091 457567147
327331033 939053470 429498604
596006819 933421257 920263578
116827840 741815073 284790617
795991891 235598057 121071851
362392461 842387408 205095545
243725468 40562363 694372480
799666099 381457617 522466746
410677274 997442206 270855699
523758686 900102533 358003702
447582868 532983585 881126508
657003029 526234187 43503576
450057698 790980742 182434933
778319718 697533683 683137761
307470853 360514694 250066916
117142738 947530986 978089918
671159354 893790976 94730628
323614930 715697691 962089245
99545807 90025868 655403713
432789948 244448114 379241558
355952179 478690059 563451334
828592154 899104961 575517781
908474474 916958781 286589615
711121246 624022863 300010743
962785749 716871324 782289300
406119001 672205731 684129398
815071327 103861577 651748608
502122564 950274744 35813896
28871720 18473467 874294755
622325248 500448414 69920474
657347597 524924936 764907795
680330841 77970384 488180137
199684844 236108247 253167318
616309068 932055407 949722658
316439796 958057518 429690535
983598858 798162768 570605926
740756143 631586720 898978858
521137573 462992274 7403415
44001876 510498134 633355224
170795871 728460951 974078853
765346362 294888938 399852213
613219562 147941762 146698292
174737725 186247168 141360985
128029402 357265054 85762354
248971964 792057695 744045268
363248106 234497024 231527526
524069430 431844380 626996203
55125014 428690572 232438923
631773744 254766256 221901019
275008881 318879438 965496382
561731056 448997826 869506718
921698235 485699521 690937019
774873486 302573356 738827290
947249714 414806411 363716054
30339048 434047475 763651692
717946233 22271365 153267124
594009704 204913202 493398060
627232199 192496622 436165514
236764951 289393462 688981439
788211921 387365709 881302178
747214759 69569773 812415803
458306890 302201985 528194717
609960171 740883343 141955689
925362168 620135639 340967046
386244031 709633567 204080323
990625687 18058644 610885233
206740864 802276193 268693497
136323111 503004719 541990173
252891970 610977754 550268699
530344343 301128349 541190705
47182086 336861354 442733011
425143574 691827271 268660754
521499052 771906443 717044640
169919403 220990863 904285494
225196043 451655076 759052810
393356765 144885650 827449465
694793959 240788060 414717055
533747720 617021248 858683243
93555290 489933124 656517821
958441255 950518876 900416962
822901899 210899352 899620590
481190052 334173888 194173010
977856159 636744603 982699631
831774887 726618429 215846399
655160048 749930693 395033858
679434746 760629758 591204742
587889658 184422367 814936481
57894321 350432645 824424694
662006354 489053405 181123642
927943740 881218555 181332199
885033516 55088103 472185189
549902419 91123814 565221548
109118084 312858581 989537218
536759160 838594176 290041571
898481227 630840065 743674738
892609662 709547403 660047407
956902292 556015308 216149598
426960468 926364104 771474911
176219974 568532427 62115522
858827211 527513274 992293248
747152150 31416383 96325253
875212371 816613574 383715360
842045834 716929927 612109009
152768966 206338935 842673742
55480836 99492298 952054221
326684681 731617349 311350777
996431341 929493256 632464738
596241644 169289502 634464138
461623583 392826037 739728476
189656820 701263324 43721167
655937583 899260498 823825535
355994387 405763127 259798138
343046975 681896206 982513496
934512605 528589490 244321516
359273702 846534868 907970732
428377096 25786219 114372662
990206104 139173309 890063823
588516730 822240102 340279868
942830537 828859085 934573690
629697894 478585992 419208124
75140604 827911340 488335338
635475387 919355238 496503104
627181238 675903013 632624636
974602798 938890784 168661792
812253819 149849366 380728489
602154170 198922724 133690826
32621245 531108703 168027280
112995984 495951619 30238481
86899476 509309986 606517035
435720003 466618579 103153916
73501077 704558638 726651249
414704719 126714124 458955567
265038539 194404779 535875665
800558016 754152897 953843542
115053995 803891258 98195591
192143206 817992662 167391929
184336786 25986792 59715393
627499217 701726994 635423728
205546830 230189008 829999045
553918095 91122222 431027762
177921162 345449818 91919083
578279588 503136206 519573154
90327806 987928761 977555760
140709912 825666764 205450221
281986495 625668959 578423582
811153955 827799636 351929768
635983967 608133626 816598747
972993349 880798412 278293173
577079063 953738825 743596911
100110042 488662412 345612861
854445678 264914742 787992775
122156225 909442678 874600068
566907964 218726581 136912649
800010343 348020545 845915581
2494252 944101566 727473549
917458064 225593199 314593290
158350529 237454752 438260176
889729178 411689927 203947330
100401679 263911865 77859254
39020079 709163595 541911460
665429457 127966581 341883582
238582965 124711355 474657135
98498735 919437497 219868831
367282326 620488621 536110601
63374648 479413855 690510553
677747206 349294776 462250788
267813334 225290631 732539849
791287247 35670668 795826219
994413583 453508394 260431298
201639170 999688758 703885769
457107139 386804651 464351038
515191067 34524652 295564027
829680191 342941770 219119738
620294785 434160551 525636619
980413538 681056186 285112432
288234062 730238802 652069437
190407138 455952397 886615352
235116646 799515931 548099947
319840892 524299852 675471879
750023756 132455204 722102220
322905171 771439992 648470209
713453225 529690410 11258173
891823456 867678757 949318117
880063282 750594555 253389800
773547757 245054677 806451009
678118382 404264681 898905015
659156402 985944349 363659177
504470958 428305716 373963253
915892023 245155863 111719152
729279665 558394698 119130927
266943245 427672853 366855474
282652620 715622754 727342778
61559613 679696322 855555003
593623339 712461447 437595080
342711489 520626837 929672073
57757693 930211616 802998663
565683423 735338823 689163443
593351275 332484476 933008789
459434418 65378147 823371161
596375973 432213848 978865367
231551107 584041770 797563770
121130506 147572340 637974536
764483253 199396875 867651296
690422993 623703616 390553093
376136646 542991035 708963402
873480197 493562794 921397781
23437513 211971622 184554539
631513638 499895660 886745660
605471038 755182787 866029846
958355536 99147447 649443743
591985438 114431101 417731354
940540282 860657020 256456277
339224645 671186247 583972355
31599078 695380441 193722610
887217038 978549660 275713401
110548586 790926217 303778256
727793808 787383307 365252149
806071648 403706947 147083339
313607528 675541263 536080627
756464451 970653313 785627362
14693373 869086729 944946373
800993667 706608427 780056320
963831439 985617436 524757311
892346628 717788530 204487196
11124557 707097539 144132469
60899170 192242084 168936172
851804555 497819657 548092805
351339021 123309807 521958428
997455657 703466962 919027446
523318651 689913371 73637020
817807821 179786767 727550198
343294846 148217896 516784422
732747740 323286824 662809694
866323743 884627193 88795790
366044687 74307921 799107219
694474147 553492779 980153117
697147272 974801137 853812291
487067358 172296822 123733838
258744624 249370613 331215437
607359019 217952299 91947543
977179298 321504026 874493061
832971947 672789662 121194583
661647030 445926649 974604364
203876323 115658965 3006706
412880876 374988886 438545961
484591285 330251854 393036708
199262870 134364318 749842364
29795802 711175458 209034879
997727182 462458948 359563124
885258472 731336399 579837573
861506450 437282155 852880383
728683530 992657710 93946253
425745919 955614908 289304070
164386402 888839066 473269189
82635097 36810771 588936350
779485951 351389846 180910941
31052561 879870188 842713403
183649873 23922160 590174713
14327328 118305679 327732321
191734820 80173999 576368339
387666707 94854007 777029126
827323264 791545798 582778722
326624650 424369146 441182682
35298629 41703155 935274250
466724607 511554893 219373122
156516847 75717618 870644939
895827892 269576309 858403704
213840473 977888218 546010190
678703163 63520542 780900836
862098656 25185062 21974461
336730669 723557317 716568580
312691614 691614062 505165234
930216193 455017883 881423271
135804924 559739811 936366346
882291133 942426077 918338275
551069489 392628671 409744653
569632918 141325764 893336123
902968573 246380343 564798223
888960311 697948062 625349744
572221963 205821200 101560469
247108804 125569288 12277075
965820497 604352027 209982684
149256502 206236677 100641298
725230225 660716216 558837940
890192592 55278712 539371121
147209401 538081992 763214708
806304464 287195099 153801691
275808140 520848459 110600769
965768290 943259699 169981173
743915209 590466151 246583459
880665258 751000204 312075774
948927487 709969732 456096755
555123171 649963512 293300690
638424930 87857719 670861936
61896081 910811184 950566481
797254558 850109691 523221228
781355059 47771780 264778220
738441946 452888663 588406898
271915079 279464636 225292289
542879411 743123906 483071218
712870713 691828564 37790719
934718043 124822897 473177124
903412563 722482187 77907858
471248619 411770642 199072710
195763595 223568416 910615934
807776988 320087428 775636060
551168544 432038166 516802242
765690762 447592528 382125217
701153160 819756890 285748083
369387739 549810184 429898067
404980906 166341825 122574501
360023674 565126301 739300220
150798133 139567705 32358600
850934986 246612171 246125571
292272424 457911361 739588516
212221171 676533441 121108237
941607889 3271655 194091051
515980503 74989979 863372319
974187408 397512954 169738485
630401411 279283012 781039763
283385373 539196744 510726170
918147763 795514652 820425674
102409649 336993202 534320
107471629 771697292 412887381
137592867 668491503 616040520
88430780 466562802 199040315
717218718 598575458 204680221
933158392 973284219 741459885
158990540 208311911 646399146
962680213 386875649 194680658
733439939 163696721 827305892
257005669 715025538 736381438
660092555 766000660 882867221
365790195 726476232 605981309
354566673 599317293 680257418
802963703 71749457 804399308
724862771 324843685 501892924
340780139 390332372 4542906
783444458 541499654 263352864
753053916 114019757 110671836
730025152 487524535 18156258
420870818 544623552 311536123
120697843 35788711 162343267
875215311 796558089 752413730
803927242 217163520 45823328
134509059 799316296 378788265
240924648 100730863 488852603
994347798 153518963 833830732
563829955 124527312 919552293
99758898 204830429 425777593
418910279 396478691 288858034
784801574 900578921 943141461
759835031 514261227 917331644
967181579 513717329 707202225
764604916 987061963 617451350
668294494 939085797 750407457
352930612 421328519 491467856
821224923 332351761 150050826
548474782 703163490 179188582
854466570 485204446 863845670
125439828 138781336 117573986
141584583 531444518 353439708
284914157 423788084 695372837
874757729 334187830 987268898
67439161 26397633 368163557
228617535 74244507 754644315
983625393 185302341 603531539
920618877 739940966 300865935
822318874 458700468 630116352
376332536 779664483 219262955
646342656 72007401 130011159
707087662 440485010 197957319
117384218 637371153 384337545
189415375 187710180 39757006
637323210 323111553 820928296
180711891 101094051 396908155
24925369 41613905 226378621
357637173 73827517 597625686
254320411 279064426 450458283
883905405 915041174 330658341
731171000 863010303 799827958
397150544 420410444 963846748
383345827 45370715 322643951
871633659 78938072 789200885
363127165 82655181 450373778
693941806 994092006 301576415
537143891 171940772 390308949
559896921 792632100 429157856
275971207 7617679 558456959
267421735 532169778 83782254
744531030 299690786 713813135
645553580 838609003 548191301
375518937 395847511 34810320
594862702 408761626 119387667
81309267 930832342 157902203
839956425 169247758 474492007
78281812 573440209 664459312
257372632 713275035 834419464
578757198 969268411 257246556
981695716 910388908 366335423
23141740 516588901 72041032
424362317 541031874 189137944
47647836 491879076 257102346
350285315 279954821 794170334
944908803 503694628 381841674
981003546 699438955 882083375
178144564 809779549 636430921
309758184 44382889 191039757
115901652 708799855 106121635
141266750 293980122 996258877
425472411 668874021 925984633
535689731 41483182 522177465
755490457 690159219 95278607
510925946 85240511 873396987
162482166 617619558 508805122
618973272 750175928 341501392
121749671 467785986 907282751
5279204 879460314 250346551
276532987 974016651 731958759
754563285 47947716 677103256
9221727 668965060 536920384
765688423 932251397 113919310
956196916 867721142 268686827
773573447 138956430 30990658
348175921 902622564 68526606
311425328 821992909 271771427
22362343 587537261 187438027
591535384 747661448 144306739
18407195 527595583 197300111
156741750 904041126 850996672
281946434 833585899 386020934
741018025 549091260 128676638
976764207 205696090 634248214
353231163 730675751 707939671
29823673 144246830 125442107
184687794 465246893 733810395
282787830 521181274 402608208
492261828 923300502 765617218
374867739 748412466 649658721
675128099 675246686 341239261
661224584 346953778 476540271
31430160 457868097 692704798
768351303 549589296 856488272
326335119 340703236 10648509
853969881 712466859 736141350
13405467 678463924 787682469
46595451 26410724 96856101
746556265 448135824 717880520
984512891 593333072 76441331
278599893 475509442 905206366
808422009 741157953 883143890
403617324 54712686 464744785
461832207 600095748 844022438
604635486 758008500 537748823
705960419 695380065 706074704
833037810 962749674 304861324
360565037 494357424 725628177
528979535 809498604 329889135
278536727 41632680 302098446
889568189 940341571 476232012
533731669 71645313 681348050
478712090 464847574 550968465
596201069 610173858 383782444
818612090 728137710 30208524
901301578 331871746 137680155
276127121 10650618 217738924
629362869 38296389 824695542
171619831 628428217 623269948
681571542 911156114 815932020
156927717 607866882 111220812
515468536 990113140 608400565
637336698 846358572 166224174
888581159 908499853 965722443
916801396 223684430 931209313
561103295 844547173 955969027
90409060 628688219 822641970
43465384 405684193 723039660
770708065 296673227 40009200
827148593 147693540 432302059
943599453 283794582 795652056
344140611 699323018 760574761
483280703 718394153 31356380
545619216 823768609 390844030
99139814 909237861 226356572
955320549 660254405 871295759
64818176 580429221 961347911
350924918 716464881 32586335
867919764 315904740 834939233
666570853 874799999 25438968
343078536 459753809 515028162
580378140 93549908 175907954
216274997 904980715 136208227
625832767 140299478 596432622
614283949 628956210 853286475
737137989 873786738 498069631
20109913 583512273 751255191
725946564 899932006 957539287
984837547 754524378 238159589
375352083 709947752 972419440
135268034 894294941 994967258
878489168 374579205 723360978
194033654 398159599 679256183
231382696 309960093 786067439
854725573 166540486 592585151
797156033 449677046 866241239
243464635 210883271 803199909
501624701 865405580 773869263
543891001 105652889 477385059
36053684 349216345 282889792
513160603 740042954 461705304
476374509 199998581 601389369
302461162 706231489 101339726
316868305 946731648 369269703
672751137 400827121 376051352
705081513 810846230 482121053
308950044 10224575 846444642
243183629 925576221 808950112
683070035 9224895 651071615
413353367 793136629 441444116
974574841 641609090 804684559
573497818 800872757 524038925
752801527 720779341 477143855
794137114 512558855 176188330
771882207 128035196 34478270
331243341 657462729 978758451
215559180 896484820 351802041
86677684 826340361 669474968
12872194 619057209 503296088
299220043 342611289 410231550
93701992 736230620 283544250
243730808 14616086 597783372
869770411 570394620 535495068
420716516 947720992 112476937
430791295 80730320 685087989
382383463 299730828 671308811
57607117 296907722 998443928
665688963 206964784 735998952
58461818 562446516 211252317
569741518 103752278 960880141
291383948 371009439 289860140
607011433 891314700 760281195
477061082 697732200 807041511
486948837 634731988 439948440
943950203 962281999 354734787
399636994 445381989 36404834
122392827 417885165 940741515
996729292 222832134 900113366
422829837 507794499 552295717
972811695 993545157 70795303
133648712 482799521 658106540
676540012 648514425 183884437
569405309 148632222 936641314
193112765 127143968 608677742
480693590 401923712 828208025
879125251 249099244 443528129
7138814 611448442 925090503
369326562 853916399 206181649
419424038 9012590 528299834
883111744 824443159 899176313
325137241 586208654 593104789
860550598 553534690 450171255
870944062 126698965 190162262
186542681 319711715 672998401
787585943 219684920 601156946
782227091 886544745 240487837
727660823 718785549 604835425
411768445 198630835 517175790
620348605 657870835 248111435
676065992 403105869 78012280
877203982 187607695 140556163
268937286 168399416 442019137
427738359 457957362 914964077
148257142 758746634 520996348
109704582 636589021 309106793
644985327 366019449 216375150
129247221 815803942 438038501
132829104 483078364 730786319
294045462 119677616 918747847
371669845 409207196 855776491
227213619 107232425 150720046
602676618 166300955 724354990
691680235 661136983 935102902
129064099 305910546 904990749
395956468 272400951 138490670
805234912 767491980 151394946
440459379 496701361 694909603
302664726 463183688 335132677
278784207 825874878 926939406
289032570 556464481 445300870
679065833 763669122 312987743
523494753 105493444 544687645
536403305 256348271 471414345
172794879 77303467 822676520
883314041 984633198 437620613
393571774 234997740 349736387
60258699 517546953 359181132
729441681 926548939 49203596
96192310 42976720 527463518
613781865 895256483 230604482
187752529 783475298 360495989
512739579 499005342 207796535
308560410 166475275 470660883
324117565 293639611 544658853
998187489 359099108 107429186
25605492 95528530 383994218
935757177 402224442 190387189
968151366 170860251 706591904
218491441 650626959 981523710
901432099 328222095 829153246
344100694 876140172 612897171
693536607 172216359 244437997
800525978 687690888 586370718
35523747 602861161 127003871
601486059 209024966 621700623
176345281 195656010 935579650
28367998 548622833 881037473
974318797 20098780 216319029
21177628 292012310 646548971
81009133 421533333 869543462
553427858 752137083 207449408
987034481 83048317 475515734
377378210 172097177 271772301
234485529 160251751 616981659
515899677 759736035 926528502
500166817 50884349 784711120
256876741 826368227 892072456
555206740 649658299 129053801
244653056 890167223 523657562
211281119 735893175 107411582
563837663 751261019 431482485
802498952 238620104 707159737
191416822 859827633 616207972
200501409 215631438 364408136
208792668 308260914 144313851
9405292 902939365 603207687
995529254 43129781 179278117
861173421 509968678 788739900
758993151 961435057 815113272
958182688 127721491 628270653
318085851 357143158 898328882
334126689 22584783 594695256
677277259 862133920 799131638
373961536 198719277 447546545
723854302 248020767 730963290
352036894 771409346 735525878
67601068 126356776 692550580
527777008 666502266 997068857
444970965 861761930 518137609
4764561 381291893 258982743
301389451 651008268 301830450
174582668 16427055 91653654
731651257 755821174 160731336
673641389 738634406 68411715
224771038 613149365 491441979
35312424 284197597 408642926
269263669 390224706 156472305
741445684 52983859 229955744
350369488 782091067 52410791
513338791 51141547 419388922
967626706 126973684 897490150
431364340 726735977 288186357
193579919 229762565 290225635
940555915 348662323 406353031
131182604 103714086 499580739
457132145 486095786 255203646
216702955 936891067 532893195
914479651 165699178 149685279
964233227 252786212 158184120
629859455 48291339 249105594
341663569 624338820 83136110
463690752 713359179 723989931
516516413 888080766 408574079
644838662 226972816 414895493
992786104 331453746 995633263
701277465 128169881 241084580
967601582 830271905 516658959
187843982 463003035 314267236
378737418 205745516 823579124
962685144 743725896 390438271
858865521 515919626 78114967
553147417 458227616 757322470
244281610 475522372 541533930
231908577 585772682 962938926
420027960 922930389 10418222
383230491 842230987 254278091
327444103 449917060 362347262
384786771 647867492 574546434
473616583 402877748 330113043
362962463 127245399 890579299
894544912 101720320 354146988
987858903 968097962 840810887
40456017 389244379 221795116
409540913 264966604 213259181
498584117 38391083 825809900
753941238 53237675 483202724
193508520 577319387 379477952
107278514 95314351 255018995
649774260 509458258 405601919
933119307 313893086 340033627
898442799 706285090 552218481
766859816 369358024 534895545
27545376 32596431 772474561
425300910 492010420 672422398
874775084 740909156 744664402
881233014 446301033 216210453
638602525 826944097 591855827
702386603 629496623 345884601
178038903 675953780 431157930
5779301 418275519 709040573
998316565 825253950 998937241
949522954 76911098 195291169
328925447 742487110 29399031
31379770 77813680 733201800
33504123 477407957 225451892
662425294 526770921 558465633
776970740 499263882 593882570
117908268 953352590 909743480
986648007 341790064 463885758
423507201 417937673 528462954
889866769 348844841 885498878
135673459 285897782 975632498
119096810 867315560 124781066
245224426 7198207 454266320
221648412 134754569 367151751
39974107 261128088 812534443
319017497 231847442 704515870
685275440 340113623 836003284
190884274 906554739 182799114
419332222 539733053 175363295
756486559 903622121 638867429
346901807 62772499 176967817
696691431 891506063 324367720
794040500 956839029 427112919
387097282 594786924 154586338
92378824 814727782 674066867
125347176 177206889 786688763
424033819 222740052 547321501
465607759 560907208 762560621
906670313 973612242 167686560
935462937 392905390 518582653
64188299 665666744 621364388
810634360 93323927 468512108
367384319 225342695 163222359
32528939 218276939 509861208
120593012 881080070 275256352
369890936 758808666 876100304
299395026 58555422 491766505
530958911 185714377 448623060
595447484 530189854 314516900
957267198 621489380 810961595
368192656 832554438 415063574
694512132 780290708 588023546
125274431 500515962 204710407
346131434 1228989 718908282
511467488 305577061 876432745
244624341 673644812 167299128
571466097 955626433 645835786
383860363 987058980 36830954
215647610 418854591 664980570
206348728 613734898 633389729
217715684 662792879 655564327
410952181 672959347 608888897
951977392 775720751 687003535
568347971 791042642 618827192
114089850 583737702 122373226
186345320 340666728 890392001
460979687 36668503 524043656
728887660 882653966 306702687
555053523 728589507 810815507
562040737 943311620 397264683
133075446 7124159 511952802
62755261 695925568 995620094
999647646 435076512 966848412
575350548 6451431 328791903
487479740 212878335 165262987
305249311 536112707 802112847
202979373 552819448 24857761
712970188 538323282 550960501
219463622 707718045 512772451
223754734 212555988 284900422
912044512 539440093 557899907
215365140 612695362 909054349
181897588 519684292 661374503
626026612 101361391 955439656
431938078 987797758 675502521
163331735 788672639 876251525
414101361 324443070 589497479
932109521 916593238 668143578
215339376 995903627 912965099
24511466 255252952 448209228
402240604 979825215 342598321
473166663 516980744 673902089
728127369 629586623 235196784
276338539 767908052 310554463
124732098 573896718 404361282
495594684 599624673 515493913
182522279 313819319 4292621
787234876 362087102 792063110
66352401 657968873 941784665
800330137 105523934 211937511
746010445 638473443 388440940
340834787 707016605 122708097
370527404 831100443 489055561
823034682 5244126 574345063
5174600 402018188 687907135
778379713 875602430 701690443
797602817 638218714 944716079
178387831 66880530 806061418
994424421 717970160 708829298
222158627 307430211 183952689
445713459 342977190 970718668
967295868 999097944 29835742
201055638 9654778 780229907
696614926 724074364 997202517
162716261 667589792 468860558
289689547 679388674 97145014
552520089 831885811 951184236
323536964 449038527 802251482
301211100 94011739 614272874
218013879 655195819 359467826
170757717 70130991 482311055
469961017 689135051 8733122
365450760 849587947 119545084
75819447 372042626 809266186
1131141 133065637 457016795
861763811 515369816 777526894
124769798 182020626 928907997
169435174 350773131 830938829
615533827 67427794 594936713
115022217 544656276 20844174
510675915 159726369 926206630
980041971 958499937 271155071
841860920 937228754 942401448
128473218 966021844 62657962
824406834 62883408 781395236
176052529 138389257 739258984
49732483 22124190 802132201
895894009 901929364 885745623
7712294 348754777 484114302
81448794 875919756 557463632
89072999 642612998 903558726
358440152 296347596 211759077
793863938 325880550 54995403
91005045 630448258 620300675
365364427 407993509 934145240
17450249 995406050 432563521
270105100 813785556 78351512
836953166 400608572 523692688
84412775 745295193 195653236
142577750 124031389 548884546
515050567 849675584 675416542
9358123 824278632 780732517
88237491 614338995 546154254
582888257 244638485 282916032
433466167 831184831 450056033
38149063 855855678 754613443
69372045 21280293 11236614
1534268 137641646 648643712
33129619 874324027 521262924
342050411 16022932 393578656
949829710 91764808 855011294
266948124 355863080 552572634
156728045 307976853 278950918
226104348 595189604 987728331
497951812 559740412 600833568
760041415 419604603 992857822
569419831 458163806 268540761
527075517 465036667 185020437
830020594 762041306 201013525
197191410 482656751 141940761
935370263 783670823 658921248
993990573 443546541 397929969
867921954 341120258 773279138
29954927 897178394 706695702
208537540 158342001 986790701
197529298 539712609 248142291
88208694 179831871 157102091
144084431 167155221 448715702
344946086 288309544 515067484
637032910 606849026 317843477
208334953 498340110 16566989
366904733 323777469 99313352
290367656 599379829 659493277
848578318 936399521 928674399
166431169 481996727 701985406
977482842 968055430 271913655
428112561 598355330 39647327
303790050 59587902 669248574
944346599 357692587 138737655
767761692 77270682 302326550
320451593 710730851 555627782
440484316 810418950 242902683
710418786 409643453 167180572
975431006 452022798 851497072
822888506 141914644 568931492
265418865 679769198 254173701
655199160 879919375 573834033
833929169 189515644 738533552
113812049 875978441 821746727
290218024 598930769 469620334
936165933 999043283 741159832
575022290 931928274 84943422
412666094 273996304 498685634
699038008 210843798 603352027
716336222 43096985 28555187
558879282 807850873 723325984
72388256 657365966 952161770
44660045 149060328 137059588
79666653 52761120 208025501
187590845 648190750 910607116
202078972 804001868 89823516
330342007 885975851 225842626
593532176 77146761 500500008
439259308 826723358 386828812
123453948 337972193 322913173
598242752 469233787 522660949
350861336 254072869 87618471
73637600 399743134 853064422
42465107 219744717 465705688
165708971 684938592 271511993
670352926 696824933 101945028
585922673 852075340 189965157
890647354 485853779 656338756
616834320 266405211 898188926
387331882 581411898 14137639
603176221 982968215 992605429
725765386 225237237 127503058
999093555 955043585 557349174
426797865 571785741 191990819
892950927 430606152 275048660
946736373 544405629 468692092
427842406 273577347 581989438
301816938 139390400 860845853
50270922 353024629 702843295
45024049 631767129 576277879
335772150 440521900 306088816
244803345 757047842 474213913
559416888 464567093 560539870
308672087 158804555 577293005
726645518 849967530 69005683
397619533 200297284 289896844
211071067 157453002 770359482
861737416 630761955 416847401
322063272 512498409 534875504
12787531 588958790 395649948
189251945 170338338 685992005
131801930 182742218 896815352
92092180 922257966 294674687
815949399 674814466 10929372
901965343 802704125 400661099
576711410 370967563 791205324
407713532 228519045 472380089
393836076 665240585 628126334
208461633 47225183 580166582
28231413 40241044 240747069
766230828 779048735 511925011
76733632 251905782 714372980
290269456 344178977 399922237
962689742 356072347 382612583
266477283 254240538 48560856
671729487 779080403 265007167
976817641 649942888 131271468
641227380 329597899 761131592
854269673 418365257 836275987
726301704 256386311 773677621
204173880 356916573 462284
589632292 761608623 79622108
568921107 293221901 926568571
312721121 871607766 590906767
503259551 998495437 193703692
258611560 248434637 536795742
650031690 691100899 747892318
959875732 131095020 767671603
908845976 379212929 201149314
360876818 120537819 815969143
485352197 806615255 912115474
281324397 488236197 775756156
531627240 354129094 574678351
830054402 166728331 247293193
616295992 430492547 470047430
48906702 923039571 362104559
876797924 281507045 897183045
572644923 948933011 74056138
670602955 446086330 34684662
726415429 675600139 629144701
841268902 589529516 568603904
590379661 864410511 908917382
264145248 212330358 548544680
223062636 769616316 125083962
336027996 545913206 620632390
7506369 623996012 85874981
591188676 591058797 44086046
808771635 32214370 433032172
737063938 455315132 448129260
115898873 369076340 518818639
850983925 37809450 80286034
969772991 681989474 491047951
316977341 627782215 173211726
338867618 802064970 373771000
39594848 144373886 43213746
702739836 299447791 241472570
430426191 419070324 446324770
343013201 655606060 108537637
423346858 341471085 836101043
113702545 639031360 390636816
776664190 690378583 285789688
415478863 237675877 88010760
341260038 690620391 539182610
40269496 502796233 713116526
993662180 627303334 716004769
168468161 839829462 97602873
287651470 62327098 512829312
315256295 165631267 153179628
264323844 74252331 471595598
377614044 986542203 195872789
772964328 648731407 609844957
937070806 667583373 611326633
852271095 515493069 516785724
146140116 52531303 732785340
821849210 432051776 379938651
127025344 450780353 951214090
913478060 90957256 841521442
563083434 573319054 235005121
385854968 534224932 54885211
978862729 8215662 545302688
836772847 63271936 29857583
430588121 750168291 164641948
729770732 131543521 697580977
364473786 359455274 283213716
124592635 372266286 505687716
754635147 845207925 119899629
427466992 623119266 648177919
337332338 375085526 704176990
705668048 26525066 302947192
665095150 603937021 268569206
293276843 564078289 309139940
499779332 693609392 541832479
895511300 445482404 552969209
174964575 607319528 264280328
263794468 67699797 150097870
210571914 120360461 375898309
388831443 759511600 963816723
342495125 850727613 359854654
977904589 77710606 398509576
783861830 495034629 539839897
838223538 276859672 657439435
913519672 828875235 70738918
332195454 512874746 782179893
344463410 748562174 610474468
926298781 262053362 174474648
581428200 887618132 38757943
793540708 881089321 955908467
640038192 255247334 826517172
824808870 178582688 678062706
123502639 853734010 322249541
379528952 270387902 132817370
359748664 943989726 101604096
965865211 949324976 151822973
471737156 866446873 805515761
821071693 430845474 197785476
493274289 465599290 154720619
655131220 857869786 420643195
465481451 210421407 914215237
185144916 515279672 800811532
298953552 23549050 916877431
160706054 12303938 105308206
119403668 260438645 295142478
605174184 272468586 524771799
384176909 914602652 837687582
632176654 895902711 176468137
408342115 191658673 282691203
525673669 894823078 617666289
521976144 5583202 46940689
79534704 684461916 452137593
743571787 175346656 552703438
635024319 14606926 845533307
196048247 481919942 899668941
109136483 367862045 885945599
217753997 690032392 235728785
797671181 310493922 857183002
394659050 522045085 313275928
787952758 121705598 128291968
78435345 768006786 476442884
727989771 133433310 75819856
444442069 174800287 998648239
197938083 782995089 813253239
396426033 716906203 374820791
65781321 849843991 131041741
708769987 551168168 698602676
431379284 95100367 73309556
963182802 714880079 393147356
178231935 638581033 852259233
966029768 344511757 829710677
445793732 143206529 695708104
461566876 603040354 608866145
480132000 937266495 232897678
646213470 911160907 671128250
360352190 719721860 586000118
382327926 833346483 46170377
745059485 443621586 434421864
672487068 500588468 237465210
805792726 168464024 736015413
721622612 749398954 965231083
673951363 830568496 892584962
769441386 421197964 411741337
886285520 546097722 145892100
387865635 26580009 591468598
232558668 572139618 991366250
89645422 480176596 642048348
234066587 358867492 749955618
574301392 96604705 892491311
908948888 905842162 222618038
392241029 862548712 160793393
24021619 147202730 762317822
698642725 693885105 539478939
58903212 968200543 905764440
904451391 395492715 625727999
867993738 499048082 539868135
535790955 350680873 283564326
148282511 642044281 130978718
491399767 620967675 636554473
628691595 993927233 298461368
218301241 183589559 594475479
79257134 466318663 390645309
363228114 41024791 347067465
726857678 916859971 422025035
841984745 122507420 399611704
723233618 34551680 125186107
472420078 568225915 875904377
244359955 887919536 864376946
221434941 375602523 503795819
119626620 432724023 682906729
541023250 959576446 743043358
426775887 302624067 271775642
197475096 893972896 458612450
301573874 78167886 581236065
277584453 94696383 420656144
574093760 254026343 436682298
657812309 448678554 669981538
84842981 474673219 838571621
452707197 572658074 206470624
405776344 626622119 585789525
835916601 834531549 2476265
463479882 300313680 69084413
9463120 175890575 327636142
807463502 431882768 368544654
782164453 837974884 462165120
211299451 29165389 180492304
878223589 576633776 506096907
433318970 542199407 586901782
654018873 338568817 536263320
715732779 712239130 853529772
325652706 140865899 153405677
740554231 34191671 826406590
841323175 737188534 919983189
157539771 132024632 678276105
308507274 621752568 42619354
887513784 703018157 766411257
951799400 291294729 462434721
97557397 956662498 952951357
701422145 250703721 94750465
507726202 597947343 586553998
635152467 588721492 457317876
394490752 681356995 653388978
959941767 54805765 743860242
728225723 609454039 660365271
852206039 749548168 662048253
562249520 955621991 928496589
354668088 189291613 497855219
225097880 550384995 165139437
463962881 638196854 828131533
646135494 900059995 758473576
681789948 722479770 260641833
884502875 601858147 562554597
44159522 514635247 696793475
752995003 559250804 523004391
498714099 61481646 292339878
36390426 75862808 40292388
350194829 361892274 780290667
577328362 896526294 982822593
202718255 571079990 961821370
603500519 534990341 214910459
657146688 569351450 984099140
438349604 557456268 789946186
737692835 392757877 78667476
665934238 683610903 688447464
914012946 244755395 262142702
56664128 322737842 268831591
800447465 40326093 669502335
492876118 855430696 360607687
765699655 321858000 249188623
985728627 889362529 462940658
475430380 153160782 983397891
393276719 32367892 775026417
3915176 326986132 583718545
139957515 135857737 431941246
342030206 934644184 747146295
783119046 319116252 480610785
577317187 458400269 598575608
214771419 709937977 325060817
109169383 17488788 533078588
866335844 287557534 78220818
395838217 660314824 109532864
597643806 325270960 216936041
678721787 383455030 286396267
407469953 267387394 963162839
365337277 578647775 728894058
223217070 494694909 690201326
159516723 667593021 248437526
524604661 633469849 30362740
298710515 16956680 296726562
917996655 113899454 135961725
136617479 323336025 838617722
176397119 946835444 521349409
554154684 64547680 343726224
833315330 29774362 853975757
552491857 986169639 956355903
420373239 858031452 139028096
999393963 926421445 566053288
230190693 766611330 804784864
957051854 797935160 442076986
219266731 914439697 904147962
321369355 745891903 257321958
982319308 741343379 258135360
107519831 271735422 144135635
708845450 271935057 43303160
666398786 896615072 624758319
965430520 802819326 358381165
406869619 727235925 987885739
770908114 178995869 948490375
411874952 207984907 12342059
445539277 901254915 752227692
881347456 19254403 158351123
277296237 270560383 44722775
732970237 893547946 431807956
635414053 491945863 158481520
419403637 652422675 506918516
176688160 446418531 290186717
41561407 431262136 932584475
575242940 898843512 570939752
266148331 738297420 424429560
314881678 8747790 560538427
359065103 784194852 28409010
240571375 68387591 403798921
278343562 729187047 761979181
716027351 816309161 21940596
339055035 150378511 310650627
676587589 409560327 279028818
348770639 396910100 708399746
864958918 250905220 782858972
307598416 640066913 626632657
274208462 960705351 353390293
288513607 74957698 358354776
285686296 802003123 773175832
141925953 531556312 139675454
476651622 178728880 452688176
765137307 866722691 129953294
82943814 571627969 691129114
258671038 103967820 311252791
61301683 624146456 708160839
827829556 789720794 239930389
978918939 598159938 533134557
66104010 392204667 576722312
462124292 119266130 552636150
949588824 293124291 397639194
614028647 236933177 160033316
40176158 895799516 900024083
785968563 868228302 259343118
202301891 766304610 412348030
261604936 995373595 941934845
432807051 801112849 456718845
865314848 66246804 244708659
132979050 724320424 628943006
847373297 770067274 962109920
112175595 698022133 944657998
502955415 921286296 880898596
78037517 441859859 334523863
829152297 354927918 695538643
800774667 5111123 654698340
322698392 292788496 485451626
896825288 372597199 592123955
642762409 568627402 396349893
654920569 133025192 301534963
188309160 809220922 247841703
728008782 980315395 86567669
100259717 820080586 364677076
739709853 400602935 205072899
316526965 370796881 718615290
449988790 870439464 96437738
508830857 550485490 222335249
187810304 634496419 230783078
310225345 509057111 950059073
501580027 846418466 231296062
384043482 167908448 389928562
730911328 857782899 288833206
187405483 493162245 432815505
991990462 333887209 697189544
333216534 353260181 208048617
354817608 825278626 765989103
785880000 456209535 149342387
2805667 849704121 582562011
321129793 371604121 206717500
338414025 992847045 372882680
240765988 812461662 944724028
356598200 605589587 809278758
52410572 108001672 695461694
999692953 863666044 495332419
526288003 345834805 325927882
659327548 735055245 354135496
82992670 584080253 980258652
606228958 167072764 944684604
570069778 167581929 525548374
117540153 204088659 704470129
317438905 829880718 360332309
591284652 307211017 391997494
646343974 392469784 792154393
171129099 321948399 217973157
168138549 630013095 208802886
276423164 417145142 949067772
867919852 473570693 890916324
177572043 836339086 976732830
837573474 490514837 520551932
992298122 241856563 345965175
174195295 309415891 576554406
779668470 408139085 82922390
259804568 935747899 987207777
286310241 145873209 727152197
270943913 909434992 400809070
100462574 813603260 323320079
237425739 633461620 296466587
734064633 979211081 949747679
596635901 352736860 658837422
372882408 289495543 986088113
12811357 477522337 221900337
611803175 512792095 151394956
23051373 654345995 883782132
175634011 139006897 134901178
91095651 419284042 257958607
957349709 889358197 545942083
55132992 929084449 243606879
71723503 244990301 731186057
252479438 688270901 492265882
635355326 731162093 744857338
370451574 136677975 573647903
651582306 812048873 772053677
643449314 133365349 145366668
363263599 115956128 297421992
704224075 698781404 514275464
279716001 188167996 660670613
327710344 912139288 732891009
444481197 881001146 410304127
305530328 305615618 647490249
463135389 261459332 932744788
456302834 185989856 188762214
652236365 360664798 777135691
365239215 384453123 162897422
119583276 940475802 764698462
91809086 453534662 476099165
115960652 98912382 891662717
498514366 643701400 481721833
891859642 536971445 16791190
589217894 880530773 997281502
643877092 281934927 134314880
33884947 519050144 699889282
752659714 383403163 780828378
211825621 855599365 728434673
691337871 329673045 962671342
731586697 653513748 513803604
701241575 416783091 811979982
881085310 949927112 930620088
370068994 200984317 879402944
811533880 363777130 645442118
338105952 181741796 985249477
160597627 418226101 475193400
97753389 770839544 451918959
159515409 219333270 827378752
326588139 549778271 48572234
484209876 433704419 385944469
620187980 498843969 9953769
998856981 605198367 78149734
370365548 105082761 233150676
175302715 733397242 905016806
338296864 12613039 191095275
794200800 939400327 695589712
627486957 324848598 151930725
231403605 434556090 669268528
775784396 708900377 508604257
143356023 9068678 374560809
257362251 444728060 791853179
443613925 342855352 367485588
244959571 764531447 279376480
328822594 959400878 504759568
303825273 492663124 365109021
412826524 535247578 376710406
122582440 114146636 607390702
341857610 234280317 950720727
422698792 109012898 65075980
768728018 384041892 145723492
422874097 241901249 15961313
32371397 547244456 708144846
278745471 632789524 98556774
620554909 275716124 3744211
966131439 288338520 973070277
569153027 80917802 702628689
374316520 904367829 654744528
932862723 102508169 920931717
482312039 225351114 848404340
480386316 136565597 420601698
92752924 719624667 631054406
777000002 393873358 567453744
527162073 805055142 469569219
705872346 177725334 480009041
272950160 142997676 347805962
272088644 492600823 614133225
513000305 282051476 736103278
404654734 482373531 93286483
190729237 768350607 69415989
117941732 260201299 638754
230197442 143401863 680415130
929119285 390382096 837630916
493118684 196898957 774266962
729330139 296381567 996922382
666981335 713824892 995501480
721541454 526888196 948651022
472600621 65245713 655753641
295453755 330105735 284784964
633585376 501573240 231895646
642439414 629633288 900895519
903009657 238663239 748240356
904850691 707984970 510726179
838386290 821389932 896023452
827965958 775263452 920598615
218584274 19819914 382448749
503635490 442195501 720277055
922002155 210784048 133514473
652054447 562279750 33414447
477180585 324470481 470865732
516620246 333948501 274153679
188120648 440332408 747611530
190973191 746316438 550829884
933246839 848623891 111891753
990403714 89038041 646913037
330948857 662261420 350127672
606409237 749623357 666498442
464206297 654358374 618931856
449592999 18211584 279820466
873732525 443766546 796572453
477325009 318007122 693453559
300459667 136960313 638336057
254364766 930261084 439753359
677640540 839118392 293319078
432650168 756454597 958084230
523117280 716112921 309500595
487291554 213025912 192474923
387525672 844772711 406709892
965558203 238865404 426395544
189949985 930609302 153741064
759884456 859818364 644783976
425217113 477152652 760590759
126275841 984257120 487695742
312768064 384963639 561062274
399491963 873046408 116244443
872058414 64260733 403960415
584190283 898512523 495369282
909135370 395795937 742738419
120294024 522876707 29978899
341737475 908436291 60009530
725449596 221503160 913517076
990376944 367672204 531053836
559584364 326765869 665153740
423752500 676049618 275508502
157747054 883342350 247940739
682473512 988557105 100956765
287711920 4284005 391270863
979776490 161585130 68861730
344239342 609769623 754159242
660510545 25415517 85276268
819820597 674946729 547889558
774580545 884179206 371720228
808052236 537392292 936921908
27765221 393395017 40376849
673187442 698318447 874908580
292746899 438364930 221161989
197271929 582898009 157114770
670110768 613299667 476318423
314096615 814334441 773393144
895603829 211473433 893902324
409187652 91356085 553970264
494133261 826688838 173771078
864871857 81610337 481728370
961915131 459684028 51625252
608187044 173617679 915186622
382955655 694306917 9860664
609773822 302555192 232963980
223046012 181666709 286815711
578942146 906227538 18848204
170283796 673559239 108808387
543376562 69861265 135753670
910695280 368938441 222578996
235214981 678320932 185590127
250813665 530607513 206215014
265617191 205882298 257261368
614713513 882786691 182841553
963636231 117680163 463572500
278767086 235999403 495326225
682909919 40404984 978633266
442090675 649407722 656982716
900577892 962648079 578154696
744874501 112482964 151953297
919977644 493669555 649553995
301037555 272071639 82392199
741571744 694794825 929776849
753098388 659615818 75108729
154570074 455734114 700485249
222469641 187588091 434721253
26663163 875099553 712753846
4179051 917936275 479004703
869350385 296895205 494855782
470037917 580809712 119181923
633157111 194499759 191830168
843944750 272367717 620955605
451538337 261782812 455242078
352062957 693385566 576947542
741906569 407179577 849830869
605080853 576202507 612412524
511534662 335231749 202291175
39681311 638183441 101896944
616216722 319260567 247533340
221246629 779478301 255120853
170764509 118303417 361163592
760486605 715631727 266663411
253458731 253356042 736913855
510917563 291773237 131018570
475903828 260819524 280439907
236266300 959176861 472350951
192433116 761002305 759005804
942918703 872924550 435359833
322585970 323483156 617113845
430183091 909836757 2315699
823339959 324588084 437603966
87467397 225457091 884474239
548885266 677759985 741134748
580900255 254527503 195381839
841254218 541705967 617289951
708672373 759653919 119160220
562797880 791946161 114845354
864178220 603933027 119045483
801052405 756960923 600655648
272459921 966584262 391643264
133969976 135496444 223095842
179318060 215356105 298639483
341133266 487025335 742320645
209001021 616910948 960436244
827886249 156266731 621143743
242598898 447164562 255247715
316150800 142868520 597088765
263621531 655268040 123092776
947750489 682890296 298053979
199377004 862850455 87131104
716606051 125644804 646944020
12663635 992401328 912739558
564026161 982401255 734791121
628362667 384484693 739318865
108621682 149958145 339343736
457270209 795011871 523032995
291088304 443663888 483779696
658092554 869984414 762615086
875661237 153789869 620371181
793974627 657185143 129297195
906265068 651171870 470635632
401681181 566925896 82741427
536845112 138917058 209882921
161516985 335630475 870642632
596154851 212485673 31944815
709945687 800300112 235995155
37688122 385107616 890708384
216597093 590131898 467603458
883516466 190141345 40421423
281068339 344380933 837981880
311148322 23036266 707396083
620203875 161025011 985195300
554674745 681748567 244468530
569027162 552459611 929857152
724788967 34331140 584205321
369232281 977927255 722655232
436428598 844711163 233201683
386086364 723005695 218955019
157476202 896578269 976196786
805433494 540427980 701510661
298495476 727112493 768061430
704058812 582756574 774526245
668938914 608072383 370522452
816893591 328647518 310424885
697567560 760515605 658140027
66259261 383416824 796958191
460981874 973864965 729504467
728796161 521973103 221493761
601875862 446884034 876969723
987097390 458603616 341604225
859424766 126509645 692989101
831289555 674886179 853303632
761512291 697214945 157233944
837366312 733332210 34430906
762450388 181379683 174884151
737793999 39121084 524451961
535724843 518183612 841724382
687476734 848937690 976031650
798479029 581262097 81187337
390151053 999467921 943052334
631718315 678410311 389705692
998181070 31106800 268433409
70095102 911566684 91246122
891024785 176968175 795658871
606851675 858891141 256357432
139232345 7324945 74332114
957868621 575865229 615712940
19900516 758445863 493347953
314889425 19879332 979943803
636942994 159972191 955333028
388690359 781273322 675013321
705227778 76920764 458237136
646504073 84672474 565256643
864901309 416578761 811780141
757221099 861226309 505982289
432276561 136612601 195075885
714631528 667883103 889528646
789379361 476946976 81921333
396639369 317605720 624901208
919102030 991417184 953918262
395061223 245841167 367873635
701428155 511830363 952615073
594284990 619383339 288820288
899810306 491983482 533471223
433985162 748243172 705006443
235647025 231518996 461525058
605261288 824068699 711418019
159979731 688978977 256279302
811034519 183746288 909058856
6618498 152935008 758954325
522925105 54387678 548114290
146739181 660559260 469390918
962937041 499067675 871201384
124067674 340455540 44048080
356788885 975337387 385520614
537234704 680491220 297412685
440074693 270954712 896295576
507306097 671876735 394149988
390630004 668290007 167335464
689004325 413939098 202395958
18300361 282448281 83212397
630897781 250085943 735291907
755635646 204298684 234816790
359409097 361749751 555254651
844752654 520435816 338126411
242785891 53314307 197201767
596825999 960596318 110077598
606871621 298994630 742701442
465520953 374187218 651287319
438323841 300410747 165100737
870276122 104918548 426357635
233052623 226100039 984502620
958255243 173750469 571547316
992559218 956988990 837302853
316694041 579638346 928464216
794644659 160537756 69722135
770884780 578101800 420591444
837057872 60431908 178533988
334169907 776092481 90225789
874221583 280567676 573246200
61032468 473877101 907354128
422182544 925349218 390572092
524694443 9478888 442998880
180348601 722929044 114693677
948762301 350292961 625787719
313072892 610199562 586874325
664269862 536216854 311612415
107706544 276671953 847706814
843242567 804619421 487144442
235365405 90826322 605565096
675233150 186132222 624305703
804745282 358801090 55979494
776109749 756358656 67103291
507844397 979027537 428528208
868824226 630526200 960652186
558827782 313651490 62188596
526046712 885998766 224636834
652659488 548690569 293634417
15451878 277951619 435771705
565566266 573759019 42500628
494841330 404546983 160170366
32863809 251708811 881405046
200912111 125269917 99693664
705418785 768220667 927135718
808188625 712347777 681746703
777099265 767288959 796165806
14796206 758432698 711035119
881746605 807421780 714470434
416199394 240729075 876664158
922894962 61278112 896570547
60243811 244325706 778600051
167238418 770318061 144066137
885852763 544275531 582580326
877171693 90338980 372822255
724239756 148521461 650301862
886397720 159690773 216618429
567444495 534770257 298452156
788846511 364837209 461746457
288645456 741663282 557400554
508803041 325353971 190918960
824899816 292146487 365224949
360014169 983265179 80554692
495758663 456249129 422908082
822794000 242552477 233829846
891967451 167307908 399795939
511790756 292743385 5463725
60569952 157660502 458080078
19305594 459284363 777282717
42268756 661633576 32887648
107248370 417529823 585545278
182930179 432337351 491096214
799781789 726296402 205446906
873857772 687620415 198329797
969693685 544299765 338129376
889728432 400961787 756491716
214081977 342423549 108200555
84461186 924820015 389159291
782855272 33474435 98244332
592303079 541977839 327210771
983016470 852052328 470665727
887829145 172056585 200750925
986953635 72869187 278717468
430554225 14227673 925424436
514337448 981008372 13681392
105249774 188022893 340177956
329598926 620772894 369975713
911890856 704235098 609882439
672028057 345288230 332771586
605302905 293590589 153226178
412601453 442463220 659119319
498373596 520933118 639542687
312194264 521769529 968886918
965853610 832031964 535222213
122670598 350297552 63651777
785305899 983307700 914373006
445510917 481920592 981661630
703119978 810895153 96952155
46642754 753267965 675055629
269305235 606363443 350915542
394087446 486295135 718140644
470518340 406013782 160545549
371954587 696294598 341216619
398339575 677353799 977494679
30679289 34031783 913185484
569118817 304597519 350573262
356031192 844480543 336251432
270685353 169676291 926778500
568313556 718129078 222576481
893283475 946550482 432331143
748161208 125674757 652009590
199595046 621769797 547328373
231775328 793805765 314053993
248232488 899235590 143088346
747576080 843916019 898711973
657012641 742646835 751091232
313475423 389380099 621905010
975430910 506518093 230780119
959489239 126028200 940949053
928750765 70883532 217362032
79963214 78658082 373457462
150259777 364677035 673147165
63797614 563380117 681092745
652067170 231170911 877730562
937523724 74186556 484175841
191496101 304908663 187649671
26660663 269225143 647819252
141348663 936976388 564929021
439756685 624006410 989108666
852065625 301379382 897536624
493851649 448701400 94059312
656709780 515564683 897692804
864045672 440198334 387027052
363428590 936113269 471325192
145880898 22746005 922089259
243597317 323675301 33650619
892599272 996324749 212153765
531943666 300426273 988575356
308048097 273107607 668961147
93942131 977860582 673479015
213837644 896929558 851305712
683148345 432886572 904110258
841247345 272438334 197368840
836041674 124114435 379328633
561623208 903758877 113020572
749581794 95759793 685930799
588175987 20374409 512013705
191629981 698703626 165484658
838028679 343905098 118798738
68293893 260975573 494385787
268756647 349077595 934817287
778091620 516924935 747580589
943844259 21403923 444281538
211483401 879849336 10997755
935469278 558917381 544447889
569339525 169647177 247525321
844982045 369012790 301873839
694471886 492445566 627383753
829873567 991980083 390740152
561096233 804538179 45105466
279742220 721372959 613153769
685859620 343011564 231827803
382659457 584139190 506633118
793163491 430387721 105393842
979660562 707350002 480306249
373484257 450148042 962422942
116196345 163006822 100185436
579677382 934608940 575692032
742222604 180068439 499161496
763895115 637053376 171030635
364912436 394651050 382496602
587902851 407773570 757737274
446752522 827182294 450201724
805371608 879495335 794080649
947203559 140393315 452691442
212545578 364612471 315017103
725694592 820233542 968164145
583694232 213236113 817918008
540470951 474397917 791188246
370440715 593275406 477208480
112449886 101760084 941253116
458478525 587756605 658300097
779020138 813896051 234056281
129263816 716534021 521820043
65249952 712732476 956186020
248156612 23492168 407204429
308468867 991329545 132756778
528511176 137544378 342429354
776737812 124688530 692469432
644864398 407612302 73220329
930987709 604585468 744480792
657138362 899366787 517497320
331175575 201038256 780664240
227010740 159885298 808356624
43251027 716573875 806824286
128658014 292125181 597414819
855359096 239731099 563269449
434644753 255293970 773753787
611325906 643193632 371688575
823399519 633474693 854373758
910155902 421025451 548105949
639174955 711629668 932303414
826459162 480526688 982018233
314527359 321559356 460930944
389207606 660405629 876167186
343136621 592406056 200787695
843607655 220256116 950338311
154954961 94145055 897204280
852428946 369366264 871812966
454032080 641047150 84613616
638229264 535944652 394667045
107385953 618878195 994189861
919643691 434565182 396076865
992881581 595573222 877405137
158661918 470720736 288616594
43899294 336392632 656227536
214121270 822014189 772511614
739305820 398336104 324096708
663639229 290180975 850170961
852480191 310348156 504811992
921691191 502191783 349555400
814606297 205194863 340511833
878849394 239410668 79456904
319984005 345061584 900360282
63567312 916618876 794592094
946232694 824928249 191579510
219078008 782688308 939954734
68483006 984500455 191069816
68849299 743551881 248656749
731318111 614974907 352669830
119908447 74398194 33518018
670275336 794319983 279801909
694651445 257269149 543975968
218092525 73846773 264915966
375336676 448373486 349105187
638943622 512345954 770659687
618337259 222278007 283760398
32882231 563673198 413242311
775736354 631034566 145636758
979573094 182297834 207013810
695771927 681999163 505538641
639472002 378784143 573848134
527675787 927531894 108014740
121033311 904781121 357977247
400872588 101336490 670588359
226455379 827924279 231811365
418791603 160935339 992329742
736336176 566731318 520578353
795972163 160317380 148424085
944824062 774083606 592421644
804269044 710315508 669240386
893724122 246306433 109238423
899509896 31445012 287884754
837658470 869854318 465213426
795761016 414149001 43863429
190708844 24495146 494060136
968132909 134612306 392651829
966930118 54520741 345998799
391138913 225118019 866537193
340006009 22517180 688360915
498726120 642373414 672013383
962592046 889775240 30281698
125128808 999393494 235892834
490882078 787998703 290871620
891275935 516559794 773245028
451669658 934276465 841412424
891053345 831139712 776904142
577752355 96580490 15099976
186949956 100598544 52250393
643133876 652172956 390194385
28722786 834568189 351531114
136462332 549178281 892004998
78408608 229878860 75714728
554996781 299480959 384668482
206155734 281108165 905783894
93153328 528497907 737865020
207330659 463069834 479000289
822920763 780281649 904799666
207631074 641373179 300169419
554171799 663719255 551014110
85264483 239906003 436907345
635247357 826532171 339491150
147258952 231574935 986642643
783369921 247981198 716253481
285615428 7638542 108380592
761909550 815602541 732859620
252134051 455453676 143002961
976839523 72262871 906231858
120109401 963425941 39118885
88445020 593732903 555933265
774305870 533320680 537091422
886627382 765570708 959090251
422191497 400658605 959077791
426647299 926864039 163809310
878994870 238824508 944684502
797169490 512498459 900024633
431884439 470128591 812739901
19788074 388693753 828199091
750622963 398144735 570961274
134087263 300715562 342084302
496575854 410701995 853671422
868378672 987182452 427508636
762635340 476973551 981323015
445578576 680931250 127510360
377885849 988941085 874323086
665877805 283304010 37982571
86901089 189174485 647122873
528250120 25506123 473692857
594196941 632879767 471223884
986982332 207522663 707126829
847393685 652112862 574236500
633552279 746723949 505202178
176389060 712218078 538659736
918203001 773719234 123322991
861548311 455826648 182705566
275345604 862317724 889544664
344343362 809053735 999593239
60679209 579349338 217416140
347136009 728958661 653161884
933546629 68534510 318762515
733226863 655828801 406906882
203837523 908133859 692524007
525439399 390645214 299780462
394901934 861398054 882449839
281841340 193062579 96709402
137690161 871355261 979932950
864236444 185194240 259278460
419689672 667794600 405632187
481411983 146412373 110969049
47809717 881357311 522909428
510883459 755526474 303064696
566997755 564591107 820076161
314993540 602370758 313142518
107558674 124058873 514336246
934246079 517183252 246052713
102275143 523040319 883975368
740073909 33911332 570563779
408390437 433728382 354643933
378909551 872687816 142460520
941931083 498662371 678005635
209258251 180715936 6397366
520724792 672571332 254147974
830598454 668566908 73330451
737988305 919146450 682030181
978624072 842860343 735007357
165170846 820928081 519565649
482117523 809221274 42223326
731786565 273150891 130030174
527091003 354874541 517094906
27681532 912883528 905793815
394941022 929466877 728809175
790338091 240564643 502210475
524276885 77392277 532317170
901716555 827007121 575852732
687471359 621467075 963557708
722229877 203197923 336666248
332234694 681973137 407099272
866848876 732403075 188220496
49499297 934035399 585323416
54835046 295999281 996749559
306599079 326215960 63425715
577308524 98268711 215547832
648328316 481636972 756306794
144191892 717745425 379289679
35740064 72429642 507793094
338285632 241077555 867216480
139835436 18878225 140297182
835930472 263374427 7815145
148078295 454603464 685493873
6863622 980681600 215392424
919450213 427364034 118877545
405989496 725498339 762061979
481487512 314655566 745523810
321562690 340640613 398683135
253737332 316085750 940218633
624782057 920324332 530253960
304113245 308519645 426709356
270360939 482034892 204284076
752875139 880893597 774643742
418389145 691217714 288174699
99624801 227670927 312778024
290425901 744192568 987068061
419088290 89276937 740586617
383079095 146485497 634500275
431693061 151848805 977554219
25429153 611494613 197497383
709728299 345880060 66494416
975508555 70364875 593394570
256448698 697015726 920089236
334392070 707377878 786147397
549342416 703493073 375509532
527581880 516615060 51598871
24424074 304959300 260582873
351068968 343908917 714677747
485197872 34622652 563496315
624437347 452785332 707906093
690470360 713043744 733211812
266132765 140503769 230697616
915061971 418320886 436927433
756919246 508259331 960720416
597020309 294875595 417565448
878152357 822878932 886675173
671401628 892172872 121962395
509086309 420897377 74301920
811452021 92483489 933387066
8003148 550022408 155217710
455306689 807020543 920297608
377419728 273572603 906813190
423838425 82100554 472993918
688208560 114275639 449974481
175559064 739292186 75867584
255581421 527812160 547897590
445788463 657187510 315802334
132210390 231703865 682694995
569311546 995544253 397169749
833463663 262831771 684519283
61887709 279320600 705646297
256788470 241182427 164669609
190333494 78801802 462090584
63103756 953037301 331888606
737205809 653637714 631865482
538112264 226255136 353837930
212143330 848425378 700760930
875716417 512307351 629034017
850076840 234973747 826055996
739329677 961834724 663856284
56621346 447932092 829283305
453521560 83067802 850118484
588385034 244008305 565052304
610292907 414150291 634047524
710967261 368267792 452298056
10376087 987625341 642194712
183523536 400079346 658768457
894920011 245098815 31632638
342080315 937551550 450004561
773894623 665067913 980023777
293194978 871808430 880519351
686126037 699747622 187951447
470628996 190537744 996233037
380912396 894753658 304034904
541220448 858818161 279520207
633229714 341165954 786737334
628074450 624347650 286967087
328826997 348684014 893919819
524398370 415969656 406133573
159870935 217202608 846826289
574165557 369598878 892876452
780402799 602854535 442484370
455890235 511472583 582894704
203572229 405461340 317728464
157349268 979696075 232038784
34646721 992760059 689839556
375790791 721436456 648359272
370452621 433055799 562170470
582307742 130947326 861578121
747606082 268416725 605469416
994074076 263445049 330309721
714124782 219941957 61787517
172664276 679785959 192372469
678511478 56403361 523578835
447089209 272476225 572052200
988343256 171634277 328463853
221505298 638657168 43219820
214867992 108506035 590956135
190455826 771255678 978458928
524018383 126114445 721799320
814603527 834149495 267995835
219593419 118463224 584956499
118127625 899847354 841375098
411591593 905396990 508226886
948063016 352478331 327086985
747044309 554298114 152114791
369572105 876331438 703597122
645109483 435924402 160880181
237466492 975693263 244292619
807123442 396827366 304699294
724012537 32827037 962791407
308101108 960689944 247862625
606897571 265199308 48384734
184281937 438911195 923544749
313360077 310471356 290094016
743896699 694835964 283824963
554414390 211040419 234716324
355272590 993370322 74744751
812707006 612035676 554630027
75119817 43056052 807572029
921273199 991136333 971235415
289040673 661760011 526358073
958792362 207073651 175245767
475542539 608161075 931776385
736636815 19760974 315194660
321397256 640740865 493343113
18204635 851482342 542198129
168205432 667298178 391475271
36602393 540725897 770422995
621888223 604397342 952802179
4141793 945703203 77679473
131590931 199317407 558505048
469851792 967056254 350045344
522012792 77901508 245435413
703182855 796147032 796596761
748223677 919560614 810573843
509287561 376828930 159510290
837541766 60139258 647967712
762108976 998648072 806769892
62619419 872898853 20948474
244888366 513750583 959633160
802052579 900019285 31529964
30317740 764925637 370819845
494861788 254301801 632440554
