1768 326 801
270059450 421344587 294353283
95423708 340871528 758454129
754216981 745117607 149454526
797826877 692225388 315727628
812584930 897496550 850302853
819099182 228457136 895206617
861999212 845056933 221304782
352476118 85797568 404969911
240175963 345960529 785666096
830654709 67998908 625884937
988321687 328759907 23471102
797406352 443045709 194508803
535687694 844493540 48027989
327404299 14230580 436022224
849316381 181588705 59445928
901889341 728013058 457390647
474125178 849869948 347741605
610676709 791573655 599618638
796164172 442297928 119559511
627056909 717213893 271710195
39879450 523527001 929433028
572020177 333691781 422444829
132133219 719425346 725315693
10572240 804478887 999869501
607712761 177831774 740528272
804001020 863071815 246617916
605988469 388451968 683855327
68942355 784783422 383700363
966495787 773218794 608040641
119978026 348780009 659722353
480822005 317622585 366102563
123054103 296578987 175272119
778968925 35365310 790531550
852410784 710577082 411338788
223597413 773032411 15220805
163252621 862391409 689798432
39558786 303236774 79598177
385127182 747340315 111625238
321768509 892280573 193989620
534254214 32634250 777985818
980806706 26526084 117573804
160670566 753943895 248066617
241142278 472412854 997738323
659142160 661345641 53674402
791148403 753551736 31763460
880014388 585635987 762275850
229203799 231759929 508652425
177370130 704560041 639343302
399166937 749139404 350628055
735946497 227870398 333056457
272471999 874448968 548534594
743525317 225089738 665253040
459605522 414791765 461938815
50957743 178829113 79324390
164217 783486011 22726391
608806960 348545964 657293120
226297862 932924849 146364475
908079506 521973974 613658740
238059938 111398560 147352328
963397940 200914821 195848372
811206358 811532210 160547557
103418599 634990725 71453690
781289284 358820221 922662948
61781702 357271607 23149581
159739493 131089791 793639691
444615571 121383177 111447133
10598066 884817879 552814384
813174353 280745184 590462630
764275538 845843436 649613439
994886542 703166407 524967467
925306764 727067668 842370779
489624971 936105496 521306726
936862639 454467655 454375630
895726627 916583114 260353076
682726387 488855389 515173810
574619147 836926979 805774461
614750136 969030048 524547596
60377496 493686577 268564643
572774316 347486252 195997477
210170850 59211177 63542407
304522988 842485228 802491227
356479304 675324195 127036419
638637599 177085723 549200159
170402463 663114497 270118070
836486903 448767242 757820846
178429058 439141792 404179637
128699504 330431272 275344802
912427911 597293509 519575813
449624930 719678175 560200451
177983315 28356005 200864358
840502307 39389934 347177723
837719907 152431404 9122565
122228503 970959684 792194610
659131414 23783628 182831780
423335808 682698960 567382243
613244572 459659544 327657175
823491081 191252767 609703131
662714384 840111008 629168218
397779833 819418665 949082742
283658321 259905650 289671568
669283647 226830093 829827039
775877774 82683343 263831755
286172984 837185752 346970004
806401308 831755223 661150165
909563600 942598139 568200632
763015850 79213624 30313959
71469845 67799455 2221322
974701880 405304976 951693397
772044144 306573062 699128461
904734554 579695612 381409594
222619451 529470280 794275698
914883815 703258269 596819960
686075922 624090023 448456997
73405815 682097272 609521895
120512919 410900893 510835561
488682161 956039635 168054727
155437830 906167957 491811175
873212045 548604713 179884251
457946747 668424770 341298791
631485529 161881274 361952217
208577668 473891357 48001087
459225795 240358506 644179279
989785867 382363361 667311328
84838759 127725317 585748197
87223548 490599597 773093378
807683494 786209718 555757264
534626043 139064468 639822535
707171801 346000934 480842072
652539916 417248631 718153641
6162655 169283725 560946389
246981548 443962676 624170024
328286634 711606656 222583631
564124535 71746744 22424949
17286632 444972910 576937917
872298873 699931586 237235041
656199283 532100399 228307349
983261153 578500851 43535386
409593253 821831030 592790553
618264543 474989854 362123491
129949934 718038707 898154779
66698925 919416044 357603254
176795322 174057774 527686197
809069418 67873182 602932769
141098226 577676498 677330265
849274077 84280212 715077119
239783054 588022824 723664438
669295839 116537977 17072276
68313588 334789443 663854793
490121169 287182493 73283755
259405872 472347624 884549500
108988646 758714153 797610456
821300195 935726948 374858297
638802260 434270115 391989820
816472309 942596623 6562530
321676470 247124091 575527272
688079823 189580654 952430994
372911462 262072147 139094903
161765479 619441376 324172737
381468286 470557701 636982380
878664123 57871030 148002194
150815540 380045641 899182750
656809899 204801540 196930140
657947377 636249197 796364358
183131464 406788085 393226975
188961543 424537257 525365886
898285925 112197275 117901827
406950244 781762353 508613059
597173076 81774201 690081990
80398292 436899544 545870194
406204918 210892575 622389961
360663435 868924492 523301019
554496783 88986131 584748404
617001361 453234564 60659886
358575419 552751276 800026882
989837561 698995187 448099640
197038616 359346091 681180975
599546701 850285952 488670068
875910116 936674673 272174804
33248176 540498300 487464735
602566262 94922229 216496883
7961425 747431753 607936346
801068065 131618584 600431980
551683474 296586182 605009266
596324335 102120227 190093456
6888628 375531556 168366359
883591246 573585674 657460814
74448620 242230731 499368355
619284114 741628026 184613018
189753965 394041386 778013793
841945370 696229530 868817575
853983186 780412114 795297146
610209524 472442191 489293360
618186401 395265730 965731662
741905487 650862019 311431244
279229044 296529263 763745830
313722524 584687504 325313314
298893280 798110764 196633570
754373666 613551100 238637771
985663249 664426316 747750353
491400264 64557962 951848628
653421177 632237704 871333896
634719048 681397383 102918803
180017317 763953981 16310852
111708007 618026684 610173302
240030155 839158723 53063432
717585068 70066028 48711600
779781288 271939945 396941934
141875660 969811007 381899056
165111977 391158919 921225914
487411621 139577314 797105319
831305663 219135259 986142182
260125620 401749609 377857597
787921435 312648706 800747129
298994855 611074868 238070330
432093130 503814054 764007387
282741828 695066670 173899089
838665785 253634936 323993659
974714210 376996270 400174175
792428127 643760291 466336689
534770910 987450874 285608191
642664197 528920190 771062377
26217644 296256997 471498694
542184295 849860648 893301127
93685703 347183240 476064529
55163735 353311827 574218763
703327868 18420204 483627144
49353234 695554847 659213886
678840177 726590866 941446417
702919791 486651019 745489185
431597694 472904931 624926227
847242289 640312391 71735805
209439417 484959228 722659803
527126401 992397196 681687025
740250834 573807662 187433905
30642401 702745458 696319547
917076452 721457384 413781306
465970388 311495843 563222263
698545640 39920346 239195014
567663178 540690127 331387532
548497709 891666435 737738889
476091798 280571646 439574925
229005683 112210896 148443824
770874849 641850915 17345257
990034994 577977625 948070802
503307650 485003128 757912601
389574524 608227393 150541993
595444362 91100344 468040084
663752195 711545285 901139763
158501672 699099798 52754597
791535498 230326687 82885779
757131618 393563936 937264447
619361956 107305406 125790866
561202377 872099194 870864224
922640400 861919464 112363995
493918607 429069396 403117830
501785040 638604076 112638079
479606044 990505220 330635795
991280238 953710563 234804167
600107364 847043773 908297265
166449999 366745235 303093858
883719415 150095893 87325273
538214608 35285932 922181380
422852840 333709148 92054324
778227938 423417624 592174674
177244106 427791765 134855306
751829773 997829008 549282115
366870584 27410913 691945286
444970407 847572721 542922148
65141584 3316856 410012047
461605301 799144762 513371329
735727358 718802501 408096143
730431881 926670343 153332826
835938827 993133064 139161776
128721929 537745714 726507797
732375047 415734606 803669313
221338251 7575172 71971012
924363243 400609230 748584978
583620444 370405898 253368459
608484055 812460455 798243883
785176632 821476938 657311063
173721067 312543884 272844392
49194215 179818499 269977988
589995667 789101173 744513842
366754008 321078100 908059860
638015814 225166447 320510635
278396258 326793452 411221599
156253312 584192884 189980969
458854975 602199592 905486185
918713623 559161547 48416759
108637111 973587823 755601471
749577820 572603450 146224898
874932438 480018651 360536652
554921150 390679189 940420971
683789793 407716658 569829152
569992856 682588984 69166034
154494995 637524818 620011122
580615091 805547440 663152374
225996124 267662361 163310090
726635675 913079477 982547547
164910564 72305057 608991352
780627404 720574560 429406941
669215270 688963207 164608189
959981344 524625676 691024650
618838429 862870615 914442986
400831866 668875223 68264398
258114257 645710664 285091074
275440303 531619249 384047364
983630243 121960830 255401930
180364950 695531455 97450885
575412244 58773339 108000961
816581845 738327545 804395842
622142602 757198792 884502716
520346086 84729449 750530149
952826093 318256768 582349814
869898134 430272049 200320033
177169439 137626896 370407335
892804296 383524119 154404968
552402980 424029997 188099260
168562769 876356463 6726472
214623341 333705661 466967954
835640736 643405941 581152159
743377871 497893234 200335337
148915332 777412284 74699410
453401458 925136945 760206174
577629420 944994220 103426731
383659364 719586000 610010470
465586411 599345356 116313912
664419291 131151520 986615534
967369267 306275302 326027260
173572359 379899815 562577171
194661068 499055861 912853244
831909297 140056517 827805823
643549707 515477834 716096241
332962262 630935981 11293857
883404267 477950559 24107194
146226219 259768679 997329599
798946082 300254424 285026133
87120396 649996999 444669746
511948017 514346191 910858688
437452217 304143938 538783344
16297621 603881680 849433468
761663563 440675799 793177415
971470618 806104712 249897627
923530680 765124812 635269871
586551165 828807668 983553852
153861433 741324676 526354224
323552036 804759980 180594787
549047476 604163556 74548766
785576485 540674212 513517085
412249630 169161459 26295027
167925287 324708959 48082521
628997060 649938744 58239614
223688605 750423045 267546829
373256443 64848592 725001422
601792065 884423399 798549466
183086490 157823744 57507577
258193668 8083288 505549191
226359414 977753096 111272345
20516020 119083390 594614129
312736566 535409632 208142842
115721620 253929014 758709597
232536749 693280733 803918944
861422602 956774704 272332723
697462438 415182057 388702059
586256310 404203536 301862994
648771972 188996511 501645828
95435252 927707216 166434389
956384759 484247048 618227934
982871510 286064209 108409900
755514780 378865061 550331303
602401352 810369735 893546685
654844635 315353420 618572376
874769624 735888355 284157586
151465797 924975705 904291992
657899996 604937350 163483777
488629017 701107978 140597928
478567616 748119604 186780577
299126902 683823796 637100429
54867772 703806366 798760785
605499995 776952770 529855464
117440388 881095040 97049376
680636265 9150577 386256990
783203518 874602968 485352902
116793023 549591202 813424855
864710409 922515505 763001850
691392220 842434646 171557175
296028731 951522118 628722820
315110254 985057422 548251072
573540632 188786405 970020710
572287933 716295811 535718300
967044918 990708691 716840713
363612123 624198514 812965767
934925279 923333891 886825269
743340587 685719072 151543366
681279434 35969602 480289177
624298446 527509411 997344752
931081979 905148526 524429228
379935888 282141189 856242381
54381406 387073707 881370173
72344593 747621819 58100097
302275485 671239230 636700999
878111775 731818262 313123031
242473017 493076775 813461398
868574418 880744238 342711906
537406080 686818116 784080534
292288021 400382886 190963542
678961104 744365240 794053091
427890675 715422613 221232341
640354574 50106074 588777082
810695517 139123760 816337636
342986884 126743921 965738743
926989009 991358218 349219325
187628111 288515218 59233007
882853765 193289185 793466903
274458900 94966533 759254610
778008759 771314057 415486078
257605244 877636553 810113534
908413247 310118235 215458403
188290566 325630353 110701572
327079693 814955901 110064973
721688892 206940347 275842860
657965457 258284890 484465986
618326107 988042165 996550827
222447339 832341530 539398189
667183497 596611703 263956558
674950958 139935515 304779117
995133254 548786710 108196001
433807355 829191090 717225328
911048581 285381761 173119115
964714214 274962967 145569344
240830544 370314539 882559271
436633629 845969488 849408377
878069383 679583235 659832645
845499884 742663690 508194035
568241634 844544494 730645813
294736646 444387110 650389267
894258279 858297293 792353233
204627803 285621797 609996517
767461416 763760205 645986459
343728415 485024530 742490377
310236590 194539915 586508062
639217135 653890688 227170155
52361724 105442089 971602035
279621635 700086288 46026493
520905902 890882987 457369698
265404523 610157132 416772747
598816592 134693349 689173924
445231326 772256737 388048169
5490318 300843695 166081803
965336250 604490597 823160597
952301669 633348587 909825423
682622975 925829782 510994047
834189771 917009755 781522026
608447692 51563296 822733589
396999167 482286619 214811061
956625103 396867433 83106734
600621718 201700870 682435418
585228896 583922493 410050695
607925485 431146885 447104236
100889228 857231137 153880520
493796327 827663757 122126179
178081443 254291202 85645594
157110428 46144263 165442054
554017228 249902715 761598518
969726273 78847948 479459829
92533290 109821971 297499540
393828684 969365554 342101132
91590386 464027497 121924542
488274605 314338212 816017592
447285581 263451589 994067370
184222861 940241612 109288314
903557310 715341358 81488484
826149058 668787484 31845650
249474026 50170257 369105490
160132877 712689610 449942078
835454545 321039647 240708057
488104956 211431626 202454804
658417021 334987430 639068887
984873645 690615632 656932921
839195121 557996884 935797392
772463109 697041963 864659509
800703007 476402357 235293719
893076709 202040389 176028906
562705008 206913699 329205631
77033033 562247822 81819735
722865149 878322156 839136807
572143979 706162543 919016645
330205230 266609922 986683956
434864842 919263378 883415607
205052926 187496754 678810498
263387137 696723276 590259636
567832289 393938486 960829672
385235528 256887723 859900125
334115541 445632710 181453237
475454818 578524083 511650616
433841241 386487644 486760412
117574732 183645118 490764649
83060325 999239356 807507649
326327823 370671816 958407023
899639862 495695131 79428358
181746756 262997547 931527210
800519645 903095753 943267191
906699824 405999359 279488069
988627463 558459373 511944895
141678716 891954693 778999954
897686049 730928465 932437348
138746097 504284745 375513218
102478652 647711487 906485576
324289167 365117700 307494622
968651990 358042910 314585093
530702306 524246233 764895635
620922205 679916972 860261932
671076055 504997382 259869421
12624767 746342855 921055628
377306347 592372134 885533379
700944874 477617847 280999030
578000778 243416876 272353416
179559949 756556975 643050231
40594881 589478240 604536769
153471829 42822586 586501886
636753209 610519951 906002997
336448126 838343673 791401496
620118752 591562181 138857158
774891368 587302189 871115306
321610186 249452939 982552137
893512820 900893726 152559429
620059949 343395595 416547292
535215905 28007110 608927441
552774926 604430908 6323708
951928087 767751177 380349907
760788482 480115073 640610249
636589212 148302956 645654029
288526001 731694140 158150556
115946846 680367401 540239219
536988236 322714454 328563567
959258709 246466412 622097031
581314685 691458506 260361446
462809704 557032999 468918550
867069673 841315792 725670227
996155565 332000114 752399438
438587004 513527076 169994291
851555760 184213408 205904227
981704241 350081095 104047585
116667979 230004551 500070204
81999550 109193968 29244601
548938325 340909390 571898753
138951380 854607830 893593904
423765329 258568917 723433427
360226881 600982567 853497635
843383238 467873001 389733454
4344616 543787965 729197059
335188046 646702991 590229380
94305624 727729578 3607002
167730605 815880934 23682408
318576866 860608708 697643658
2011938 804212283 924097180
536762668 389105957 952884914
777484085 471936654 730500201
917513959 831050648 410815247
203533308 972965818 938764675
656718567 190418342 314439821
280895102 759205683 128520734
76877654 976285145 362300351
636571702 982742807 328135895
664572157 649765771 196811318
786494392 62500981 21670899
452251585 440191013 15355545
875415303 419896727 462196153
550153637 402752334 623254029
810427530 507283308 282793660
420702265 262878955 798757873
539692633 972608458 788671374
396323604 406811309 837705803
240355839 131816299 30387801
670497672 953087342 75433876
784598322 278179093 258711634
576380988 480289882 236571053
914269880 172972517 11132959
442001118 768331374 292293515
797549257 384689232 766332479
229999910 13652080 395435731
730704116 788486676 135435436
123496943 154207234 806923753
57076551 318087351 841182697
400746669 679894332 224701231
569069895 935983933 711271126
578606983 457144430 388294203
696595451 252465245 513291494
754481344 342451195 63174411
58074847 869126887 513078681
414768326 579941117 543734451
377255401 396373003 59378393
583321201 84141248 202749157
143192670 697828261 840428972
111149979 520402476 789720551
372520581 876782962 708936425
88740525 872770061 944938461
929297386 984274021 595683687
386850728 16584405 953586606
608276665 863750959 874803422
451298109 570263882 113912119
948622637 715645833 495470915
248308824 951779694 518420301
556246721 922884086 15751902
467065534 488244558 446409569
135701148 252425631 43374049
553762324 477403195 45861182
642111768 138319694 614556268
352513982 321942394 223185515
720969916 684211760 679856227
882786216 665489678 670069439
345754989 828018677 510772574
11023373 860701022 543912784
507287062 548733799 951211635
804074035 641496539 638980700
462823314 526836386 268306153
393203905 282586143 767308693
158114290 649038664 230821787
511244398 670396492 290139914
777069687 754769980 518072692
262943647 807110764 6786860
235070079 666293947 255575168
158154127 683093299 728666989
450522762 626287160 178732165
327603795 561350023 90127731
560155055 118740892 304942995
531467183 644129175 961989114
972820337 77356154 258274825
231131420 465191411 335698899
462207897 644930975 630225055
518140159 273847800 833303142
855131656 82768851 89001424
490586397 732569854 197447056
145749350 866997600 953866883
5338043 762168483 554418545
365192317 783221160 447606914
527609844 189126825 267796527
225115920 953399088 48854314
517001916 31769130 12237115
328398638 179603897 269973590
375416832 406803384 998947327
757863830 26814577 766658616
748620091 521263844 693785807
727724406 220868939 758394151
650950187 77067530 579702465
975822903 280427455 376917503
43949567 550034739 358947297
373912393 695424743 835846171
829609799 987877787 716656780
63191880 55503328 952158773
345594178 613569316 938069818
678573382 943378627 663118357
556488447 266122808 225861455
884807184 439938962 589535570
420142755 526293435 584771886
317534357 578978861 821006284
995241553 486851068 388278685
138447134 890878264 349591652
404183039 223311213 57203324
636107505 754662490 558935864
523656738 842600057 743072162
316149669 441914962 522837540
600000621 114688303 460807743
732623471 719320457 611592312
858430828 654219531 182583152
731385263 691072219 993462651
742499046 16048269 781583940
59487042 132214609 73291306
683333678 242621356 387195509
425438552 840761753 303435864
24689817 947974754 674806859
891836423 573790035 760889186
970428088 767124825 977585818
266827415 562362576 383288717
820723979 472665131 884417587
836319354 937151205 658627435
891481674 690262942 626140654
505444936 215353217 459954248
458369630 681370381 515750064
954168178 563478599 568476084
234635610 907549810 345852895
54993390 99735173 616716091
859497279 703679039 82114433
822490068 241306467 163980375
230782802 466260410 5577153
176870098 972314035 811051163
359847122 184512128 435428857
255441081 33827304 822635336
201454605 190934993 384991554
828569639 405939668 89255352
875968057 484467250 277453820
792321017 74992138 740295396
693643039 22701382 246756337
34776988 298360879 873629382
264123551 188433275 813816059
934746725 354057678 848557900
643136336 690645444 941008965
201442209 519118066 361493443
999411959 505964357 539650015
330105858 176129004 670723441
894616851 239901485 51754020
472883036 521153171 831214921
47631497 601421444 813359834
829325295 932259320 167302545
608319887 785757301 44926422
575063892 135820833 899024413
984958855 78607391 243695472
118022914 15021518 93945308
662541872 384777178 130349150
699095815 776039913 873470386
192093547 857345267 737676015
526515099 143558700 618625039
560469136 101878182 729155198
277862914 653573806 375852625
798812117 413939310 437047261
444727906 569157121 576777881
448166788 342977248 91470561
446457508 586397098 42117378
911498239 154125082 656872890
708782895 297589885 331611335
503134728 511487650 905080354
885647500 571596697 128566881
729462992 700418416 630037298
580775655 84836580 555937851
825354188 283207399 715349611
536729616 753763360 847454463
822354434 944107428 645498033
269717479 721801573 350571753
988894276 139478504 153168256
462681224 57229568 806013305
210187494 594528948 19911014
89339132 77020162 614101031
482369773 778502648 900315920
721959727 556778348 319138254
380018549 945428616 600274945
812684732 538653757 52520036
235761658 420175900 711811637
917414667 137839411 833023840
728676001 472006183 36154618
194187016 783265920 30539608
794097882 821861666 790503118
578488385 320820499 304736308
450599715 346224567 359729040
401505947 630929505 465975559
216638816 682083807 444946506
183151498 525494690 962428494
363837678 300013568 166493403
569602817 887477009 101763395
680988528 832122614 672946488
790229938 653677790 774392084
533306677 926841855 494627951
338884944 923691635 332014737
22094646 813751844 747981359
903946928 100866451 558595316
673189114 835288783 655453934
153710988 617325996 202496194
544159165 850082723 839553205
515681128 879356193 548706876
248248522 526853801 865157471
738478401 793139851 283801079
983425880 312929417 595705873
351863099 544842248 897167821
178952528 610210450 794728150
425248598 106920909 942240858
212743380 82651508 512331807
995804792 329675570 12940501
169224059 635682302 252164342
31207419 792588862 312865392
545694722 629179292 703958794
960661364 19349430 172690975
749598147 53536937 77742277
810800362 642435408 343084769
779415631 68992456 941793626
74671333 552267335 285068725
134635384 735094599 492529583
580990826 565289658 751558581
132016389 837174330 366865201
344447931 143335068 668111188
235823834 256000045 785547966
234515944 663366340 379408183
420588030 764484404 45074446
544240216 623682653 265101758
519797753 733500898 707038790
488624066 962427720 514818103
346724731 619046629 12436340
53750875 785154636 663416189
458919606 6334195 749429403
486739162 646482605 151886289
666005080 900771153 650478691
947395391 531140141 762811283
766296284 258623819 131104323
419563168 395849157 769406060
701041828 279390234 809339342
9613733 801708571 571469254
451620168 806560462 881173732
924277572 392186298 806746640
291862361 655073023 248491186
129005306 397933999 805075140
576759819 423621476 536858784
820277363 988675857 261373039
474770250 550477820 837421602
336441392 754525075 477337530
552832778 349545225 78294125
780952267 542776966 111096286
845272181 363062775 644998998
877654842 723859185 742556484
549322172 691217359 377405950
232985485 547631339 897903437
465229512 817826807 843664873
793050105 310903043 247661631
901828956 843928820 212494305
105913337 198936961 279257943
554163576 594523633 441439328
685618174 468777051 21390995
257754437 432392862 708621225
945043079 870346836 918579338
48895004 693776171 438252204
628218911 782088281 95809284
16940505 651431672 745206517
691665807 887180313 490570962
285405220 137943217 620162112
55206962 629160593 12548922
177233346 558332369 346365046
808931270 349221343 292551190
434443347 28743188 647752704
893571199 423641759 963338521
740895638 109316015 245620879
738601031 219113566 639425888
698051735 558356686 415148542
241390468 721277627 404755250
333946292 358525688 566239908
606738305 755988726 825970295
98715845 307058160 497883466
14847399 741248764 195981187
594932532 981817971 560898377
598426092 476757964 471751201
678256073 927485866 498331802
114835465 289465388 17211329
703404993 177465987 60258487
261438177 979509998 894745135
646028349 93515911 356537844
577828665 192321827 498754451
550501304 353789665 800817302
291423803 137453405 177841380
939166247 361252548 248563782
342430276 255701596 54870809
104797240 494661708 438311292
25630257 634590005 217609050
397271632 468024747 486454938
828231002 681094641 68466465
801225488 652849383 514406494
703191120 355482317 428408324
789168404 716636896 383520682
95462868 565710917 725876572
620351321 175867267 455910824
225410249 702195812 507048710
573477466 494301966 747401987
972372145 45625104 633368529
306810437 231775048 441591594
502372580 396417621 240182885
692668963 983808829 296927320
785652569 570531238 280398009
119874092 429516064 85588883
278998735 797707919 165941225
887988420 948137685 698876161
32261744 950311352 945957222
39577981 374470102 436333873
824631285 440097684 26272670
154603688 818616577 192640233
911101710 370125705 782288907
622411726 774796819 206484572
783075331 869170269 704920104
461711630 395432694 901668078
678222482 443402984 38647268
297955706 750951331 395938756
738916263 444606532 351411765
80055905 257530614 242943717
970454655 706667733 523214303
195828127 515198961 629609931
735331752 211437536 154072563
271806747 127422383 362071153
26817834 255500716 552419589
345331386 786390029 198195997
996817198 944712504 246813089
519112941 688189210 754923441
289841457 695334486 481274425
617105172 268618948 708779810
209304678 600830775 661230953
275517922 991761544 648434628
853446184 107927281 733534656
122672888 837843993 279475022
582700214 747764930 878775070
863544823 217887214 436756330
879448882 470486966 257877067
12927875 102904278 48163607
555784615 276876290 152848447
359193859 40507867 326625404
760742141 101356910 435166454
616120689 230956440 165395988
890443263 192750897 540815474
938393795 550032699 937285147
976767981 221804490 284965314
659228331 191594139 504210426
55439990 222858314 169250492
152455047 325652758 303391265
402736706 232649039 572280311
701128204 874160916 485739165
400332805 841439627 551711744
242882437 164463015 382469776
752229834 404876420 294246868
969338050 908628740 330371500
22071544 885402001 533822347
487060133 886461566 682586024
515720417 179813227 689504490
957026330 820042973 611200409
714350140 423021703 357231456
63692348 286159729 661567226
225078477 986444026 15433962
857263985 503585305 215243750
476354499 76043761 2907218
573180788 977312583 776370506
869043585 582786113 514032845
412597707 22362056 385529386
42499661 3533818 859161337
315445183 772201618 330047597
359109975 178670368 851306260
118408664 939032837 202886650
386314197 551273856 519225726
864449133 703622983 771656592
745188843 640210479 937467688
63638319 517965605 836963164
232049976 497326384 893528036
472318013 87720727 75331773
376035285 886465207 84555531
830091018 119635407 113708800
578055990 50382456 639070660
81618605 187530023 260039516
446703445 382002490 417364389
478397515 833623285 750204082
573791183 463550726 265303403
807705251 971532316 178266889
271418836 192818795 870000651
947797172 883430255 116453629
114184908 870981908 26011905
251070884 577713930 725946955
433819410 955541025 251596583
391117639 130414947 39151778
342540692 682507260 316706586
861166732 561312023 656546829
379222942 312304548 575186332
787564321 570233769 141314458
610368986 365404144 577220459
619428801 284185426 293396978
912505903 24110072 188500751
396120582 823707743 11342590
20457634 493145981 631954768
678536751 581285124 443685948
71953592 691526497 930251557
678582557 205049289 329859868
652732763 286098729 996654040
685376169 179926540 126585626
174997157 283629289 974318083
938882182 747992948 813374378
636704977 677952446 589277658
713748605 855987846 631816450
275670489 215745673 227935126
239756551 443648525 516257907
378647225 450403628 311576735
996907584 898826733 288610666
600722914 336293894 791005299
191756620 436603794 751779420
211286177 530670300 348435430
566128775 139205472 956653618
919691353 55996917 354620046
407739152 565951095 186415501
524882382 897343556 156253857
794339153 830385953 178563756
128770827 400120352 176198953
582107268 255424972 245305039
336508737 346811179 60927099
567346157 747446216 710343478
884941679 220487091 478214263
354426993 726359372 783847921
69987045 958193110 179560956
796572894 145659207 305952516
52299849 565618539 637979905
587756658 46012631 494378957
53002959 173054810 921998256
697783033 681266653 503568465
385604996 781220238 340732186
190787519 38371084 316617738
565823687 360454044 413909039
462042008 77992835 484922953
400627305 973117667 288641609
15953029 173338978 647475829
665184310 396858125 578770248
115270797 286489266 547168124
526748393 462200510 859159292
302956647 89093620 458341289
731513410 924814906 686540280
980850395 567058271 748614054
871132113 593351928 62444170
618030771 634399766 223619524
583718203 873734378 474062119
37218275 840078324 370123907
873685263 519057600 438596004
964945736 857106674 377556913
306731711 620344839 646682448
935331430 91069165 350163194
539355491 56767842 837925883
835411691 766297132 366754402
133904848 689830092 216489365
988496378 860626831 959004494
322993647 523407054 452907001
668144348 566960572 236932208
190253714 791619394 619904449
144914553 768782808 273535258
690184935 495752227 132270157
518924503 855655834 111943437
828395536 958548429 364870305
735631825 172237377 884738984
589453918 335712919 947702718
562284990 589636225 958105134
719809880 476839150 182179045
362839071 758410840 152869908
726308716 199804539 585474037
598178511 998268436 286818738
656650389 712984245 860395191
791238705 420297173 544295872
741112049 605353066 455226150
457866561 817248511 678252071
153241479 153760098 637231054
316984434 534378496 942201995
591596560 333834356 490158162
474053834 7199867 232750911
847720493 24416931 626568657
589276994 436713311 965769482
123531686 283996515 438646880
589153725 787922628 313089123
879306840 504669076 737541985
243207943 690288923 540879845
482318430 905636828 523011014
552531779 703886025 977832138
395333485 38702357 171699680
531660411 698206696 693919476
822521718 163218057 24995675
896925269 981038151 698668976
67925751 706066910 775342350
345668173 698548680 358228449
6217501 518975587 313039
3851668 804772934 569203291
652272136 817933394 638436963
193596673 858208788 805620194
439805421 37041122 966557323
882118159 856835172 112763678
668905229 29959320 451594498
595558624 97664738 149229473
901759769 247215815 740764370
905725084 444988279 407369944
881531265 888280628 93263265
439904017 950959892 752526022
377627078 539108395 86022959
497618636 149031271 598034784
732937102 614331239 660814846
756996269 187477992 642624690
286538194 215025354 725708162
347245183 215074559 817961089
95765205 907725504 509135205
60393579 750287341 803457511
402472748 843045019 876735717
494734544 391652559 269941755
668572976 439227022 70031381
279599325 606011229 261527987
259969456 838417290 190274646
150020960 128915463 730140743
491394500 886500849 296077539
85930380 482643726 895582270
946495780 285952707 251652564
669474023 471703672 676273081
587369288 779888019 18188761
288870357 818288830 457181675
175631581 985211581 761485628
437756654 916912615 377368599
10106096 927161192 62536404
645224267 715886865 351400454
999879543 429292278 698530328
807522798 657781976 970083489
512623029 87140940 388824858
687445145 972653278 500739677
905392397 553848026 118936758
241863980 417591773 265976085
265076682 302451641 880208015
783764928 394711181 469589830
191105896 577525004 513450159
198248905 551956517 214863299
945607185 448041556 827193816
28520654 543139333 949821503
408408637 222094720 919322994
159285733 720319994 355533459
91794356 830973525 715009552
776225207 377057187 985285800
534593922 425629555 223032248
537030665 944174999 824219829
39653659 557228776 520915363
81892888 783176323 535293948
343224690 838254678 146300516
19008596 385455148 975649744
414058831 307074094 556959402
846118560 650571553 900240859
419569627 479281562 553051885
209420898 159046291 670943473
24468464 849980473 238952709
76884592 693002334 905846630
301107069 117312614 383836326
324690722 257346298 176187789
174444412 448130943 586424647
635931323 168361489 706713653
703219575 438166438 343976849
349809837 447758846 481071015
806469838 961144184 245442384
298858259 715309461 502299110
557418504 133025401 180828132
805319224 919086328 950774173
758489102 278515915 767088683
991214889 617170394 794879925
349665959 420584759 74981505
576060059 757509872 315650718
726200823 95081537 911073315
426467371 863375234 903793420
45605755 697931419 655353873
887293670 993371085 826228401
100009086 812375154 766996506
150087212 317536979 432569747
471681712 355179250 553059357
5444245 979206564 381048250
772487150 632460151 991114897
724948935 850349579 729343472
664055974 737609048 864450147
741126069 572737377 433613446
537051275 670521368 211398955
606602959 626431078 861839298
386066304 660046639 212108511
316017287 638436033 905943531
414145946 349311019 989636114
7411744 434942728 202108422
913769014 273287334 878859623
105510132 266631404 425740061
650437111 810957053 786128434
199292653 215001871 705760575
723539077 75583663 673461541
257328744 88909172 668377306
860924857 151449360 117005431
44550535 750186968 922425921
940680913 353479685 897105510
245816560 868243567 337474334
684668330 261371792 82605451
241263887 509973876 728493169
756100025 598840658 612622802
458194978 817549631 869952296
574357784 84593485 295227087
983030113 737093256 548520051
455912883 606246169 985636550
895801249 232302240 390236484
245229450 642756230 936577434
598669813 646826112 807574623
857723722 796050502 387720302
165788662 943320153 70275713
872491872 452563142 497172329
826190280 63411747 30731065
583089578 555114777 994088767
404829474 548017667 394162667
610785958 57023788 38750371
848074351 61485144 398915395
879697105 10367499 592659969
611069405 342167705 202153935
783950046 601788357 94136510
607967497 840820241 219840237
30995434 52386514 929825215
622478748 658133296 883234035
904420141 141123660 759846599
346410237 787748993 280715001
127990970 461308916 741928207
437150028 815965920 88787413
375548749 801969441 853723521
802812814 687942196 587043281
399578647 113282340 280000103
256618957 796991667 167845599
20703275 917719906 475106528
672145600 94224240 516388282
529532949 770364694 916484883
577408069 816391610 916750521
434117295 175928953 442123003
259704973 715047592 531047314
56857512 785260786 983572223
222735979 76699669 605103044
261658556 117060074 106999079
933110427 849433443 583782620
992372739 805871242 141321859
25214780 809127086 808143481
184954433 968270271 343887914
431166580 434633513 402917140
573289930 635324656 563894300
617468811 458984884 207540136
627529023 15747501 360881651
620079169 816644725 417900115
760031779 568210303 171274430
355969483 391397467 539157372
735825172 487485227 858993129
159885442 350598905 621809439
577744125 752505274 899791815
620488745 76445232 605278211
553210343 744961645 134952932
342332800 791275615 45855905
672650237 382023941 629760020
305871846 771208878 510552218
841048417 478747460 618799414
13076858 330734887 967670244
801436290 767170296 43475712
305111557 497209044 646310311
932918845 286727278 800618617
585381489 665929859 592540174
159081628 4786656 3367520
337447589 245364010 687685594
493397642 87313890 426978202
342778910 804764472 167881149
166420142 385128391 43655925
14255961 112558879 171691711
785363538 728859129 890775591
135348526 645669001 496575470
135960555 579732580 796145468
404457570 724723134 843815155
645890825 197097620 627007152
440785831 859454841 179065899
349758606 221691238 975852382
811063027 767544236 700602159
522471824 114716780 562305859
465337879 475319387 321903962
822454432 61632523 386809526
225139651 67819011 759050902
718091970 278171420 674481401
429581054 440027425 713052336
696085905 11661892 866950380
478670582 337921509 671815797
650173108 95057886 709424026
937098249 828723042 462488827
646471225 753365668 989189465
9263714 888684046 539582584
595704084 897285202 167119990
107839028 370591253 486842353
397983167 386623402 877070123
561845212 124459087 300150537
484780901 364128206 120855281
318097848 106430656 967446384
296991419 852410193 268730315
526805510 944710858 293615562
553234862 643729616 613021925
321883632 79626352 772949313
544258433 602321260 917313159
805864890 481482981 756436930
654098430 574332922 718102364
942224784 97277267 72718200
421301723 574276324 311042333
812549362 313293648 858614151
811315238 75731478 174465627
946932287 946809823 393926871
37321595 572155475 140291601
565055791 686429951 404574458
993537916 564478451 309792115
763920917 71104989 605258531
774780969 720499324 871028182
125143558 902239753 559512763
765907066 184231397 889503979
73505137 65139463 285138927
459417830 874817411 248281337
803191354 867450385 360728771
142501204 515040852 588889174
921980374 78667687 274545340
754885293 378163097 17113345
55002001 501917857 161527604
849271700 282198063 230394619
397025489 137298880 659053517
731434159 733964186 540579969
642329963 40689079 201420102
553675595 343044003 406515408
971087695 893164962 668811090
406027320 69006140 326555883
242180531 750169270 729931994
459257665 458540252 641816632
324306478 16934891 50840041
300487194 624989036 984982857
315100094 691639682 952534152
442908027 652484959 634421269
699886061 720227355 926103557
756088420 358320749 360383165
586495663 429436302 302238706
604803644 661393051 975595175
892279668 426439072 366703722
166839111 878506227 16480804
869128717 840597729 282735642
962085278 609635532 455970600
510492244 653460164 525873311
895280478 632489031 847704207
17828345 676786123 967412687
425254985 377137736 902773847
371431936 23019312 181865182
988722511 897831411 79810137
348069296 395899115 332435097
324630014 378391197 973124560
501739668 283606685 730896105
463914767 359396806 806698838
202358535 54686123 793606452
864670860 931491426 509633495
994390635 163811106 683040190
44668101 285046688 713398464
862228487 503876010 767143843
889474283 225094784 684133514
255258790 923819967 581633749
423154893 40268050 217797900
436999544 577102020 150812152
608059976 606448001 173114457
273888024 294390070 678166756
973848244 764177045 257560895
669567400 645385970 174815021
418480961 316898328 437156069
788987195 117589955 634151502
266015245 308296200 930298003
749387342 750818382 891635718
197832889 177669954 522767461
307551662 749958606 473858301
656814434 782649652 768863200
686712380 368313674 510544223
332504017 825059781 107991668
977364838 23985185 711976804
656399116 738061290 985138102
466339587 27928187 83235769
255886281 767051861 530791906
17766520 263608801 360813386
686162988 449004454 936897408
804974525 619912394 125298214
191357347 638078005 51781688
789265587 416339493 690785671
628525648 513045747 798270635
907858605 365361110 238971405
684138212 202134058 12000091
362303197 755504414 932523052
507963983 439611963 154652990
378532343 698066001 173289435
521350331 251966747 982875489
935129869 49431985 312718310
300374801 339555658 171765754
359612287 880565627 159910505
665541578 151496196 660080259
407084802 62918431 126711526
331557621 860766186 371559561
413590574 136287143 692611440
543632966 894128010 186939922
401307478 265286631 93135972
245841692 28541889 750378713
594038404 43082468 555690772
710571978 774613064 571374316
950977461 618206191 601829265
730143183 622382718 971402933
977694423 30078042 393550338
432959077 78426616 303393845
562360300 857957513 547711285
566826657 999548531 545540448
350604625 274280219 986436139
373856930 494431080 925633817
932935627 541762961 556990433
787331063 255261302 731642787
439326269 143596540 746295357
821365996 469006739 104796425
379805035 273989413 481203805
572533471 89565251 412896590
944820290 134645553 155040509
885482087 455568680 285243730
640128653 341294309 372072634
825801398 116658087 62526317
672520532 757006386 876947338
636623382 678843471 648112848
348230289 220343254 609619282
696295488 922049675 715912853
244803265 386993793 645216058
179873943 49566349 464306864
362993439 390782340 733686786
63521350 388327101 269249570
728182885 512066175 685156860
724459620 25594472 474629016
122888895 96689764 525375030
768921 484390012 514239441
898772947 755631474 107920092
954397069 48865073 751059696
548908140 530126951 947153114
704793377 554130047 596885290
303234947 421077753 555266291
111013198 875536383 508782062
690546508 924185336 527864199
172263695 110354222 326640047
218760328 172286408 224498186
437062367 499112132 424903067
659722119 509753560 736123857
912355326 782422457 796278049
746150932 938129527 733481420
436909962 741730118 809755046
560968808 870789139 819772759
541787601 232223284 25215972
872108518 820741505 731353930
10581584 650633505 823507973
968957385 720267017 452033556
895461679 655078439 264779014
690767800 248892169 35958379
801537972 767574795 921143096
918813358 250044674 275667143
762300784 756527080 969758573
286566611 660918440 372259559
892876649 696349494 536714212
538718682 312359792 545751224
759579909 564551229 827426481
474328463 618722404 600183168
610831971 878099590 914991616
194165988 148297560 791728557
238979350 850112860 495703269
246361845 301894711 846010493
998247515 512590086 226870504
504015952 894807600 326736091
614063380 454811390 894278361
821948897 267051478 535183669
986230050 584808516 623289132
463510785 509823915 947519008
887158045 241648801 401062487
161665967 75334540 951398204
873142174 795219007 79029037
830596105 587337647 401791564
706561505 984435652 442689263
682082307 112006673 951063342
741031976 235689050 688703702
78529034 14368403 405781934
726008343 227035193 42511123
857274617 943636758 179953373
683179442 983508005 880979159
113637142 402794864 866225578
179173303 486324029 42564912
807452834 401811794 930643464
309957072 578013926 342887296
107873971 431677024 979039229
542852718 821633076 978500310
344463883 353681296 822191774
49418616 539462807 526383553
234005085 16608506 171190847
120718494 700110966 837630738
621951753 715927340 890353478
972637100 942425306 401497725
887750473 367696774 910515724
211677618 554296034 955518445
976918064 716101600 34998371
895007142 266135843 270636287
677990255 388987898 54830225
931923025 404975795 642987988
131293434 105571309 360749283
727810487 591064564 472008536
732588450 409326396 606053927
420927820 266855710 41029296
409126560 315119428 233091219
31349249 320005139 583998680
15025907 597570995 56178618
265789231 24450626 622227258
773357740 918234126 951092253
760225119 894680459 118256271
995595364 80791697 812175439
440798072 466564325 13040549
627396223 190128008 890252742
245323961 573650878 788926415
539307874 871277847 492219940
665165720 372099724 515521691
753214814 35847353 790658725
733226760 748437183 460202863
358357326 544122864 872137067
56916067 743314045 781975307
87385330 994550479 860688857
277139181 510172607 136099406
496064699 782957853 483941252
694111189 168773862 45676417
789664002 406107894 475509960
741612938 245640061 567563450
855999142 425793870 256513737
224036942 496857525 919178002
419299418 391312121 692870949
236445198 56757768 636670624
511462388 653241685 995782063
30865764 591237321 61389310
958980250 800569116 294941382
441651504 507959596 784174673
630842075 624953537 619640039
732213797 667669363 918186843
683918376 727740941 298213767
329710708 798769701 646474310
224935444 147324065 720469060
811480114 101545433 470378107
538066719 778004514 819164812
230598152 895923557 806191341
525346323 483121985 932659768
784921823 148976646 139945247
675966152 274950894 212058149
587423893 302700146 447490458
203173302 551369038 76292234
880353674 806056281 448245274
890757295 888763498 917171789
154468970 632746844 958291173
188390408 651662267 194504312
443642892 346976589 268355203
237044769 817688571 987418086
405050142 341629511 944530647
514411931 837067846 294677995
336589647 682800554 72518411
278934264 690860941 93623369
808551516 590196289 551441896
129125376 631447874 541381854
929525001 165831446 690277504
377084758 682994025 147355110
386238576 79146862 777741075
397105472 326418447 688997598
852418428 194267898 106039828
243626020 186199685 524661410
947494609 480769751 326156528
581638459 340541646 507231819
222670321 315217149 425004515
624823933 382934727 899617576
948480765 531485077 444809774
489993363 20368203 226183040
880841143 299979706 422351460
167253513 531093397 691014720
773682356 903162719 62226139
895023287 696911142 324917790
575954069 813488752 427920520
321490424 90541492 975333279
632418002 924196194 724133643
55700531 727582900 768140716
202576461 476406243 462580044
410065672 573535959 731180259
110535446 615298645 36559531
409637253 891529299 241341633
227710402 39453113 623355150
379959923 464432527 178817676
111810803 79517621 773658853
855157565 718315138 372965183
105577845 585823553 942777078
240427222 634391767 323727833
340703734 466847017 764526764
75041611 758371066 741378769
967314295 622234964 201907640
712993545 956794612 595986022
43786689 336414525 233469452
430869377 769459696 774541231
686012549 773318894 885098958
472913960 315322828 931134743
481986582 67902238 911606118
253056990 555227546 756529213
925471362 156939069 736594358
168046028 43500810 230574072
651595586 19010663 539978887
59716714 847446609 675853215
510527812 48222744 401283278
577815936 642348311 981652116
796475753 897194856 478587619
106558332 935350863 124531463
94105944 692003963 399356623
961537763 100864527 735596594
402961714 470740104 305385582
196102887 377431493 855465776
996634757 146928929 968265804
902554334 243858616 53775051
559891691 13913055 909731897
339266903 903547275 886299799
699029681 217598452 770449285
327105510 202902323 844315622
974866400 246508780 966974815
733496363 643535681 288372217
562661435 664272020 329248036
562686999 303134794 868057613
572711334 618587389 852736778
224228301 757395064 451522366
293025749 93237417 552886255
943625065 353984243 247388160
437234971 143848754 423370193
310121862 972431035 933332891
947432619 196505684 217782594
325039187 554475889 382213560
160529305 385096678 242518973
513049674 132923883 716705213
259207215 957209461 865293091
114551581 590009407 862892941
13009358 579875646 878247718
930035948 650200886 152885639
749696562 737804621 30955934
677522058 87119068 214089478
700815495 252935896 406553132
199182218 199551063 483576842
620147674 574394834 141898694
586522629 256245479 508946687
505188260 818843734 91569440
382480425 421313441 668481879
796981780 133554177 890760292
113329273 399210376 594494650
846766334 695804025 244753644
775992280 249318546 746108443
473416998 973432334 481901996
450339877 162908566 229626575
673276527 324989813 60704860
814938865 156692191 147849835
223992426 254035404 811954798
361602054 657956171 234952930
764098150 904963617 907327847
682620205 978608586 655869235
757641077 861258283 728365473
191828897 535797355 883814548
883924958 819386560 510026441
313953547 919071016 467049587
237957737 896155416 438609846
253917769 594242335 331956194
287516453 705465130 364471661
968894302 299282599 730541810
636890042 833376876 818787412
646616103 814461675 670036222
962515256 136579253 224919144
682578251 935139408 145338589
862726054 248845348 679915132
858224836 575738183 130880794
938996050 750771133 133674719
521736286 302119112 935145642
789933669 395794773 370969970
736586369 986374979 202800906
269114922 312376935 907695727
702669602 422973431 859779442
405554119 44821021 699404237
231229719 170971651 986254811
731551574 339045269 376070037
532943559 254258572 446067683
108264895 665139349 303399130
766392239 349706276 851797220
362955175 185212960 175594709
593690875 816322489 352265686
814089289 364781760 862963050
528774754 801491862 350920532
26565793 201594399 305691202
168804656 673003439 616053637
128134163 924178826 319949353
911442877 692869852 514133464
634238745 687578726 872082020
678689788 755016659 741407307
795187640 611208479 687771018
413673668 294465542 536915748
956730086 737576261 314089786
339384789 102924545 598360824
738872996 500178535 870567721
916679619 80699215 667175358
67902616 688981532 483588778
487686292 691256886 445347928
372867019 823966188 116966871
635470397 539749109 812881428
656458292 318623669 370419916
389346228 941253785 477648080
173572578 609411031 456633951
769625662 564696611 189034788
993946733 57429730 87644169
176974106 598187729 351530936
945908338 15596707 412523951
770469891 602086409 527912735
2123836 417149600 799090353
768531680 16675355 184957581
811402668 451122683 319908878
741437001 969142596 346683393
571763548 773394608 909022029
367182262 675482154 726707004
238788193 523584147 39794039
729918217 776055789 298744149
37717154 111793041 592530471
572595902 348956601 323993783
315093162 700316291 191515313
902571254 667944456 666765329
308602067 685165889 25276235
740494408 752285576 930666338
425324230 120159840 654559562
940893377 41024320 617892472
987305720 511741788 106905657
218845151 650979261 471499543
763686286 795660223 431482872
256603726 546223829 457509814
750645828 212139953 353369140
88360812 630861737 946807699
400681264 390809359 101964046
602099948 330776345 312280939
200351146 739825799 896433908
544741451 521148164 180844417
98223127 554703420 665799992
693022790 331365342 144168105
992674686 772222697 265121614
610089635 983256084 810307054
408470790 298405507 382223575
958493513 251526062 545966354
337672706 4425652 689664088
707512573 953573934 713209271
546099293 941843098 139253478
879931511 517839569 269553710
758390455 622304329 527679700
587234407 458120705 950494746
184185563 252618845 82737449
564521772 790080240 832835239
799435184 648170603 599819284
14596821 873134433 289484465
420186231 848501252 412340789
3142522 711833531 942031374
331028526 148442718 73030862
326571225 489470028 652269567
673213596 711481143 300804123
58702732 298853342 533613431
143081414 3441086 230464110
24597091 770258310 385345945
222428902 926198827 772552640
417332658 495905487 783010294
738891043 261812065 868202190
197826022 412533294 963928894
740615552 975595457 941558442
113949840 504180932 559162164
935194500 579355932 670459715
656351968 221496888 526553187
36502688 157824108 828923213
156686015 311287176 75265354
183094520 431414290 599348725
407732678 169863073 375615283
541416508 173209848 840169279
130960248 442770337 403508906
211891604 596270629 927724168
870071277 676888985 173868394
475201724 446753290 713378845
459188098 239516485 481753372
732285785 86264769 908738094
102071732 775510442 70106846
473053212 620108341 806222606
569136339 359105280 827429975
61387052 835879850 929343807
173050704 598703541 173948625
411918557 593687384 125690123
416440211 89393622 162670564
215231861 64367689 475089620
602408915 157150983 162660922
682046844 6308042 926119735
39845384 62955638 374752666
809043571 774934630 816438246
863386632 378418339 7524573
270619125 440530706 970196254
229474770 955867754 305631325
885251549 902224779 39062924
601132664 734229630 895470993
982820076 43302794 334877058
550215779 792046329 611007120
200143693 23615904 812410557
771891176 654388969 317033710
929861169 456251890 525762324
624552180 876971344 546520050
970344540 237643801 40425858
690454816 832777256 913705491
589937025 985041488 461177436
856524289 715540069 451972418
850348199 218238911 628696396
973439243 752425570 823473671
919004869 729820065 825391646
624245154 145158952 494741828
285265203 554543056 198829696
82170870 936828561 439998790
707187030 405461163 928228553
45878261 247297484 64398825
844114281 62547236 678656456
277204155 710947347 796326981
360210132 184773886 40580193
660064506 300257886 487882972
135267998 596769334 131363279
317991410 704885891 964593500
138972143 786337231 527423980
439610141 379666445 817670049
243386484 89693370 737650063
862999960 497142708 646978361
401969656 975288146 652141808
220956266 125938572 78669896
903414400 665367045 565986686
807906349 78061016 97404474
492406845 17401932 788712032
371118758 561376052 624621356
23983760 881258314 466234229
52521434 644955702 811912757
863426139 845438101 46368513
110460184 36628511 764261369
942782115 496347071 44921269
647879061 4481739 549743926
460664650 880364230 140123590
496462463 318316249 226150428
107541818 963374821 868341337
280274747 289977459 853802082
448803463 803704474 705981197
83949494 344394440 760383604
394726194 274275168 412807701
880599687 750682413 45689045
852058074 161768289 839566371
396472506 296522289 37230888
702282546 910129598 468429016
699206166 96302630 485642660
249676220 278452873 403706417
330605557 269603588 773356476
877948737 834358537 391102025
21309597 124624893 474764417
844832218 988166784 118747181
436322133 569349866 756326648
23049401 534739796 406979956
972048305 290012546 8351320
757587480 85907534 469999397
444328241 108700795 384903504
807019650 984128868 979648429
305624290 313647483 766844072
61344912 375174518 548971202
599876217 362608743 247148850
443736513 839861557 487518633
527203010 431267845 989896413
437167040 342076498 217139834
510718895 265367739 893379373
556462626 689903526 397194641
880538961 870589582 371702196
686031326 504895441 677307585
104020447 537319727 769617649
728020781 979659718 894145250
136049626 800571702 763992668
446756698 582398689 384675111
330566307 620045219 837569189
374527882 726439334 450494636
850266631 413340049 927975878
568458791 371431368 292609657
58736806 642182146 187736540
902400394 958249082 917758154
311272362 825031229 856471599
994149222 373922437 617392232
962983772 238676387 752691569
586733124 278932722 985218090
213578007 35021065 502375821
889991964 44062972 566336684
984738066 672565179 709892219
853154931 617542484 553555395
162281797 743706715 919296797
3510719 515066943 776410796
181417910 594143086 264451085
92208073 393168245 187824239
505264949 228502037 894528865
144887972 350713160 132103539
869453837 568629146 36462638
120529008 40070739 593091460
23464745 201055416 682658231
471911304 736903134 932285490
368347839 235948682 761683637
443383400 456993664 824939590
604968902 874289868 349304292
766734622 522194874 572803535
661677775 318064643 461213870
953488619 849636820 286085427
802208578 424044486 908352817
222415117 698788986 925512570
580027787 763254344 695924978
283974898 810791854 843471877
457645431 500937156 142892487
641558873 469352869 703096365
355018928 576948638 352068397
930342283 431801485 918773000
973837045 920437905 319173762
353583438 364827182 666226219
777424548 62802597 393587775
123998448 676752464 317019805
531249336 105251447 513713942
734809858 345620051 396503945
699386004 744355984 510990025
985037995 898444645 543832287
684756301 681991008 624968195
290785135 927983446 543345061
595246844 51467152 727623610
377719844 963064172 702041330
392682167 946326380 754189353
465257110 151723756 811519302
398699500 34650447 171174248
335486317 19678398 808668067
536768907 88008252 143650260
868863873 253494273 471275306
219119733 501576981 326206392
411722613 457905879 613683772
124021892 801640063 17599563
784147065 666878613 376661006
353513509 990662272 718478739
285750679 989541099 588027494
157029274 238258530 412074900
170816008 482927627 647354152
876995880 871479095 139470427
548565308 631301187 651126547
298661113 575924971 370512954
48921694 826493581 278897141
218568556 160360170 512866513
661470758 264548641 715773690
601675829 93069714 804595308
78355351 216600147 244867597
120555176 251548523 442624967
225806578 342984168 526005203
147439223 873867308 509295531
650563888 25590546 704738264
163032550 914319317 759994028
81173040 943861720 15515528
847020914 146639745 535610352
318574596 779017824 592160088
243100889 890134828 590745044
613186460 892747784 902027096
272454191 848243702 765603833
941993813 100784195 523096598
750009630 751577785 89414519
671350730 20179090 968884807
819084415 596962628 502486305
483072441 524831507 254112571
356429662 690355604 919330742
977990369 681166908 93797311
736785618 170020664 531143765
218227663 258055029 316851364
409480770 792651760 887092577
747793370 258842452 31906472
844560364 622263010 394563010
935415434 151461238 545094046
712856831 558716126 102669647
297848537 731772639 125388753
903399117 866234180 7165118
291835201 834922137 535138502
711565547 75160659 247047671
139006900 229702127 121975046
690030656 612466598 260788661
212866283 165049806 986910391
727975271 739200552 837171730
142358495 574103402 472654419
1643367 202725561 960151368
253968711 767781292 785012893
781721275 554822191 857032686
199994004 184614581 402730668
671346129 683183537 976706674
118404472 556328866 670338561
802513621 531949603 383789301
339660842 910657303 907217602
171823260 692980835 228878112
572259910 819899020 754269208
914043856 36730833 183331584
176878671 864149324 727492297
402401918 557896629 344253159
248569511 94636877 379966126
978515282 974831905 168464219
975241365 170581980 804506363
549106789 6588329 744966796
801608242 261628104 290223795
665155114 336291668 966692872
439592928 21262920 889709748
152386265 390222736 292733405
553114296 627686749 600402868
590859371 547530555 886932019
575124324 341325906 170095263
183291156 496174774 72192042
159386045 802465733 608378734
516202622 169802818 338220631
657749264 548572784 485465388
15028416 9796929 558579848
391354022 170998906 130645668
865330476 139511413 840262449
936723030 715495173 866550613
568897720 990072075 647159499
889309533 773828311 712546406
933915428 87476143 880542635
706806748 673660098 895925674
183555448 128575758 116210985
250714018 97904642 676773237
907541184 51296332 178062479
50096721 852110811 590067673
664746709 535741693 462743885
257161100 479886617 44822294
894865190 212593319 619804567
208731980 54786292 657228153
535784612 649523208 236054353
265072623 115734342 193145757
435224509 583312484 982321508
683226555 923031828 140210048
29919656 153950559 105425940
515472341 71709097 62575924
6032171 492986228 443984046
57288434 59645459 162490892
461550237 859073462 673303005
393009972 938275432 822947865
844629645 308345353 457900996
193678138 226354884 152365491
229865226 186472352 234462273
529237997 811733350 826739101
728779130 332480014 917246806
635639576 670243307 813523809
344514494 387144728 249286812
957509634 829977146 731117829
814014413 990202479 781259215
526690259 726889056 708307157
922433034 266464707 970769867
537148926 932213530 272405247
240729663 728552201 120245474
370570603 15789619 282643577
583498212 819166723 56176525
202441886 594312463 327236393
14499312 529314424 635127819
994650114 321895996 708645469
382499419 553407229 315950381
139030427 566851413 737066941
231470422 736783533 954385933
626843190 565500643 549156293
951975695 514653469 368954338
748722364 475343830 348715450
106995812 482364148 880238990
487942733 798777994 512545825
690767155 2245711 819559646
717443406 627754331 34724680
588195689 332082478 351557960
552842455 830599735 65462064
563895121 726508954 407933788
373805072 333021859 436737053
841326198 887705781 42003352
244675737 806381998 883160613
628507693 152502546 447702228
992387744 204291132 346710472
250119041 206696104 534593424
480589771 141241987 644517580
139661554 793217583 602453574
284978975 983736342 805263587
242651925 901583498 499284139
663576501 911413306 232529629
729118788 711587760 238599961
487732800 109007129 323046108
135621042 38082034 625300902
656162078 794839842 121483986
293127028 256232621 238828342
846859353 362643420 656261325
133019783 404754399 243618668
212259243 588577005 971848448
462662232 513573933 781854792
38926942 739497845 162032769
509088246 450246571 951455707
739989751 915750069 770025372
858416747 122040025 445804380
390859617 419163905 449294171
14437496 972229349 270772239
382015208 243286294 339255882
756456657 791849107 108962740
833528406 373829954 1409830
136105576 664634144 826923634
290991539 554103301 718585571
350980437 86393325 257532424
131834246 460820347 290397647
382032440 11751110 569541302
276035544 142195273 279187358
362400218 914253624 556729420
147279327 278558784 899628722
66869673 943542047 252907682
922806091 65455908 752956290
941048429 724895228 363216226
755032920 44518996 965975011
762753427 52616352 726409544
688896615 541342151 136988560
713869851 574997430 563477441
718869475 259897613 462741970
750250824 347836879 921703478
392777873 887030800 930255672
489048506 192946607 718932717
522085706 457258637 752494535
19843786 122681388 558565943
993100129 363429400 352844568
793052740 645575545 951238854
776196343 732667187 161487751
451781953 148307917 947025874
985771629 262984341 674542923
843410023 581543804 6434920
29833232 329051466 153658414
631849622 227460740 684667548
163472868 510381343 245573319
620731382 733874526 632537949
502272863 669789186 716807247
758686620 459679976 343316216
121678947 45539614 898624971
469609037 877041774 736635028
52120242 828455079 920583658
985769641 349729049 924996135
548694905 321036560 410730445
141772324 98112500 201872509
118081586 180147615 566932523
736250652 363876165 559985754
385984530 503574145 800735201
714302023 11084072 260271068
314492752 218676158 32479214
551488448 790375930 464879415
609029135 537460965 241459353
614204209 498965976 991792033
639823541 407790027 925920083
612756867 872521707 140462992
664567844 526022296 770160133
798715080 16441717 304832813
368834791 732850486 208159679
862453752 820694795 831541113
844082735 103626565 560909876
232813323 954190928 616566128
471543544 23288371 949119808
731598858 56402934 187785374
739554461 659771658 502183000
710842115 779251399 896295736
394692688 440789559 383984767
5362235 333960477 719545036
896341584 327329089 837682067
978014366 864456998 179529717
632760666 236880088 28505662
831393934 36989710 25056845
256573954 39025485 358125139
640503036 661129371 358165377
298696092 807436297 475251850
972356209 702310022 9264005
532512726 781448395 378301391
87089193 440532215 179765840
640021968 621081836 774055052
473974767 251822239 368764693
945604848 568281602 487369321
384549275 486559333 143135807
379413953 885883738 211392715
896684136 400315290 689985156
83950241 752897944 432704337
677641045 589601094 794011397
123989861 429643958 914045702
387974031 579945116 308522471
89736599 505543651 913946308
754093711 686210971 800086441
8145322 61304817 709841120
372108717 470403094 718313836
656083478 216448215 915067435
347887350 669927443 587170124
525431084 440265643 974522256
109034430 149785543 474113524
182527701 509541274 913861535
659090348 770464244 916752924
142141594 618807488 741945714
877891578 34083660 834128196
64130990 690099874 463054266
572333266 946893249 329819151
28243542 611618596 953782172
902875477 206066077 58819084
32775 680093232 768096834
348427640 515867549 913887396
207975607 577431585 237199365
63293809 196337127 607718836
291867302 772000097 605459557
885443949 269574513 520260644
435107599 777650227 426878677
190297303 229795611 518862907
145450172 158104752 922968837
50788909 945553418 10014753
969165509 708763533 268860564
365808083 721426276 394040375
696073004 600652525 257413004
254858986 313056802 500870914
229776797 198694078 858040988
639712499 177481232 650092685
23763932 876843653 895885234
180545699 942497086 222340482
331341363 964079397 791865591
467530200 876265685 412769087
995011608 336706086 489105374
229744656 97792223 772707278
331517296 969909453 206425652
364528985 913035782 369348471
430172282 764156322 150679759
500104626 95786676 113474988
876762589 163399515 309922841
288674740 347432150 108625503
737011047 283537592 150814336
162871675 534025671 37314915
937165252 804166185 734173095
787009358 472504587 878585110
994141168 429797272 16768942
416080634 434901064 923146480
601264896 204209743 974826840
807324683 789213355 443257395
248788708 521256839 314883768
353219539 612679325 892793968
423026773 413510393 24356906
247886948 991280543 287040212
495486618 528608924 823257962
242581805 106024626 761626194
152397371 119005583 930581688
595795890 292608343 513667642
153069195 321534967 696472901
95691681 905861326 928247009
612794304 27065879 722702614
288896106 632996384 124238701
118530283 361692185 516710545
450487108 918866232 489061462
84613672 505002452 33673301
643105470 48309067 930351257
811515574 530023948 175874052
860715617 541809252 9447186
223444998 836016323 288974271
533597185 155253559 65217177
183748094 105769420 703371944
485312093 694769891 450429929
945080188 687828976 852057823
80122414 103339150 943357040
317577918 5969516 354693304
382277422 657217162 863012631
935219511 852853081 273306160
389209731 945110663 451310545
879385895 379626171 288054331
839985496 736388749 15071722
807618976 389493328 928944275
42326859 559192056 428312501
917252822 344267512 389393648
212058543 323277674 437138700
303022150 932984665 621025843
87885088 781907695 679630555
730374166 670118904 643297011
178535893 655700556 75407956
833880179 401665629 444181169
993604391 545754020 649029644
496374891 39997166 116951357
700399525 311550597 162456985
876413108 272595977 621370263
311537566 505487007 197196897
276531896 293855284 270789078
745118904 510372745 281804161
968336843 492148981 676246467
70590939 402034146 959650802
878919214 810387675 781755178
213476605 749146488 552066700
869201384 544146117 276378915
754332753 576117496 224641233
265055175 749792752 861616979
270150694 545731893 927188696
197777776 95854010 378231681
241534688 782984073 926270593
865976029 234751822 422124744
136181873 838819952 288548393
669740178 311530803 103910107
162557744 424393407 10949033
290852360 624137047 716610057
64633145 249444217 975342168
799166854 662068970 888777072
539923091 281811708 699932076
193004943 771419382 675857090
132723563 421584318 10815362
925874529 604415707 27605490
526700359 701704884 490398524
508218243 30533903 698773419
820309850 332426029 858917087
430091346 554388891 60952278
366598317 104211178 182516099
823318652 679028851 532254054
846816688 385530944 769265789
886421352 285337918 66415412
924306317 637699080 423509769
538349220 610548183 34766283
185189779 284124320 82329456
76236508 183511392 317770907
872628760 242731965 115847516
131291493 971171707 938774968
848357631 947908899 663325922
374556437 739304526 412072171
967771600 967226549 583694260
10753450 106062504 76507592
422487983 116503666 373581641
724303117 860718415 458403670
157692964 969439681 247399837
237448855 551545473 36943498
391673234 998513650 439499834
412715037 439459555 107142284
703870132 532526296 225208288
721038981 30372941 841655936
102777046 385225711 3419834
348182891 97760041 943071683
182261702 389979804 682774528
687637246 716474308 578703105
965155598 475426355 512995193
580342579 834809087 925814243
642125905 941365661 793404942
373728808 214159639 368807574
184437464 974004310 114462498
166318749 939526107 686103265
663769351 324062558 452160158
817938751 814983771 472011995
21295552 908510166 299811252
924828799 930735102 831007599
320225784 246654800 372246422
636576523 503241008 506198937
50371106 186434065 737798378
86607683 697703610 90208341
349461269 757313360 334027228
329891594 862766956 196886795
752855448 114594539 657542173
67216216 976316650 710709209
849860874 484133143 746531557
485507878 748580870 63415924
571270087 479598766 892085653
322103685 380294492 23881349
721505080 843074567 388960800
33410236 26701769 91164302
924166715 700071322 428126557
844011137 353704492 84835147
302851314 229096 130140231
411258494 748271489 325442164
590359620 467200668 437977312
77211694 202129975 918862414
62926465 896581421 554630503
814454474 475866412 828759059
87358619 885691281 742590556
683736999 782257592 850606212
831109387 14427772 6852699
83064310 925125310 125333004
97244884 787477978 362733578
978334176 628013269 731065446
490373551 952391552 512722624
973203855 35411993 457733519
497834729 332894871 671033331
394087636 181087620 22493340
862025132 47254820 420691100
532714097 403094408 614541612
620710440 154556894 18430891
905772256 355065046 207404004
537270843 195043670 142200119
651379320 665168888 732474185
67021997 133074755 7563024
641927161 167520378 312033084
419800536 226958072 357827585
37185489 616766119 725589415
789412362 610345298 312640882
310778035 576797335 728803129
835072173 544956225 436560268
956831194 829257142 889746108
582468433 100271312 684223404
967797666 609339918 581172516
958159863 818963455 733209199
826815021 853138096 422205819
189833452 381591108 553334326
997405997 537857546 471476417
923889332 1384153 88320355
862947735 947598825 536774890
882500401 473113068 831553748
847420946 962656953 264964077
17213821 339346907 210812069
292020246 469113911 374562407
511168904 343031759 691699218
128913383 90142265 33267427
215778714 544245397 787742092
309565086 999772737 979855164
221717896 458521588 479629141
845385257 813293375 139063186
932385098 802425326 374894048
795093994 500337704 666569690
179227647 552564637 803154560
825018284 296338667 74789749
507884937 78436276 335886045
987831429 772832505 35110390
818232307 212617209 389680891
276014177 307400752 173882267
519511312 729857339 608758107
572813192 701937446 769880504
272141609 992495865 256680673
90602998 71582400 984445720
979294144 67620792 705197932
742590285 29704589 499877759
943559968 992220127 568862909
190929458 170990137 126757667
350313865 207869056 343016792
168025807 441669936 227167374
533984942 244916921 70741771
169486521 659433761 111374081
75643138 753620721 210232182
725734886 196207376 452127576
539273021 854927725 405633978
404627239 516468039 183360534
931343458 600246671 408679071
667768146 755154359 745341584
196877807 865314335 185068179
737875049 264456651 800859499
844153816 784363919 671272993
901265751 916155001 70713701
928170718 191342185 667130379
820909332 483373451 579763347
351354052 972472405 231401549
123750568 247754833 654223403
678197038 512469904 747066621
429271268 174026105 355043756
941427697 624162916 573503099
194860335 757096546 426685874
979292446 133849827 827937031
616030030 461842993 437590399
389625515 531784531 547266666
629396283 525889418 959801775
823615841 199404827 205818957
987223926 791520518 809815076
750127277 263661223 642868281
293832966 111608278 769817416
778534695 885045393 861551605
969727141 530026620 98022497
636130510 724704215 190370173
234915745 26810416 894449594
517666844 648369998 496890040
759746498 984818021 713186277
392970456 726061480 796510183
509838898 916978819 343193125
212684370 448177593 288984417
24677983 537112956 577086420
382396584 804270300 291936465
896155640 683729336 618607252
651137986 292481775 510565272
280567102 591344506 768424531
125197679 33882581 139387743
183857713 768643582 621038338
856576534 484185686 787203749
614124001 811901824 832211879
714693700 360110333 294587559
775322934 143652260 812752765
392940206 511648478 879749458
203329343 876914038 445000995
415589754 851531800 413364298
541846183 97935799 302796975
944986064 432484656 123096091
709090523 557796172 113839717
280412684 88478071 6116032
982654824 305481526 17545165
459258881 187628030 489399788
847774288 983462253 880730507
388506315 18846526 735798022
348263540 563824929 699180901
538113347 869270950 998865846
473276914 473497410 358030942
195673627 653036207 12322782
367350375 806409462 751647927
46322450 187938118 438090308
464881170 707952992 254444740
181102544 325443425 144798934
153460928 200683579 414057756
547945261 688795797 954676809
664083916 376909057 500417968
547020845 137354393 685558894
3163208 750566849 428227954
467496259 4719108 570823238
232124863 698615498 309144390
23215892 119600463 734861388
916292886 908248196 144872246
855786575 985851725 170120637
9228403 114358281 787089604
248909147 800436120 228083522
687420270 281721294 293488627
865020055 900262174 933560131
521071398 429162663 993242152
427908795 144476030 698789838
955020239 137889927 15780255
312737995 194530013 699107793
28693541 331644474 717920827
617798341 733297714 245237719
892504109 988828418 839789571
783930105 261842666 345013293
36052471 422007333 59441042
269406845 577728973 622415662
817445995 4965161 164357204
521366416 228589178 453848017
445054125 564628440 759709454
23341514 655669681 890317739
303463661 496171293 696424397
945696635 610687275 32630621
794666138 132944878 356904962
908146458 918715544 683453365
707002581 882435106 813570074
190825176 561495828 764159287
228986715 584834143 784739099
722471073 327499421 995973418
451851711 584395835 174758734
318718649 538097562 982708096
777899928 344340244 961456488
888903422 896507958 590510245
869954635 435492153 986754391
771698364 99321359 823626758
843334125 490485634 96399948
102935270 906064232 355051014
149893000 633271783 664071879
221917689 899217403 286808484
815698703 952251360 422027959
696611666 613611810 379449611
252057680 522612395 147861718
940992706 466592714 171700416
184834991 446898216 215559093
801515017 180477930 44616548
936024234 114964340 516658535
650509480 101759750 546729976
540884393 45142234 654022868
303831289 651973146 759428666
518914296 620057469 516083291
909203695 824293847 371472059
811396571 48323573 645084313
615506463 106598681 231523735
191077269 325850212 128490899
849083407 873053963 975274577
813508107 404384291 560978298
998016342 413761 535150407
898967870 970896639 322532679
556372574 288417664 267527021
250594837 831847660 240017839
166588276 209145749 968421722
289840800 308302567 349853070
6399686 899883926 757445866
122282089 215363266 448308747
189616918 548524520 512543228
201495292 393035442 437839763
342492399 577480503 542230125
786180769 355725477 598191175
453276325 930739635 645943920
73376290 213879372 904087559
690481989 624771440 529096566
595212271 507404987 140238626
106949561 948582336 237765359
977404976 497940389 196454493
953450310 19704568 592854019
571677647 30075745 88145638
815446533 286981806 470645651
632189732 822232028 588106793
464811830 205007066 827579910
714108809 895533470 105338851
126441596 708565817 748260456
104280387 107949301 320885253
303189343 970430413 826535010
885243150 257473082 688886538
346626933 203060632 602698027
852736625 225881593 24829918
113597960 899087607 422787805
772614993 668703832 321665921
928880300 90556093 209531311
616013631 287181553 406298950
277384789 54182119 239292834
435957668 843026190 624386935
851502400 564773183 477394169
333208529 661346973 160218767
965065330 133501061 83110764
854258925 503351966 34810364
868769936 487094586 452783557
500485174 394864686 405886564
270173625 530699738 313307439
499629186 601731529 179170151
657396039 462305997 900318006
250498614 518978846 389406022
523261163 874140538 274830078
220091422 226426636 632208470
21755334 252207920 488742507
813950294 918726653 648453026
821731852 390600819 921530380
341005676 9107027 346301084
305916286 667520618 769918105
678128021 125223599 764236436
789557791 256670150 225799397
32400942 847421751 834495245
431208245 772255596 965578425
980735792 416445498 635071561
755258248 126214497 772126425
992431153 550914377 974307218
44220814 953047151 850646870
252673742 138767557 907607031
113326700 121394800 453090096
316349267 394992089 25874212
361432253 75482242 515874653
179144945 534393595 867533071
257234794 516261960 745934843
913863721 356281753 857918313
841942752 80344078 138599672
419123831 339431725 178613013
564369315 587935714 695388218
513288301 123489319 921951288
687701313 446667985 888608734
638808680 42250668 773243863
107384304 383027866 676771271
386170799 193988275 140733023
45925064 883513362 668323703
13974720 283125876 261348516
476476140 972706886 94774113
824232274 449631570 677617737
301487921 559454717 9005784
312750817 446473118 125698610
213432436 141554329 160364698
778671644 36070409 258215244
670738218 352045917 185768028
590245495 958882783 192290776
912152014 640369451 751788330
12293235 961739820 264477683
118614091 649418690 547261926
854230684 574824995 293015466
389048518 254154005 815401250
999768372 661285556 162272593
31351514 576482124 729872439
661311157 148233874 122010728
506329217 590772803 410275707
524258183 792072401 928134353
687184045 991204025 664409264
191152975 692800213 103525692
248424201 549904749 385954271
390257309 130506948 160950149
787537608 284903291 335481766
241237929 107832701 945349452
563228556 575526517 665115385
10173007 492745691 513020042
970212571 937481500 373453348
955144308 907720986 424862096
94717754 672218516 215752553
465218195 517034540 645700824
66315322 106375684 703725602
542028109 214286375 86140034
913400351 834739045 974181499
848784671 665923300 144576483
588803720 159542666 762574065
577532743 322812377 86858344
163896316 180816555 237475435
495472860 971255186 682683869
925697591 103631883 361503541
954273544 672586559 886220851
455720074 416141255 893643791
483893409 305427160 433097014
255463082 399294012 11155080
836393162 969916793 440225504
990982349 343597691 489225782
221865352 239383947 463928187
456743856 192520098 578771428
960902159 283976012 171876503
718203226 839477440 205757937
976207551 969866020 232670294
990788303 507876263 355687900
748590849 279370793 24640788
837285918 484843935 956160056
137511516 484483494 126098503
420780939 473097431 740149913
628738570 718761723 712068603
496146179 957528913 100474743
75601194 481534443 236818612
800855949 301878909 445217031
196339461 591554428 676464078
458107491 948701617 318963041
942225805 311506493 174369295
962273057 762351512 13241973
188740086 933803026 707299203
653513113 832281024 730489994
585356563 755477132 971246663
818110051 577479241 136176457
641911187 504996400 129025835
646858603 291651957 470046437
953899826 789219751 735936204
696223362 157905960 516985528
725704315 718163971 89313906
837961461 942571220 74779840
397986397 661009682 795250872
828818376 39621434 523394542
399882925 478436910 888190115
94638681 20494009 558754179
986642670 286706918 24669440
174054851 56071832 276909335
329244423 254219997 395403149
553019262 760308270 304428077
970649633 731903752 545856956
107137469 418462346 105367365
559656510 530350834 258288216
459527231 634839771 992800072
224139742 900725168 764130227
21930815 594475327 389229203
544989985 513012406 117780691
302924053 6662027 351386672
867119046 593855431 405962805
194292892 212464328 231619152
572969110 905392057 839514080
496073063 575176663 6511710
469894871 391936325 597874157
484052252 747993920 932207229
345621910 224259139 983777294
979110923 155537435 671386283
973064707 988168887 845321539
148088761 336189239 392618885
819564198 86448515 931145013
742583272 764528613 934328256
909124928 243047120 563995090
748777414 660787429 376577444
658875569 370185819 153041387
524149137 136440017 674803662
101706885 443695156 417736463
304920315 654930767 761887196
919812155 858268526 146914767
988296661 943099149 516480027
566667465 472085920 308457678
885610346 1900517 671483457
813342822 80335602 319353171
693363501 742473656 953582103
871805300 127132758 424293360
872609184 360740030 713982395
206847761 184214448 387104705
723294874 822754123 563978579
820817860 773573779 403693153
633081664 961162865 799112706
708432616 546709462 622332855
309419300 984095169 498287582
645983623 355858565 581769108
576706014 933744130 413297524
376608164 357019600 587754985
641803449 907137143 981134074
460383425 873476533 10937523
181042355 334962161 648983951
21354221 325370115 326316695
43135068 154126056 266046432
811499305 551573610 239322128
732366856 459493153 956532961
482055008 962961489 935023813
283207729 151937338 208248017
179353822 161126278 595266429
111681592 753520924 156256861
893943774 382557810 360423510
376783665 6743981 257803333
925528504 184287928 611805281
388232237 946269085 380291774
979121862 560482996 311271039
539193333 317672275 90026702
177285106 549427995 575525055
761160982 782366025 12119961
750387516 598271136 439706316
590303904 757805029 617298004
608967116 532511769 57831578
427263797 920153816 334744086
126325712 273067841 96763503
215574368 371618807 747596837
386036589 780432513 479970645
805660864 505270878 239975706
852739430 755759691 482674537
949037284 146076490 110573365
97944661 202354092 546742657
527154232 886315543 219272790
931695461 962008425 818174717
305344751 429074224 731622920
578410744 443427883 468647895
705414029 181148679 384690612
974368996 554925728 16713090
184885452 914522206 759442586
587391376 994060783 508677470
330013184 819138047 804167779
535247236 915820262 698735546
907842602 634614796 327763080
508379781 38164712 478322162
193635333 815020984 770360700
156346950 310834248 580834350
164246793 622613511 217751653
976860067 232396607 206901467
650429195 247431567 822932014
281222033 750900043 780193199
838009370 27823499 908601232
534536726 454469281 380879428
971978729 587224586 775191799
686122217 446461240 941377323
374050236 503792157 59420023
71465412 566746611 106216185
143081785 415957483 912456576
631096564 67375934 558440075
706076924 381634782 374351775
126062757 838836034 948118643
866680318 258044433 704915855
872476038 357812583 889598060
687572528 709670098 922960971
339722373 51163522 610073588
566238348 520871070 462964233
38173256 503803199 410664568
452140890 595333304 261456138
712582424 181424976 89219376
397383977 595686252 910054918
118209958 204919429 346559573
929248891 72996974 525957891
812302085 160874957 540158276
98365407 309786535 849019821
642567578 554954075 905451573
658980554 749557188 474678433
478460327 953153535 317231888
968272982 826856317 494401561
569623863 34237859 707392867
780354208 473188767 36729978
279267937 617990831 312276331
996894390 449619540 282089900
360334343 775377867 686079408
907928796 433020850 682893927
303763909 837003338 38615128
459988812 122922069 701367305
29258450 971235457 970884980
808779023 372308641 373607340
629780389 11499600 906688948
365361893 338498008 764541826
485629854 651563963 59036509
478333574 943877488 231552867
733138201 417389940 984595773
718246575 392129719 247842346
50284312 26294878 122301577
520847209 954446929 957266956
101466469 603546969 464522780
418219642 482549062 437885893
802630769 472092968 430989606
638117380 166826744 833204745
95040674 630526282 285842927
388738656 88985412 892448509
290131693 950555476 675113650
951192947 226623992 381178859
56441081 188911546 380517578
485327329 473196034 483538381
369435592 779463844 73957813
253201317 666375044 887329322
445646867 89277656 176986707
51714268 76465905 623423938
616537133 64180619 212340142
540334375 92163602 874198626
842955946 264280924 467385766
300643197 370069183 279751298
937027434 829091503 368081662
307268853 77302326 819777259
320049088 400011489 805037305
986449045 575561454 179779572
327704477 322709565 591178522
367790296 117311836 666431494
500732695 696450614 57293152
5583734 233331280 560719251
536053776 550470072 149406720
387656425 922406429 843350907
632593282 374373670 293121534
199614355 330697982 204154860
297392363 635387400 129810940
953462744 371004516 797898315
773724235 899691599 143418343
456541004 604832269 89021228
654950666 337578551 692099507
528859381 287412086 157803420
824600777 921140391 855506493
587613967 730925392 25214153
773154854 25862509 600330324
153792281 913529258 514747229
574186489 489281177 572518800
687171772 580586440 54253011
126683522 735820584 215488903
840504357 424985932 149048349
973397855 379701299 526366902
370590320 185621345 56035062
822875798 564441115 440724170
678013959 428152082 25849003
514344433 406896757 383892562
382318772 251326447 117136621
776124843 849271366 731064166
467834990 596811805 361903336
341698721 242919731 956765893
865942719 653004201 994288669
649248873 588146882 19376461
793035940 245203098 537327591
423208519 543933703 841761313
320457342 195569223 350864426
442774333 879425191 53860378
273355628 476421766 197655935
683364978 445941782 890008358
584905608 415967747 674192366
281604237 67669049 135176200
941564460 195747248 277872218
304575262 540490854 852918079
846267446 606841435 308356481
66407931 318638665 519093632
709582035 470392171 708934000
856306804 182252903 825631974
631930213 208603300 980930296
224615125 365513401 950830895
337678736 578414250 715334106
691270945 502157174 704070433
665267924 358915277 177938308
305118817 197219662 657571290
358819097 677698947 363113133
649462893 212301856 203259902
354259190 483507135 71904469
439857036 989879551 447641508
747298254 904417396 360988227
97097294 207687170 842342583
469872585 287504333 983704528
124844515 575204279 720147302
379836654 414010607 983116772
612758959 980353095 512522506
497237400 436890534 870675619
281455916 350470276 580348030
261811899 281773416 976025047
645160347 437142062 137107624
698647354 235479714 482083913
674949157 720738657 989414653
757461484 726272202 355590772
277037754 99241936 81312491
695790143 49263207 745471474
558262637 524934633 985288986
454628863 770574476 660801611
162120209 590687765 895987004
56730520 3634684 518573866
