2123 113 528
861601430 604483808 788356403
910934084 267362773 61643576
150477303 81083107 291911538
95743420 573807754 272890862
682719416 27402530 97097105
996148718 354052670 573265440
391175362 376948749 170215077
11992267 557144027 800444225
965403608 978364909 557724054
843885589 84570544 356568230
570864646 875256056 532194351
951752170 770752508 67234443
777264543 329630598 922408218
392519553 524112549 410333678
182676613 173918589 160129672
655483598 757289662 696798106
540333147 306923828 608324904
207937418 105222455 412240263
962520223 542599715 24996704
346924737 27501174 983721259
849756396 505413484 419722219
690877970 937181578 55466061
828521766 928393443 923679713
905209892 930115577 98938710
520879247 129823016 845842831
802608627 24696899 186079727
553545364 253332789 478840714
339727959 484330228 793296323
57559984 521600127 304993098
38285017 952782512 861852825
647568346 181649750 719114305
858260949 484587551 354935604
366865964 523878883 704391935
537497174 971233073 80094189
998004152 264819626 219346505
965595198 185778991 873078184
16762388 378051671 260775734
443747469 208710417 779113855
602026027 525069890 772817474
640325905 538163355 293364324
224423043 956667463 628738805
885912125 88445611 186333408
356517654 218590743 389976814
91515759 699321984 731724033
975928244 848984728 319724872
535207019 827707112 491105162
341403731 230450075 21870000
617833499 80693775 802391224
409665702 187838519 455058720
866051375 710617132 953279833
961094013 494268429 31906808
14607803 522766182 14819356
377751079 248663938 967883417
157047832 138064365 588434927
64469867 29243673 616628335
804342885 729735527 961725255
492165379 141483291 157676851
37096332 647455054 151813250
277819144 518099412 716112282
698391031 803826777 429382850
387134980 917428854 615582079
331677860 805388723 990468837
636001394 984260258 886528026
344799601 754546220 31744674
429769961 451112345 58443994
119653939 883450968 587258723
150278049 382036497 975310410
942913264 477418195 581762908
306665367 113624498 376548811
249416772 584142419 49364932
952491662 285276149 213216735
309288141 902890139 173966791
885100673 858541432 904239435
59594590 899503751 316752871
803100896 30899992 724414469
298812673 701866857 738617355
853318551 301297145 505552785
884405014 612351787 228352700
826201093 248116448 370147030
957123383 971085480 601854527
573136254 912113402 960273282
557788052 520837905 879061745
742239739 342097709 469478775
254597869 331061070 58768388
127984400 273517931 528595192
859905323 611123500 916531510
49747584 127914483 306253369
231712155 136431106 421811851
250369878 366470521 231200963
173267318 357606225 743835586
249244418 22463524 125669980
570654557 848510362 131039031
660371352 550992414 488326171
560077296 968311178 780884840
692640633 86029939 938853980
339988065 32431492 230901173
458613156 138933232 928279888
409760341 995528192 524613648
899808227 268186117 687226736
415841686 274428632 903647349
319541926 976326552 615388630
210424153 55120181 836448902
767033780 940594235 389768989
483332370 163279954 824117789
597847665 287542461 62458330
695453105 265487295 496676870
154974254 433655755 132348754
30294879 458353314 651462232
982245159 288785078 322668352
531133918 583998862 244476804
207937593 4553192 626567032
378617617 467940769 809679959
456352698 743003447 393788094
887077667 588676007 227835223
872038575 473226463 541078307
964239624 124749808 351800386
19442711 754716499 539650740
10686873 345402569 104675992
192980174 351068766 653140197
872903981 440577373 245278562
765769506 100721138 185307253
391235177 862639986 325885107
391802976 658772210 480507327
148627573 155588706 371244020
317684582 535920437 802357824
832084608 798519079 312556609
309750942 94699823 617484367
549885807 530513839 849523888
461328433 640878773 752648076
192648377 347484262 888391714
965607811 972552619 901010408
394032401 638644897 707129884
836318535 878237860 829498220
208500592 344179255 642130908
194389712 571209536 447457259
182805411 210291965 794286551
705787500 8215357 939981589
785805271 791926952 190753689
47990467 819775977 535695341
572783215 118205110 529123332
271022021 83015896 872488920
401539475 602506987 973716710
727030004 903554703 354544077
576449845 189927912 890611722
670191297 144061832 785430857
654552509 756510763 587637110
954698846 523102541 555603708
563654782 681408018 928672133
169662493 11730038 799290293
851375564 237265665 65519908
528521882 128089893 372268561
974749157 779998061 260733685
909458792 809833459 861465664
579582251 355275049 339222920
10850092 680051623 680032662
20482513 868612352 412923397
702981861 112266349 187674891
916292122 188969343 480456953
882322422 487095959 956164115
331103563 528088105 394818789
670603228 397342536 622123819
807146560 351632150 322176492
152946060 845283664 378654265
779193878 197011874 919564014
314301258 91088530 538205977
926816644 324143780 214089764
384996927 273621787 216203822
139517157 882902364 187026868
313096787 324760423 611007302
781316755 408230003 284496330
259587617 140926441 391371031
70639203 444516075 245288132
550695591 603857314 750889839
933093970 487374753 345597666
716805570 868815354 546002723
136460094 424284612 95478593
450992942 839820746 928101703
12291721 229286065 771331921
232071699 488947005 958649260
739093226 857288719 268916491
520589229 446016721 27894242
496650225 566132189 803988577
479834963 242859920 428580948
218413047 32433856 719759248
243252014 598954818 939322589
454959714 674810420 895889154
387462781 52133104 719668036
597845063 956786564 937863193
201639035 668943404 729165246
293425560 71732968 501986587
541880704 400191485 663411382
303076679 955789205 122236512
84864677 734786280 188757885
735121968 870715810 199741433
697396570 9175044 30481029
201516565 726786236 714039210
542912340 650324660 968448492
572714063 949299579 543457037
409775548 218470076 44755771
605489291 935689557 594670429
487258770 824896191 515125762
247906231 772625032 711921544
309197900 227784465 383924637
227739878 582813405 915410110
713587458 423581691 676029634
55511666 409127004 813742698
554850224 918510232 811350525
811081740 217232035 28159934
240626486 581844804 769896659
646139854 37925583 107941171
154319861 842974626 936363794
49117873 401217310 463309659
135643313 544055896 305940584
260077022 208049369 929631267
483486881 294681865 168111948
140236603 43633165 75567556
296921072 836402402 196589812
906474266 934434381 392630060
838739775 135479534 627173187
433932985 276102731 100550885
882046358 426490363 113140088
642741035 360078919 337672183
977170827 839721072 711900043
552259499 495029157 540282776
183029386 395005812 610634882
924463257 447884711 51951943
175755610 733725045 76708035
642485672 747810555 228996983
812685188 427757004 40496873
751380412 501596754 390347464
380871616 856480808 708419574
396433414 514404988 249835179
676504046 440920094 813263485
985535235 569332957 252246773
336686851 873327464 961548002
690348398 843166280 127091567
310578954 405150767 372463178
252304412 123378142 802681860
745944337 883101799 788568543
163123708 228502654 903441038
595349392 528840357 552436440
214910873 246161964 86580357
674491180 935206184 413104189
256017275 146795150 371990848
943773190 51535758 394489444
652519772 939392388 396319571
586581052 627912123 376877393
797592444 718122840 607853872
841840154 502024002 667348336
488755036 602316046 579094144
327151064 374164665 217115287
479821494 262334520 48371595
817406043 389425473 462313667
796652759 650285862 944007213
382084178 363029749 66632405
679619565 712514587 663234028
117256503 718973678 871478184
569704625 715990917 687132510
407463844 990114781 618301718
861061142 164071190 307945082
590939976 96762470 500706515
339607088 974660659 965010709
259850714 340539911 890987286
442236055 878473400 752209945
538098679 458178176 543316742
413157608 910472525 269833496
17011205 111205222 64765061
738957975 679674521 463060341
174497778 586420812 15564225
466407706 80560832 384166745
746190113 504367514 789576491
430798851 774092690 492130729
809544979 325936170 310991698
520514461 47963151 330181712
914149981 892380857 243421178
15765646 912665560 664908131
711915628 780262178 866451205
237607229 826797748 56347838
156275885 172270075 626268513
574111798 300299921 106154736
523976287 137292291 905909238
720324483 315316384 456570877
875736345 461538959 552383031
59034569 518736664 751461150
785683013 907090873 86201498
365983956 122368790 199543695
199209419 5595150 397096535
206416789 962443588 7361435
460118275 54461422 916749625
62067596 421784693 282966818
156075921 750129290 151492807
525506986 391025935 929388823
253298510 935543023 558131706
765011698 67469572 793440691
485001764 99329628 334112671
67260 663881375 918093456
655080361 919236502 638695609
536746220 554316669 827312145
771999634 356431863 22702435
742378206 962361753 264622889
655170389 812997299 947726192
713480323 885159814 974288980
768704313 396490544 592141692
997793428 957970412 549319469
218129459 412245488 190580375
78671278 466106437 132824867
864381851 316729035 322889564
677738011 710740089 339585229
446220623 915965295 631275128
733846911 215306976 872532080
610026336 298894199 398713749
227651890 713542932 156924512
434950895 93150794 538634909
298858710 473271084 79683272
363735951 962976234 96479642
264743517 42427263 226068753
513574509 161686713 912576936
764425453 572513752 34008435
64209079 506399105 834616869
772741292 698101238 553356412
330056395 265958935 995606175
935850371 567508579 63688926
477402576 450345883 833435838
604404394 313980617 879019365
211630815 459022542 239308571
24304281 380580032 639753147
89475621 668577497 914843822
936092356 488480850 803210322
274501405 903609353 969029438
724217943 215680069 723497730
156257127 931466551 534477178
286835222 814528640 656911396
241012982 723302597 678513171
962006157 71183681 515552208
920192434 414474725 917707440
665386971 674688806 246224649
792523411 613825325 968609297
124562484 245296808 782817367
572603586 344512020 907491659
88594344 478940632 548666765
523923936 641454596 128452922
418255083 720481754 686120434
891748682 266169474 409589776
962067635 58018364 135494226
755809632 263821722 294239812
192480601 588160024 570016516
439104717 976169170 753927487
730163182 399820016 740290882
997757729 160636287 919715062
83510127 153644038 519151208
852815103 408483055 336285587
750513204 867465941 113827911
110195098 459474982 457840945
756139168 415386527 622685869
364812483 711613495 179245038
617411554 671921031 441537563
329161690 512424567 325512721
465854050 795722512 904268022
503329900 260541530 634906949
357532762 818168086 521173507
176348234 355758903 579606549
172054931 423798104 357277296
648061999 304810943 70874718
878371608 399169831 743912517
165648533 971662055 990471463
108893997 343701938 625292593
446170809 628555187 491304237
354026871 585739440 217315328
247201721 785380116 323958289
196188784 626876357 787282240
70979576 757548296 662014989
361517959 129124220 903771388
362695113 94771776 804778841
163203264 19788400 805412832
659714651 304336148 722436434
739795426 882672959 272761432
621892014 900089197 750689060
26575231 814315832 424017225
577553010 842270128 224120383
530985725 364590830 972547887
356313018 213579061 736354941
975593449 275055256 738172317
978424107 912685273 386795801
638792052 268139352 689086373
147132357 299577920 786725610
865816802 982230800 297829254
432143253 140676174 302990180
729444948 331629525 342383090
735898781 143728535 964810464
581686811 483132405 267686424
467360794 847687635 61804589
273640807 481920994 578278938
378372700 335380203 140192195
721338870 455256005 437788181
827554674 300787587 361196626
756660924 13908049 613588349
324202741 65218179 949130926
931149385 974818364 409199004
141500099 771741995 6910861
267740434 721383772 825040667
370029800 136299728 93669005
27366632 437039461 56899527
887430729 765513279 999136991
628523547 59705479 884078428
902510850 856973841 484475788
47603818 179959992 273431536
816159856 169123636 190917670
990751193 595820652 465395051
907371460 361790060 989894608
747190736 135200818 841681312
83338126 348254421 142326949
199596451 352883232 163839755
668456652 56353279 744866724
116762696 571883972 533002979
825646044 264923303 437799828
154321123 845902269 287861493
217034306 25011614 103321155
271266476 866285952 608549817
481336968 415449952 872311278
559286698 359930467 808970446
418275945 236226776 378637219
583015117 335749194 277410935
308251869 931963001 632647450
615750163 926580928 877948546
56496464 579207354 416576448
745411168 933982022 748448884
609895357 77216116 817603034
196363221 259280128 662295727
80345179 875237076 890000452
89305065 813789623 259031231
212284364 755133100 18736495
442339989 925471348 309638943
639586275 522105857 401210947
60691635 820253018 431491185
674257675 288564426 250730182
232438827 545213930 809802258
29431345 902679807 835376910
997955977 207177161 769774857
712951984 524967828 423464940
443456674 130562737 180031360
401583138 224490439 891838137
393942139 513948199 649502611
918702322 805431552 289538826
54398589 451076265 947679123
452632956 163644316 828135987
589577059 125722692 964773662
220137712 961308041 863994919
921387346 592154431 132102007
393536242 800368324 519363471
452014002 427803369 791061505
232638419 270265894 930016160
87134864 434958000 862055107
63777542 304907849 133544309
46149398 46912245 978972470
882344253 343757025 545203471
349072787 398121698 430943786
919396470 389388945 954057561
506937192 528641868 997935180
970911212 685246160 320658989
652258699 109564935 824133049
504070396 799799207 276547953
925683536 625328110 146808385
36586281 964534657 626456227
942978135 100474801 180264580
576008624 643068970 785907197
413660498 670279528 559563659
51967473 131405194 757413970
404234511 189269235 175770894
903898357 829415593 338001358
270495660 751945177 368910672
525503402 50025030 244643898
728187707 489408027 149327167
713330352 756092199 795694410
880995326 991153576 395972287
861128865 313232052 946444974
956267036 646819489 784833065
112854975 490353965 895577114
841347910 162491987 948544716
90270965 942212791 369024100
612502023 955506663 250331029
80539547 293090286 618749717
393735879 723591184 626892684
345867350 888174468 349070152
356696938 498286475 596053156
474035595 450523885 757972858
985138198 697030348 889737529
791575851 264172655 758664125
936214422 117058768 159743189
837105219 720297518 741548717
41230638 195248130 901060420
201313508 383052653 10740872
699910985 454052755 419085436
169503204 478596227 893748386
471646042 228842257 300209021
450749410 916831553 754735647
317096202 183039446 909718390
178734543 891400007 265688501
98018903 429161150 912452900
455333848 524386545 784101782
148804502 974231289 476395835
140799957 8812426 790218086
986369361 5171172 286223903
110029941 56013392 157728279
850966658 623226076 739942755
173085258 796143850 742664159
80622938 180119668 836288452
408361595 983931189 844031390
379252533 287842366 753981273
253912799 998005610 460836162
569432032 433489627 957692544
209286239 310589720 737153236
794144448 78237510 50185505
444063192 434304319 386720425
35033142 799448617 132648091
203463960 510206475 990291268
326659249 41850964 479040280
391617451 244705046 331735129
609402263 594642880 455569283
176807858 684343800 689286092
630642533 614641648 279882127
609320014 799557880 48048954
772181870 663995790 267465660
932931346 519389074 583983685
532532950 191342218 432877484
927045513 36119815 412817901
96965729 937511690 439169945
309599644 890453818 763298725
18969638 759271404 87932284
96735644 669283160 975306026
360965460 304805076 517497554
496470945 155544264 86901497
202228677 351960151 654686355
991798067 807242769 6509189
990995336 384146296 992413192
797438046 534326871 143423994
510647055 867916555 577186194
870917283 967301241 223333482
338097436 269727990 60204742
14691481 569894129 91850615
390115872 302844463 235396612
133454476 841321096 400226622
572532112 831384764 520137148
587482238 772916258 711458101
934741660 529835644 956533318
594327988 641281681 371456662
667677401 370151970 143763579
103192637 927683177 107739681
667370082 158043959 451401985
381675903 953785241 93291216
656383362 338225068 177878260
862165314 889892774 440176689
7039769 521815090 731600860
806309253 986655159 551297892
546013358 242111633 509971584
471262453 964817668 828096279
401347460 383776095 10075216
371939450 898806543 887819418
492140266 756679723 311041621
680120832 553986743 734565455
798042808 67027708 174622284
283298629 808599641 763752502
37819047 55400764 919237681
423105119 276291667 35239034
408031601 73796639 814632630
613052406 728592975 768306249
703308859 993000607 742152234
786656748 582400306 370359002
239157639 551644605 225287451
4616280 964183440 955424055
95902221 556391412 132708496
799262692 314635407 65161348
991618472 475828703 133437317
663805969 84557980 687431032
482992814 357219269 884025781
877505619 867732778 572716535
742135254 166601294 78224834
73156492 286441535 881655280
75268987 551078407 575381719
392639929 698825906 885105521
398570531 437694823 743722731
875140675 640266381 962945364
305087470 479639504 430946854
89305171 679726275 816910711
412921455 410487295 101615656
823594911 543084286 374616384
254076413 934406583 997442165
559825467 113068087 265220207
462584666 69523659 232236219
639829824 526192424 421374551
32872771 627725516 414989439
716569083 759598784 992804202
49819991 381549650 642891368
345969098 609793562 869980643
229549654 35918839 145840243
263375066 490102293 383195726
155896814 404118200 592132565
757066804 322780960 635608896
374207405 755260871 511606150
209909684 647311601 750079473
349701563 511347873 104431899
226434683 129242087 806525046
292222317 323520036 885830010
818505230 242559905 594850180
466105085 456813104 489943071
123920828 134320436 832774719
590887810 843103640 261103521
387356075 427526558 522012527
114086317 799352893 405229157
73891848 227554965 232842506
607083589 165854694 96732561
364945836 873396314 281990421
139945947 917662015 167589468
374850275 419528084 69762777
592085796 405789834 751436884
765235649 709932703 657378115
488402606 604398370 59599219
187898476 170544491 559727733
927144026 974285134 10844509
692793312 568174598 921755978
185554658 524843166 233386326
806153105 384474631 749209392
606772642 518110882 398620506
375597261 558387092 259929388
519685477 16251215 418405899
460336181 908911080 997416270
969724380 176162809 703284116
366877687 403977579 479513997
974858078 411635384 101214622
254804606 646592084 556100326
406738856 46573753 7370793
487550840 211178645 550066778
876161571 100140206 522351047
55505361 58668153 708695586
564058301 101014827 287349912
883186004 741642247 638940739
640544307 922597045 184072483
868521204 528035659 732527166
185769686 471308399 227606150
276514949 359950142 938771812
791026898 450441225 645155325
96591662 852994136 730995189
954671602 592646903 107308877
343721351 177109150 632091937
869204453 986588234 61771670
777591697 719048788 974274923
309885806 17632470 237520486
223074044 906674813 928749578
388410588 470123349 878962879
333962792 704061716 790068018
102714473 66266588 802699511
122860262 401095629 806947334
38192369 796007004 797135134
146753023 417798855 868279013
245028129 21585715 628162871
966783601 171600392 4326245
535544284 675845172 193097625
780710880 688358400 350543338
805598311 263857270 38987768
479474346 391259618 459127471
144735588 876360737 822051517
580729297 415676241 999964185
87536431 869648530 374939418
697592718 757187665 87113628
319058806 344225068 993777449
983126391 917247768 231124360
935703894 143071840 428149401
881662632 395905065 120062254
729841177 534265439 849374930
653757900 973805174 230974107
590647217 893141935 455953406
622566056 103866817 147058169
389838136 288156473 208951731
676273453 344287980 985004462
449438622 507353985 80467482
803995918 10328400 196802672
897002928 623551063 431212501
124676296 336823625 302535685
789387161 777556610 784665056
878007465 76440258 884597631
926908285 626951286 629307987
797125771 951682609 864811432
269972191 860947985 933009399
622019764 344457592 796726362
197772692 378249948 11544498
536556650 140369271 391322000
450397622 599815830 850205969
569776701 997925900 716937891
548355595 113445839 59089525
317211326 982812351 341517368
852699253 832740779 920660604
581714700 842131097 143017411
71017312 773452519 882620473
217371442 566313499 974006204
796942792 75749819 164252321
819722756 616293786 9553486
549706903 672153737 365541511
764462212 658995312 570481264
160230159 108028927 682807440
930081195 290106164 401762561
790700896 750349109 428235005
696363292 750141845 316494242
403364237 513117913 734668174
980865917 723685963 560854511
574722768 918890845 776532359
167224008 976094408 939129837
266461787 61679244 411800125
53106945 232654801 711585333
963406958 5046113 1668071
845764884 972297505 174677737
928662419 136853334 725569516
490898657 61897444 843741813
934533106 696938158 547899496
780386877 468695487 997373702
695477318 223690723 668647492
568293310 247533280 709550460
68949391 257804276 390124210
389490360 124562826 438034547
697050503 82973884 318659953
811115365 318351731 935766007
426503736 654448538 834831467
297276959 428870874 246309976
141362733 767547633 454637661
700358046 84357187 444846354
283332184 236887759 246948269
456596140 850886300 752997998
825727123 7309910 181250721
343075608 812173802 657999099
524634605 278402489 884573633
803454401 274284844 142901673
93002339 321201251 65425263
108268293 33602540 102656213
340431684 842103506 504201497
107483448 335724036 168602457
259499638 303464559 953466785
6172749 577642464 565773442
654828053 872841838 648377979
890108481 95207478 722222533
849223222 768598519 941149678
539888733 620451799 169972620
185201891 815020752 851060707
495569522 380869822 645754857
6495330 21246914 249434064
476031841 44167265 66414529
734621701 312158251 179115568
598656767 91947612 39437854
128618212 898907079 849791356
750895238 890454649 448489622
516898414 471365045 23548391
114530106 220542587 408515511
487024303 21100359 851087488
230563200 903097636 764776269
630721545 516308154 585058311
909915805 708964301 499107702
606012196 37429264 325434497
493236926 687786811 244817352
113380347 332760831 719274746
980472133 571278108 35080191
505820733 406283432 316613623
564390898 808023669 415607151
760161780 896999857 279005813
159805440 767955782 698933303
218077278 607179016 870454662
281552803 200145953 797840803
280853537 728111813 697048511
720297953 614600693 98747909
319593161 339943651 762075036
701804304 86713304 282610917
461815720 333012864 243133684
758305535 18174445 737257007
651055077 324324433 267720500
80257654 336701849 794064592
340068596 226470665 697332718
931870677 251812979 732414939
501578938 54724851 169554322
313282383 525791864 578490372
935112689 77655430 984747143
931798795 809711608 113671203
33987741 387544083 578927712
396740288 943761612 69686139
754772355 395610786 137418850
478297975 883418467 741884126
232256946 827364293 754201099
152004091 435433493 364904869
564231002 520555601 971524923
154696937 820032871 262694890
605442185 269200014 621606231
936613714 178862793 75994307
893900420 443116353 875650793
762580599 340796793 866420794
501104446 694633320 698728480
683870427 57687631 169682674
913319245 679647215 526718121
135743514 103111066 663710396
98852716 38069120 577806529
797888742 20242693 722844661
137671106 891986962 748416741
438811904 908104637 984135411
836951125 462282024 344086716
949550232 161378050 428474593
252470288 497127227 382880439
587635286 537659236 481119002
529376344 966230488 535455414
411014100 453442736 915304146
184400915 366441169 633320191
345369084 146776473 956767316
457172096 377279759 976617666
787766061 570693190 336134982
779690497 923181179 16659108
177389752 438094144 659580525
443634952 176289341 324778149
837009757 614384741 462997769
360811489 293507162 971653475
280448322 185552372 39505343
228131659 435414158 245615797
538240405 108167968 806326402
220782382 96953842 967500617
260935170 267266691 579322905
894730878 398165065 473835609
246640274 357416491 147128573
971167830 885003910 129533883
88650191 986324817 466236989
980844845 657717305 960672075
482217353 104544227 265661818
692061172 930347937 315097764
647148851 629740909 701318177
246941609 634831976 352485616
680025568 498046214 314562099
403183901 921958863 34866764
891665481 910230320 268236478
717895481 710551747 253529333
310975388 629243896 589898345
719090547 18940558 332901612
179943525 789964152 960362047
68451155 176361305 240635803
911700116 660254251 191860441
843912997 495099179 695646129
760425277 991341752 73722358
695611974 869942535 95180740
928156835 235604335 633465575
954889168 246973971 589646610
982586633 125929339 44969221
733460120 485770075 164053392
396755530 171918395 687368617
402263979 646919195 199197161
583898415 291661767 947662835
12846673 661218105 119887924
600423528 219349404 133482695
801444513 434698990 754903249
525332590 551509513 273516279
430649294 102877017 548962355
517617561 732715380 363111211
930261935 545833128 815657552
399665032 995485443 169141853
147690407 929891616 310802494
309730032 776000941 14804634
944282625 939463834 835130701
837766466 491191850 900860731
918532020 102155259 184065597
460446559 212983188 115246566
718431780 798318979 936821406
592579228 734246430 41146791
62571663 947892980 22802012
298192002 88999859 559691369
816138889 74955429 167371812
106072203 309507571 606324928
392852622 975129159 710246163
904050220 252374728 168407674
314477180 7224256 832073007
152822314 369587603 71286180
985045793 218540238 306867858
405790440 721803654 475271019
640604606 690868392 479986445
78288055 497122049 978557361
754941099 320295707 127179796
232878562 713413890 972000920
86775352 36901922 302166521
611122236 738412260 81025139
61385417 516891613 833009754
454575673 756879722 720186881
379657622 721397489 607245108
756227578 153054231 215110509
944410069 47150575 643542741
630912910 345864066 782023540
23294724 177557896 645355457
202554124 638640447 699301912
308757452 163561293 341838548
669094794 278912297 497780571
31209707 433383554 549461629
445831346 873692800 281833465
805901085 534424004 934743440
564476865 17967634 85494864
106156524 190525986 611059273
612575113 244238566 299931064
908251771 492154284 807453089
32628424 824240944 279374331
242423620 743961237 348905488
787865 21702846 417937314
130415188 148256410 922360972
301761615 337385149 343283580
809379329 348429770 42349516
92405567 582940414 548993164
94051832 932000930 839705310
269693899 129238171 306765455
143445180 275675272 400250777
447230711 897929018 802765506
291128386 706178361 457089559
450570471 932364640 189473659
178629862 588756028 103477173
502611450 590925843 639077399
898803081 713806058 848021394
45732560 303512688 367308212
417050219 659196102 703751675
581447641 433353187 998182579
874020114 873624923 566909777
790928879 902403982 631003909
709678340 423691653 173939767
661085733 988241523 320697267
12210325 139534913 776660747
175137552 113810423 468063193
806060975 476014491 532770245
190331866 309775540 309545243
769758144 31940456 339171369
658370323 484010655 81890513
463971891 616555520 570304833
253098639 537106992 495489896
617492113 602054368 899469370
709996096 522226065 717980409
765796170 526292509 669904995
551580401 348768773 415617525
814601981 154578976 116392469
314791227 18697509 800915284
163118808 626295256 710698122
370781368 146999073 863567574
983545826 740638398 466318769
734640832 709507093 65224168
127878516 486215385 943579307
121148872 322319926 653891198
394906208 480130876 447272518
598543742 542939626 925117508
603206870 119995439 191063382
411559238 534348993 782013787
599650478 138108230 515671104
536097100 528915719 263383145
424109706 414557325 734954734
116426878 362281258 594169150
554507966 375883642 864069207
491742027 486901674 26278098
933338172 85257386 905490049
979611328 930840557 461482180
959663325 171994045 194624172
758861219 716902903 534698311
830434475 561889169 530887069
341071906 155131561 490587978
271601358 430931541 515116284
329380570 611563181 930974341
247632911 100221899 746148151
92227679 897706191 140194204
929243433 156096730 97723589
287862330 254147446 81122315
338294234 681135034 970631862
452716951 740509204 232607133
802225152 42940569 302611081
365673922 411561871 981680965
548022060 276947573 781781791
39365366 470911463 946015856
199931843 983720085 922130139
113611061 963779205 234076411
747942082 777508541 375433591
805870609 542904072 34555615
369416107 62450675 257742857
959815439 60930484 380033507
900416650 743091673 904695188
722306640 957069018 873623112
107724400 850116564 921895203
65761317 989024712 902125077
734107882 271207066 832526131
419728831 204111125 907856731
119802250 432559519 412090047
530942691 121153789 722669683
913408995 974300092 971538258
623289301 932179911 4934028
311498952 509591687 133953486
49563925 512308682 557526186
56893700 258430142 183472255
183074364 671964167 713763890
374789071 699955807 442301028
355870040 331951737 499557377
558349899 912141316 951633170
311775711 134150510 25694123
406473104 701922388 343681320
973274931 579621018 268700983
370459398 111468053 479363321
908208151 278236835 301950499
897275962 847304295 497934758
375467252 188252308 880241769
228268955 869564144 257571120
633974845 683117104 84038462
888517266 10290854 418392541
790474759 217573521 122304871
457512889 177028850 87352531
513673166 873938443 30355350
828549656 281940753 142628532
294895918 419638183 609328362
540992694 874509676 894107185
987795544 203153793 646763498
516855631 673080812 931197220
186098317 805123789 855804494
491787347 604297590 216571616
464330197 168888760 712670038
987248842 733775783 406567510
715094342 387428660 273698049
702804395 296581294 609263865
342677821 999955449 465774708
494921627 346479576 966066198
627333710 204745283 32138271
984854514 918149543 269881055
380413172 660763112 766692281
475998172 907039616 642091052
329150987 309494468 83527766
851234205 683568627 880518432
908602335 935860755 230632946
154790233 410570230 663316964
481288707 384978135 529884824
809742852 428401153 547918963
935712397 572010339 658630928
518568338 766877678 920170180
756746296 373812389 750061638
702686828 44913916 192316130
251499875 76942249 945710779
219851006 167898902 854438923
713468520 272364035 537159693
477916759 663345761 32731896
398150980 549430606 719749468
315724794 948951399 642060375
408007201 572087093 662395453
142778126 338960872 903611146
973460965 262880963 483379545
237874699 383314020 559152860
981839539 351196118 504718574
66594395 456402945 880099740
246521506 878120718 102083863
375831599 25151284 297113580
286482428 833511459 378483931
579210477 690683518 59645283
35741028 560284636 101380843
900480009 580538119 401906519
954594975 111792543 888907085
852322083 943417517 259974437
853699214 699045999 581161367
619325983 418933698 222972502
863701813 61322632 755953660
219701814 131184671 130949831
650740731 61575670 618990494
151483996 276970325 259192652
637148611 132127003 917459785
322330059 336441015 771015386
519762141 956315587 135382405
227444321 343829356 69449423
532010879 701528898 604324462
592705921 485282967 775272253
442174773 917349891 956070836
137979997 146033281 766245856
483652989 212804348 268928049
22750789 661703847 326708615
751859248 73252823 61612027
568673527 343411048 483773146
238485655 441668335 933936265
62106853 767806527 843363560
696498347 320638749 875700091
745241148 987680748 29045693
136754885 645213625 930620161
121424894 467964686 616918835
812901352 612537083 860501094
11783789 236486036 763871202
244150385 988626369 794482438
26807523 894974668 816220658
796141123 333855896 809218606
75492985 845392191 391666612
320886812 630398835 75490212
121958497 359939610 599236882
466710746 163169 722364385
294233394 556354973 243431505
451808904 711937212 509135712
258969163 398167097 57252902
127843687 551625161 21302078
167000882 944403661 751092129
570729742 118227981 117439147
456489957 370895085 572638125
473582079 780006416 429981688
625161966 679251986 592832014
442719755 899514180 906778600
417775872 912273668 473300165
486216263 480069363 663489977
156438383 550925758 902197977
763651141 312303892 203221073
414589690 77330384 412129605
879529977 163459469 550348764
802401602 255003578 711865046
597958722 764337964 903658501
842490045 313168810 840895099
356115126 149890353 792783493
375279403 903963179 727399572
57317253 406715726 153904813
488406373 454650981 556461649
86795205 625790004 590932540
399938834 210488961 351047343
473051135 340523475 54875213
764049942 220912816 739457332
370574852 102492182 194054076
516056377 892975707 925560353
752144754 997225830 750666645
954805154 81136426 447947322
699684567 843734449 429497404
186940337 442574708 193162753
910199877 69659798 142473400
760656466 974835446 344469972
861656992 547937551 738377845
244432227 415655085 182489993
212602587 216583398 990307763
127784067 554777061 817970389
61918150 926890 614873408
327401352 783677937 483422280
549082837 290001790 674142934
121728784 139192871 96082677
395072704 645432631 245464078
885447935 743854976 481534911
54925474 368636225 595274740
89272203 77299979 765019812
897564965 748271588 573010182
792182726 136618618 441353918
53251588 298684016 833702078
915008816 368496124 68595859
78379438 826098416 175473517
970505985 160917038 865951974
314737404 710118351 984492886
902493642 614440934 234679303
825388396 737584944 765640501
236735017 672769584 816782068
242962463 654054088 564287088
246805484 72330857 269081914
689640943 31015562 620102501
567313138 8371735 324197546
898952364 769393575 591995005
102112814 331769723 62798644
468409428 1692251 525133694
178089581 664611899 538261095
871506517 449775040 203929028
914003379 978829740 980172386
995813988 378992818 778540858
199611440 103214484 11527060
540897560 434086185 442047486
621487098 699919855 878558309
815248713 153089353 463126829
82476329 134794587 49586443
911684749 430302537 906248779
673490388 971248755 694842105
196355505 412720535 55836531
156766534 848031669 888406169
678456124 538936794 729356419
376128021 592810220 47494699
300316490 678577510 494890574
358405032 662995759 277790513
83692902 126703968 117381932
587658140 747070186 730755191
718321212 619471763 947172435
887899814 717895636 641790174
170196241 462359670 495180877
945619553 653139845 632674724
672874537 789917118 227779214
909307585 178668046 766002240
780169176 243465120 716534429
101000309 448117599 432629069
901156798 899618774 909018693
124341595 119034679 155851709
810369992 889278604 287419618
746553044 45752693 490998051
407953965 390945480 396253735
523318383 637132954 712986530
439972198 365315293 831089864
590800803 381559073 756462731
362417262 133473870 159369626
845603627 212493134 655468964
899090966 597137170 236014927
696547441 345837882 419988042
926775513 631484648 159605085
206707716 586557416 476094348
544858558 294006585 42576159
801088929 21985006 161485358
583200626 795243943 358234237
485300346 585753353 555485239
404946802 698808401 147437980
974651069 436349695 233662960
795894062 497267453 277381963
186534696 858536985 343190247
630055709 982578662 387016944
826601694 724191078 27334904
325383806 942811351 429801764
585959664 645414896 576280598
137877897 983410077 366763625
740619824 817913432 658602551
107610613 777130158 762137278
667977017 110825236 156541321
975728707 898054453 754950753
600643080 229946429 695495583
355236932 911653245 371736308
251542510 772505813 565339997
561804410 747617360 167360447
837521856 991858645 536705281
872350542 762853791 257175525
861770074 946709655 500639619
193677698 415064615 587023476
630718919 766250288 851128164
616402285 224257889 871080637
888249434 457750951 550883580
198589738 120791282 950746203
558292407 198130300 475753192
765415080 425089121 543380038
120415718 514243669 395764425
905017337 2286379 154807209
187048722 291937161 729394466
505628865 242029388 121466786
922779126 907754843 34072887
844859862 941712849 243673467
268988351 171949665 502961275
862129426 379094147 931671102
408016872 415438884 438340020
330156539 545890316 175901133
921350124 184818088 927011436
534336036 465431256 451946902
221523714 464996396 34770461
708752802 358003362 636702191
97865629 212014921 890744728
4817088 653334064 196273857
755156085 915725222 402716080
935756849 303948574 25278382
288884595 947464538 133577030
450839042 155732720 409164756
383709883 17643124 239757891
526032131 116093568 504762560
540447265 238435233 457807213
780553125 789503888 864876381
855719933 559025645 225038416
69097851 166709238 611437144
778149668 965549700 576969405
733923647 624003505 863337847
201510948 500932748 406639791
888443852 236379659 170627226
831725596 761363775 659228447
636079744 698855493 84033837
756204248 460475653 95420289
78070360 603691803 739762706
420747992 756430071 904609542
633468580 796363678 333872102
258059651 746163573 35243206
325584393 206908637 354214548
840751547 462915936 370044384
888581337 614470964 994509709
657434757 626637873 895485305
792938768 452166934 733121898
525249709 567991370 444451964
261782305 122965222 807386476
142500722 483205266 38139179
392801113 961516621 167746763
785147222 112133773 698917508
709925104 677979091 737623150
350301605 803291129 792690788
601375346 98265866 244605603
685933096 90476128 618755681
638210269 196560532 979052562
738294727 479035399 508433026
585366484 856845587 687163196
921604013 829973598 844433980
540143516 278603515 261252252
159580057 408173421 57903001
930976263 697561164 943305973
166809810 370675452 25913973
252496166 911517412 773493238
68411179 703192510 266708208
200134540 984780409 537767240
942022803 699147019 95624153
141570904 876621135 186448031
71977309 606687504 329336423
827213209 367027482 797470475
48743640 196114681 247042577
548483298 385647086 99679040
191409871 874192044 489788584
901630661 71287580 800397653
718631842 955656842 305238705
813796628 469854922 976452886
36072740 346430615 926209213
399301388 753635400 165538802
643568198 732587184 575675209
336174719 760241949 212713980
358637913 132134508 779775966
332241596 453374406 627151594
81825534 94788302 98410952
424463738 602341068 378892248
162000983 389945853 809627852
759083231 934999052 944183729
982501228 381133148 153712314
728527225 627506435 603498397
683986959 143650820 108266545
439937391 139775587 509114556
607268143 645877787 765480077
363385387 554009842 1675018
337545377 729622949 931302643
586150119 376855833 573859003
73872927 392966260 338520090
812305763 225503335 610338234
461653098 650489798 249984413
684762703 828299923 686819610
277185597 22873780 708154641
784466278 389970175 819211101
932291939 664497415 541162961
29896325 781085463 748973936
817081996 38650140 332750788
974460142 853311834 530182448
14930400 434118535 182578188
599838625 750489139 483133140
836010062 600075175 623761617
95815661 144869885 724231697
48950868 782576012 254549386
11827842 148813659 766424605
665298176 952513830 918413523
958965783 880377346 987041566
147547040 411208872 326943866
410456109 402328665 675812143
839271917 716457092 116930981
433452793 349208007 778776113
623652643 959521187 653027904
327254827 449384900 797911014
114992519 353703598 640269146
674063532 541408330 595367584
581666017 405962956 602596322
71944445 787942996 591809467
622421343 681187022 920208014
328689742 126282249 656402125
997026306 608902155 659768913
433328235 524233624 180449819
816875295 384316458 822725714
750617553 622064707 44671749
750045428 738376246 721097959
374382080 811441272 218521842
622320939 19176272 40967101
277382298 578451426 373119878
243322775 486118581 211014746
654092861 984928373 443999718
345335143 211612183 296960119
426633944 281651497 279256516
2661192 822571673 549278115
948424934 608215571 553289135
657492094 42718567 811738244
846961051 953578179 5470251
502020006 652694050 436278060
324854507 644569272 671133311
516589863 956479786 85031675
262981143 304630010 885306712
991282292 726203619 861612887
471043661 264828400 520138499
307801444 570302454 524486085
440720710 861281597 814545474
101989174 338399638 725712456
850373785 246443277 205996889
533945676 509912424 890581173
137506946 396916619 715634143
382470434 912262928 417725008
409118900 406656226 57616250
321962818 649867155 147647027
22270046 535695039 723785968
186553659 6071094 309099108
57010869 651536494 931950213
942285078 176061824 284381628
805067551 459990215 142491804
61884779 806176579 345767304
796618300 694869304 572858040
746036486 257886203 280625493
250850499 166268041 804743057
745147285 462271175 511402630
771697594 285239365 818041666
219169055 254020500 961639202
43021473 993846334 450286318
562303848 357716954 481996178
585618776 643141582 811053832
38874987 538148044 916658981
362462955 345603638 335480038
891099769 935226185 852252225
145709347 668785064 408854478
915176438 431421297 367554613
526222171 551040685 650117808
913763885 614133687 798796978
421856285 689114691 717248306
247983489 119580547 639222212
49908298 88296506 90118244
538640630 371743765 500672915
754185991 70397587 988965384
650392729 987969947 24306743
526479404 715176446 411592356
275652875 831207103 716452586
858699041 442953809 456557263
999845302 638616249 862359645
818829996 395408594 690300158
8861738 216860490 376425304
426370991 645094909 104957550
279908837 634903533 528438336
224400807 503735030 136736687
451121771 293284215 95842339
394781492 551867924 204471386
877841805 247571625 160410758
8110163 645153680 517065301
764901397 282094251 770092121
136576099 155653779 220888121
641902199 15997023 507178451
126299801 900251057 452505371
494642152 812038878 546844870
487840858 246151805 471352841
644913012 229260624 996009136
473196496 234460346 855782154
77306642 909927711 955543498
513748253 286225497 49580734
72139542 715217406 607072244
175799385 704613114 730415219
644881717 534806494 266516282
37441490 632086285 581700077
10933208 195915779 503823754
47528171 307181455 287323395
246387510 473861384 310074478
85143950 72630423 908196623
160211822 584400509 942926414
507641164 854967879 844752794
987777321 407030493 233517660
955768152 400269975 51242132
767029693 600737338 166858143
652554455 680992584 944306776
317741053 484160750 999352684
921177299 233269962 952736214
46680397 562526613 816606192
509072035 898198303 471888683
849419590 421625666 430691685
901778666 684793164 895594169
531597051 182345754 297120708
119909579 441778484 354694152
124095530 861954695 665367349
616124275 536366114 578852969
974015776 533904619 271474634
44687248 554261835 582175462
602982298 721453160 63907236
300474839 844769345 778020883
54327 397505953 726878813
184344106 329090319 311167194
69665380 533950549 95786112
479389494 49483002 951229451
392530758 797871077 654907291
605968779 89413845 249851305
653844291 787816271 557089787
323677264 228642795 698027129
423814676 87770358 220673645
81808233 494458979 837000750
586129705 561504799 89799844
642108478 563003854 159339290
838109880 155502314 694570531
304483084 12756948 535497125
603478277 396918233 297341629
445406414 121561910 46033059
558399923 534339088 612765208
703119660 958857085 921596015
140155605 586741081 172554891
409930941 748290492 783348746
60671185 284435405 389863472
429896726 49530055 59150619
181217720 705385894 601913888
334941259 661230284 476639787
677127085 575956628 598616902
820955065 882126817 97175964
697117150 97064923 61222059
337094472 481178774 699238947
529062118 807401601 294905019
413099364 949430395 987133291
319959915 19894028 477364696
533035870 872414024 707493331
586272786 22230970 493528437
86750115 191865092 815528922
745217206 302796626 816140680
265629154 913705926 700410273
786206056 324779056 696786494
359716434 914040514 520434041
731953950 416673270 981470611
493958250 220929434 807568585
887984820 184435299 102555650
785005009 961138974 495755664
32279551 111647108 671172094
345743776 510991303 314527976
883719788 415438419 536370668
555303064 122172909 464203908
754022190 626138293 771897034
415404032 371760071 961824278
456632252 754005095 438960357
182921470 833612269 552495327
270108022 297760942 863482688
883143925 272784229 477987865
199509333 291428819 573794765
568507572 976549593 24198090
924534085 580855222 596058116
41513910 636925214 131549123
883307197 525248798 355425260
472761825 557578419 644794972
354891855 775669804 819005676
823571937 165558818 451837762
825688741 715271767 283771731
322912696 63828258 977562379
168329578 340219748 650251105
317306881 779461271 351448437
252644817 663282539 672049165
134143282 361573326 844254943
827183238 404147582 269513440
970025473 73646301 301317263
517751302 730744513 264242171
153014644 623630067 210823052
693683454 297625132 12468770
571288465 762768409 79994902
787038832 666320765 254289901
197137909 149143355 599919177
673027443 105089320 87502827
15334084 111266680 373628183
673291830 721346682 174055164
322107041 676101241 556074097
661142727 618373732 517777440
826213504 949432622 924868652
747558602 998200214 104532314
725075595 410078906 101948077
868310536 676265857 953806140
9036100 801049431 405376688
588277067 29667659 29848363
282120979 145585315 646203876
241977280 995919589 711919552
49368870 953279362 19212236
782459423 893913322 113796549
990498903 972897463 759911220
629182042 72657781 891245136
287855129 648935727 382758107
618674776 816059518 983833904
384265456 290112362 136764175
124340489 849738417 377796711
23176688 498915586 41320740
788729274 667970347 995452251
197682585 618817587 454330299
509221639 582567680 651971665
11059786 805792417 878104632
215191867 489804547 882193218
950693765 549992006 581099042
413120758 195842506 876128326
987832673 763747297 332998828
160534614 435042717 619169260
312193914 487425106 511843618
684659282 68533341 376196312
529477308 838281228 274099059
278599695 177506317 552313548
532261945 590907712 780870536
840512859 507837594 257577695
305648570 233118023 100293218
191798932 676184790 436295940
162902900 803111671 841906117
822726800 129232731 690693370
212399450 189248203 769730700
413937543 957164985 982192221
726141921 88951704 150011982
14260797 971956201 483296778
27409655 966093311 802904387
843429419 324156801 98467470
882950289 336440504 996583435
612528423 13321986 495957370
505622065 406933515 762177594
121227334 933288069 591249556
774321232 508088322 833761454
13786674 528903525 114251685
530040043 740808506 8111054
657908798 915904389 869027149
890763939 586540474 711587441
987552593 218930846 893436275
941838438 503956515 342405392
310148939 909158792 957573308
523209965 111942953 378011781
672815216 136683217 199806582
437787731 643661707 855061560
34970692 831641368 869823372
254141960 91602831 397407075
841952518 181610800 714880865
583352927 966431570 621066187
891405447 635455785 864016317
745116194 428102787 925380149
293802468 15450553 655368493
961823000 851858968 715496805
36736006 770392543 408264587
793597702 928475429 979664751
556894708 683671851 280820871
827714986 514994499 197533064
296038395 631786454 932083936
436652288 613326759 396077270
896173453 156385606 123745007
214215449 514226432 615234234
19610220 614816079 500698166
761944693 60516078 28733774
832331460 227003735 586254871
267855064 496488208 408667138
759691424 619052563 76010689
908369042 428504780 142366426
296416357 979923878 728995084
376332646 762266654 628368945
803547383 897632632 18156155
635085887 445708678 314278678
77852752 782476216 504680259
626100266 813741784 740630018
463816303 948851525 630908710
564603993 169752344 936053930
182112159 193622062 948861283
592801177 542687391 680419710
997811241 156172948 368955338
33126087 514380918 895973711
40482117 728304270 433648933
188722591 399456537 71670876
458321827 349420230 501737272
696837675 51370950 302610698
859406008 647862462 693813662
320863441 737321421 331343454
363176761 989848191 556451052
391141717 18133682 816711843
791488282 924531509 548722896
584299594 431438893 888583520
741830263 923639035 3375002
623405616 721804792 515203656
15103958 410726351 885093817
321643580 511195740 8027243
389471879 236134413 798014635
358683728 827708420 191371999
856616304 197321234 877863171
930957670 975920165 95972424
57330812 29706932 755321564
579702007 26604092 898660955
4829588 38216533 954741290
11843038 53244011 128376020
930270020 150276057 450636168
711447444 589225228 724382559
924729449 931321155 928187111
524676838 36760257 641990262
184442929 101989384 569752071
701941137 153696798 548808820
411767753 951492149 272257124
140499116 109834859 262718374
25239978 719270894 619426373
566591498 577945216 701226377
722916124 473782684 797981443
910108875 434400409 523469291
707182141 124666656 607240812
861856868 508475824 956195353
422688753 694897339 936833045
806195117 678271550 616983652
928410128 847135139 857968651
52291843 767725089 18638196
627515145 921683902 736271917
232402539 791071249 933435314
551356398 421458150 617609154
278687776 516118788 481305408
446862654 458682220 884888244
165814361 820590689 20698270
884244573 812202007 381260681
836230828 857076420 520365766
649087026 568994846 46281568
477431165 49269348 418877934
946788956 96921160 159621913
761871117 523049420 229611905
917869405 717324460 109297253
496704918 749886763 339880188
837663327 803207423 960792482
170475222 219691713 193890897
639796460 316224643 930020157
200903204 384467767 932729840
387244229 786413113 254996596
799363435 856827773 447458252
28694421 322315416 738081598
497793253 680902123 633055193
749704151 734155767 108787863
650556229 938477596 769883791
804642738 742520577 146912858
221300844 760926300 412448722
806562302 848331706 379449836
999525217 258367057 277130315
883290792 642941764 971858998
145873784 408535461 949783276
491117602 414296202 865600025
369033173 936068566 711364511
183301668 432041238 626108952
536902155 137625189 399641914
637931522 959885717 994780499
935439937 684904946 859085265
931571049 172636985 340320364
793870783 758860821 414059564
784197935 991796006 190925023
193534035 830940945 463857229
218043787 571387459 58114893
687500736 184764218 568476799
289051404 143548542 792000023
849387190 586492534 483972844
813362467 829968404 251735951
547618228 272611764 929273002
934720286 141791358 620201728
649043978 688299437 303737530
841355890 819694563 40674489
617589949 28515462 833847181
407555227 94812168 548559354
69216872 896988036 787022336
486119495 417574997 996496524
377420830 465537322 469523679
407561380 314634230 703202007
826436257 452455306 215120245
841480069 305586698 931439917
406419363 957762584 755604219
621048525 300405079 545279039
16676419 285101125 7516954
990863506 620240514 785877106
724036932 611725814 588337970
363423509 551920334 201528471
255838144 768256111 780052195
102856430 460580476 675168062
266340588 439948531 677535200
547969829 41606784 437830402
898862704 798082244 55550860
497134961 303569725 731416399
540379683 750159126 819386152
634445937 639800582 774283544
620581929 732736297 637383541
748050791 583124328 475497456
333559819 480413235 871597849
243132998 899273479 878163124
426989552 331125759 730267213
749650459 249947457 84069045
460157062 534553913 531396209
711433094 709664446 302776148
407505905 896290857 271360316
456384228 110542239 767631822
613126338 410736641 824662342
636387641 441436704 152673861
767796065 28781948 135481695
164627253 418776100 598372987
62721912 359661191 278843587
212875333 102076417 327584690
355398499 37039347 864698696
676609850 636789144 555888512
106553679 646309419 40780163
10400026 306147814 772292290
946131671 720775886 566851167
631523271 980727540 105081087
289601597 867667554 285951936
925195739 182844161 948104221
134977767 305090978 68448739
78920470 415663272 459213036
836526200 20916806 193702387
389768200 734647302 812364902
515250644 673743006 836259126
524488807 339167620 860206501
749428166 957598988 650896853
974344200 557626027 860757330
210136877 930571021 221824690
108241847 665549795 587005965
963868480 214414723 250947238
138124742 921620717 393793641
316418955 199128230 814139925
940457348 416357113 955047032
916487171 157721837 59441729
665373041 156033830 824605827
635337000 351067816 41707481
428932824 156947759 721852973
502647281 595335156 990623282
848546731 956913243 339371048
204906972 128220592 293396097
506094715 517356309 370365128
586878209 368618856 726830081
382510945 672582447 117622173
245472878 449897250 577836360
783382090 725110456 616054501
688677713 423459958 744112066
927967229 994277588 710988781
935264485 608509134 385487303
944370042 144724177 99290294
720066650 939886226 22204692
955300723 814658411 823672929
506667446 258923526 420791261
403551084 514302149 822542983
315279691 548330771 336985219
690021416 640785628 562084662
242043635 669377473 37537187
898450253 625467005 890803189
850530738 148385114 845880421
968212354 82062498 23093939
736693987 733675411 178764125
560956395 281491670 74405842
878623380 173214301 971579686
150509751 162833823 834129192
731878779 985752085 633324647
713995111 425927628 313450437
578874515 127916983 667130721
229338183 113196810 14305535
420877248 260457707 176716439
705548655 440445472 287265425
148541667 5831475 644467243
583897652 333450681 411140710
473551813 418887696 372151031
960811870 843700841 754207850
870871887 586032520 516242787
157435232 76400543 867537222
263138535 514489067 838120950
733821396 724713356 134955779
614021083 432064726 959685316
760712045 661113159 253081110
144953198 82894728 378918575
98698601 158994336 114701912
55467968 14939407 547878877
447539464 578437492 783370753
444832677 110206346 595282076
724127771 603056262 609896415
825804230 190080445 452604913
262621602 34352744 589760135
134127794 931937936 826083026
939219278 25696899 778399774
692179573 264767095 315973115
157509821 900016586 673986196
369760059 906601246 178944566
159045381 895084662 762219006
941594015 411265969 470180699
844806636 740531155 802839588
778883556 132233780 167341192
742142957 92769517 330824404
338177187 773039786 684654271
15391548 708012121 104470591
680197449 637260851 507746292
323596899 187462534 775989042
680721275 615495396 316743308
459653990 575523482 934344487
435648659 698661390 36106277
830954286 683310135 542449673
823234291 262542911 731371302
433843494 671127774 160713644
94610115 637470039 279471322
295697964 272297071 463808691
993466906 22860159 485166809
320636049 381555875 859799374
817132208 12011589 129646913
331938653 696940720 917418964
217780413 382478391 816329326
816571909 882459811 481466559
25793126 614346972 467069230
953038801 190829320 247531742
878513411 866966122 806823277
680577775 615370703 865356358
627437999 792982201 760812286
879992489 483194604 478475850
868047670 585766203 11216468
952316794 76452132 489633262
9396561 894984069 39599869
779437417 838305748 5339859
681052330 310181495 320276914
942066565 116188369 594266782
761391102 72789017 5005339
152295926 777147571 80669632
716919062 228837563 440898149
966963649 700032572 679049929
672323317 730304483 34322809
472806954 467230423 274784777
51278587 255243325 886029346
833332569 371901799 306901801
287112315 498445967 165994617
116019011 370129604 816443445
245164652 652802035 967620061
355668072 143387805 121598333
377516389 620379808 61569951
925668554 995653065 247525728
975004381 513739150 881262849
941260336 35450162 364328907
998973267 290696963 792833427
466006680 601442639 646484980
594298624 125490899 478483146
568512781 147666786 366354540
990150608 116338071 669218116
356265610 592468731 11272477
340928858 818395169 489388315
335120580 248837640 739217263
686759978 3801049 558677126
876546663 484836308 67720715
463823754 432017968 90322739
881165708 974726149 774121395
896307523 928901232 271163226
910839307 800946010 914683596
218508661 493271679 530001308
783880147 34823642 598357290
522184354 129104246 240680207
775377287 205414006 453201679
632316818 524806306 381988049
366323310 951422597 734085919
426508501 984956856 63259843
552533207 96852258 753535677
152437627 352923674 348073796
402177812 114486742 735471629
998358906 388155324 220267607
135085735 205590286 446606215
973826264 985750878 251490047
195470145 783836348 301648145
345122944 298065460 770077187
865950275 281323382 405881439
15026793 549418297 844498188
188746329 221645304 548062484
106708951 894217354 247800109
744881002 792290615 244804624
466830295 487638831 233921839
493871894 299687433 375779975
719352301 496665985 453524960
108160958 451220631 766321787
954325317 699667135 395307474
741002396 223977669 251623339
27885533 903609642 764238618
687803240 455197628 667343604
873010567 938650918 28572439
316588058 36365827 769491742
178646839 298582527 210823865
133933775 875637060 255727995
946067013 26983174 298834497
240379322 583613713 448352749
793229691 228210904 503598343
23921508 130747374 365648940
635036109 554598841 369473744
182101922 152472894 78245696
522865832 221991358 490144495
293632099 11154766 668749189
478929688 612629163 310186578
752852985 658719235 551782459
938966410 182747959 648661518
638924357 685507945 940728545
592480321 945269146 824482672
30629353 745488632 452437976
667221757 23532644 78440152
605182340 717393492 754179839
124114110 2140147 547957648
381820168 828974853 683025272
570770315 548537436 151838181
234748302 142032035 490518714
329627521 574934946 988068409
17232526 742685822 989355721
764133019 671890590 239207713
204377303 361535748 959030323
564279732 991344230 982609339
694811136 179055293 358080450
376286932 689627995 173146234
438726725 111715323 853416603
922635969 931311826 234269380
176912579 932279832 33938278
538018887 446424399 756111447
500558663 248727644 3766705
893350138 622662465 993911841
500258502 674263181 894419492
249422765 537544724 444727165
640352337 944955750 313851618
778466762 878952986 539197699
137621836 660453498 876301150
634416133 381476778 275093199
806534486 444659152 175402213
80184631 839659261 355929208
501351022 752194506 702384409
82587014 974970257 641278184
770755470 22515742 439692707
354986689 368643070 101603223
226466072 26886037 596406770
983026858 379638341 401437856
545134514 331261680 533537469
227004603 224349298 682669092
393448232 154659756 28367598
255909401 217228071 948365238
45970362 646134066 685828895
868500856 952889277 420702980
729449677 701854510 956535191
313783785 238471772 580530686
698696037 924271913 812525126
343315315 182120918 671429334
308332644 29346020 250343197
893445810 972667654 106344820
938312541 852943248 73692444
650200648 401374084 831979201
962785072 95723911 972697353
730105055 573632938 545408573
316267511 163447960 237344361
257732182 592969080 388412059
109190838 802802065 630897348
989198390 757226863 867631887
284946007 999816837 965733866
354073405 945362795 138444714
158100898 925867030 749410141
711526852 17818311 75105299
229771419 704268738 934521841
116063844 808022076 515117491
186813375 878867818 588389629
226473033 750528252 591205835
877095820 832205106 919483001
965010280 316948471 102918542
584974825 142705102 795475316
418378657 893803377 274158563
687567875 61499175 256984835
873357135 485200490 443406999
882786732 846479292 573078803
337769052 67424994 760671026
555582836 88545242 879284136
201072202 884933134 129862640
523578789 808715922 714166665
705386162 795231707 896406726
581327304 541869833 127385993
587233596 162459396 930165060
632021109 942686609 243399557
632632255 90264194 964549792
601398705 249408789 757290469
787036665 813951572 348297902
308910905 904113590 721688393
68561862 70813503 528977499
786745076 80715945 421583262
712049414 623105350 733890375
924807335 447944213 951353648
284312254 538220060 758051223
496607367 110197874 712970337
727422212 234944295 388341295
190304340 127876546 217359221
878176638 717665124 865776402
513684545 710302685 96836197
588324379 642849818 422847328
563455682 249569766 751955448
675512253 794408015 912143007
775430466 793777322 670361790
770061098 153408896 369546386
101376131 974541191 126029246
22467847 805643796 839132493
322774660 507943094 970902008
886125440 374323179 132071813
724808440 400519450 765981942
200297763 627788759 769803468
26521683 794649604 665529572
875311568 294409735 481238379
38067945 827351653 583783969
715545643 134450576 450499359
334443979 833620696 678199968
861307518 116124547 833697538
702651154 331173902 793264627
793032126 719837530 733816094
711473514 128113269 731042667
765801032 136093684 345889405
971092374 179711220 483943901
107044745 823265491 24623315
685117317 43376331 532528124
621747946 951946163 767843673
15335300 288310192 189289938
783666192 387289084 9314274
941287034 827800972 190862880
992024428 278957775 698105440
360770100 661481387 612466788
922713865 348096549 305370629
531050541 68501872 663739088
153608625 16451816 459571492
745980910 537010363 799607888
681078234 568703367 646051095
980298360 819798560 305120041
864580264 230287452 161845102
320105579 768397243 157559230
54760866 680808900 404947261
382694787 157737570 30907193
407402555 914478020 475328920
375804619 120336663 334933298
680541909 553802646 479194978
213698183 743681739 415393200
36849370 828423302 122448461
853119673 915018798 639385716
652198220 80495100 896445279
617820944 397343759 706976819
721750188 659094173 967080201
862050910 682814645 131842117
492007520 165747035 828211651
142504449 790997984 848009898
426945359 252842169 695976621
125435036 868924020 349540889
886411845 516745049 553413950
202548511 154814760 471693953
299177365 659115300 388245745
576856279 22028771 824293073
801629960 33893864 500842901
184548953 778114058 400680274
110407934 894186376 997301678
239799275 941927479 62525668
400565068 407518369 423745204
985191715 773798222 794037179
842677594 68971155 294625561
449934224 946237655 6919859
127894650 377230082 577241866
284467770 258260305 908104278
98126103 934321060 167675119
826631627 303346977 773383535
866841796 550083216 869809264
352618345 738579270 438197480
83939566 88522083 66502501
354847993 979540961 783509060
685034723 536261136 245592588
930958756 827140102 331092046
258283968 729133505 846726695
848301139 803874203 995628857
50221789 330547446 272167475
115937970 273709611 469279686
534339258 257041748 268599301
355827370 635444248 271160379
491753685 186087434 814657993
765992813 313668255 194153936
487384910 564827544 761887914
457806494 731599516 579591515
229869321 487118720 373405917
411887210 301176577 698904547
160022542 582785244 812576201
605732970 878348245 243368360
826892247 489800415 655062729
204006800 907610942 913583408
436744080 714730932 564484282
343883910 64518649 477444695
802271383 89607733 104336037
307754566 510130405 30093779
437417784 915342803 444444653
264204189 272694744 276282640
229299235 243397586 396905656
941513255 260794503 150045865
760949861 22931173 65604892
339946083 46648283 831555233
536191164 847917932 342866463
427661273 839516563 781027402
25960746 803364766 645759715
366932818 950057308 67508146
871869631 97230040 308621909
707935984 63424706 945261555
329196048 331820038 138027947
580139922 25688774 823135482
288315567 207034958 688435798
11676573 626016470 920899600
875293043 367471249 62190806
186974979 612675187 505405004
506549883 312464228 369309065
555280028 929836377 474404787
228806328 757036093 763039315
518048248 609975482 776363874
346035535 675555104 950263859
547140223 283305914 921165965
221173778 743452840 804211495
557538730 289661061 171911946
847690202 330053504 360564457
388462403 113575120 735784481
94294614 692766509 929958313
134817539 194633541 972618571
272359556 240846044 602743686
18974033 149760142 519322776
613054191 423006982 39311269
13826292 904291631 1144553
639449231 520751945 5743959
694078746 10603725 572776893
183903202 884724573 643301671
493636119 176187628 834208925
596125936 660878755 794712626
88146738 124365622 193921363
132484085 708563985 551463726
853811315 592145207 71611882
799116179 342793143 378329389
345598478 132702265 775154791
729325614 104376787 195527890
635255903 386134590 680524220
546908595 889954299 806913025
43525667 959366067 784758242
11228564 505704317 558086380
768370746 206338113 592687000
295652240 292402506 525621675
301591959 785265462 163737386
163686314 497210020 747570128
210334890 374296311 289307764
456654160 460213129 247842219
685336125 456938648 722468381
858739700 32192592 387812691
208629482 964057391 21377765
607652218 322443290 269789218
811737026 253590460 178712381
878817884 367969385 653447972
573420926 234676442 870940501
332024688 327458353 146976501
404680399 890635700 758813658
95933571 958950855 924180484
566065361 859501885 393256790
760503674 227342760 881476219
573297119 146717079 990479698
343942982 942582320 889988465
615290539 26700033 810292942
304368867 625357687 874271519
942271412 170446980 21068314
183709790 59937995 17494697
632239386 802997607 986783500
95678125 561202892 934062842
304627348 956512065 311264943
824562421 175351692 861757885
445333628 955616206 263469667
961125630 394554097 443675387
983679511 197747783 450231621
438918750 166846516 714001022
73663162 653151352 306358153
828450501 617858363 7310395
936346248 605818511 409942501
747488727 860342633 150935778
280434549 170178915 634963549
923119010 355467906 680349040
545884218 255846360 177077148
644132015 629845637 487191459
714196074 178878219 385887864
539367289 232890448 343232884
828599614 784547406 575294884
136542444 317758713 532635406
723071154 285828941 564442258
332263772 445463207 346676297
718144679 747837522 160392877
657520532 455782584 682734808
429312012 710031822 583348151
832677821 845932803 286229974
604562505 39218347 14965121
167774046 725974103 820761763
282510841 78694605 981333164
840016074 23271483 410412284
762947959 511748494 405801428
772185079 529229758 380278238
67871202 212303652 568967067
869014260 728297672 349964409
590630728 420700883 869074534
279220215 213678023 547311025
865020819 330415886 641573905
710633449 506917240 695564595
556650444 672792303 322129008
980208202 660583868 435724033
732464595 391875626 577907594
512775503 344292593 345551271
542944477 769749207 827267313
576767755 520663353 181986919
575332631 113624914 808799504
249742140 376936471 311934692
315743680 779583136 626881922
348513528 664023298 146284093
934718023 387617124 405839312
259149214 126724962 554940379
182994127 364911718 123440055
824859183 694874158 281396445
651088831 317134340 845195043
185250668 229610582 662563211
532588556 742675866 301863697
294725653 812322637 869650642
239466041 769389034 507543314
108915971 126652510 597650643
475853585 917802509 63413562
5496661 659146185 479443342
91512421 279741360 6453764
284072582 76797326 54949466
176080105 142698896 894813262
566318460 126429434 486092989
519029810 928364300 8881417
204594434 604776010 301060044
718807044 260874390 249225738
968117438 416248603 754706356
968450626 424208916 560251700
696428000 24377759 589314997
746012436 826823115 774036883
340938176 475697729 158376472
769546651 696216830 306035374
57897539 798731984 197613650
471190503 934907643 165876909
862584944 107497151 328132715
290314220 138389232 798314066
46816963 30336532 319839701
174183493 226863296 419875448
908321387 871080703 862828831
364763116 816582372 90753335
405739599 507196480 702463240
638599491 13548768 129356573
613156734 933154686 345143305
550175070 189081050 574509678
171881714 512156715 214359024
864720100 375677782 236433014
625263302 903152794 667873192
83707638 897996996 3282003
19295940 247463528 249989585
469902704 662251668 274975379
842107830 267059917 736986783
618106257 604897790 414846287
705073569 902919134 826135697
386320855 814432373 462169214
949953881 406200143 743398300
688765384 567345109 503256888
501909512 165092802 977461692
532733889 304976328 679534818
939256539 509322320 600156972
47960507 601596545 488790553
222112362 193327662 215906866
705458227 525210825 153961106
621083228 89478933 976748525
975304598 79486391 66513909
877359419 663679509 377490964
966716482 474310279 286223247
358975474 374763093 357615667
976372796 286547174 993987947
68741692 869690423 318046713
747146213 22590466 118029224
111064976 418785482 768055555
544417428 180016382 576330552
971414270 945145574 367215940
196695634 933028218 341038139
119615976 182105239 441644537
926723478 291364152 195194807
304764123 817683022 130234482
163107372 310695544 55155515
795222895 702145941 736176134
4511565 885998856 396675328
446416094 736326140 809454611
237553055 79205046 421148337
438798834 61297101 611201731
815079090 238687714 248176090
605881700 788443562 21248143
180104433 68329606 527505516
873001587 735221141 988383792
14955461 548199132 351303889
576262205 716859586 740634252
16187586 876085096 793110448
556440790 79480981 566547309
984300469 718416824 580073582
885480284 812969963 901104610
971916832 585069245 860373060
197577139 23747110 778456477
988936964 94173591 448476856
302760318 347234528 169492847
280258486 629683711 916515471
857704764 479202004 342639069
16018958 378233262 287607955
751513642 450511908 649644212
304630463 687905179 508728916
876842964 174412895 545259263
372976588 55239619 327515081
45059393 880557857 777973773
192853577 566625171 861881021
507063171 356287223 789946033
447018811 942256188 155507639
64412713 274491193 386334093
112404170 668548516 617775397
665421299 765638794 758894371
724334904 671262688 153100546
180057258 236363822 775560095
797070304 594632921 694810743
552108077 953827664 489722709
73017680 318936770 749166862
725636573 483805899 652675118
951514596 397668784 463348791
183171357 734287555 343123720
530734643 15241872 112078513
891005828 735422212 482427396
704402315 863123800 46473985
776436134 689324290 862911190
179419827 622326747 462048253
246940871 166948351 814746318
964965309 523247801 272488244
919486510 571889119 439466132
26335011 687482119 293292142
546517353 27790124 669665423
41351939 579381435 813734431
871431196 794666125 755449605
424635186 306510108 960056411
918718926 75681070 539789284
251695338 251358333 10495105
545401215 888209266 668887420
95180111 691171417 411949565
418088084 331039746 542206761
854570861 972131260 185282100
371223420 2473077 825139058
505663003 250021870 471845076
885240777 900266221 193744273
105619514 438680695 645089786
79534388 42425745 344484649
2122355 912351518 653129162
294165148 758817640 571226847
432863979 62863 381840643
618675680 756740166 161169566
577031910 825819765 3699814
817306530 682014604 881543456
532198729 397147295 970733006
507714211 352360796 379368564
996849170 430544952 545194269
27317066 541737025 912009471
636449692 47925340 676068970
47296300 575625299 298482538
562057852 911599638 369177586
49265770 404102103 109853676
158406970 295469262 147693958
896526613 68361544 496665644
935021124 20917141 64135710
56529489 467982505 620255279
444676027 407440721 449282684
690845359 350800353 828424417
285579456 149555434 463402018
578620518 676947477 122605091
34316077 723221270 791514161
964852188 202670293 404190712
459079513 773570836 928571363
667320362 819132909 841109839
729295284 360406339 972303385
71047940 348548137 233252613
650662109 216181590 422072441
738577554 328276560 167709787
472970764 572659482 680935989
387001247 627792559 842776838
927593087 453919214 186439718
790002971 625198612 443128418
16790553 541446790 690531059
589872796 517812535 670008230
872496492 498529741 213186542
253949947 367445677 923030925
778932298 501806862 470320137
35051749 134398109 800181108
603868556 429814863 938483706
794756033 648415128 610721522
696033559 666747743 517536128
398522229 829815025 376609168
486380393 311971227 311011412
599798645 579533000 489395004
135658072 379339117 869709575
298862004 79089462 713124610
500043837 634451439 632759509
180215082 694618371 767091740
7085910 48762824 853780656
663369833 380710635 713484425
877415734 617754953 325836692
428797360 144902190 292663250
323814628 137391400 445292196
931771411 334240695 253551866
812667925 337547553 807762979
194363738 823966962 612916645
253060230 107800099 591974392
719687551 916072973 526132941
327142215 633052865 67536394
264894179 726184324 538920583
889087462 610393719 748884534
161162684 911840703 791564742
643853166 67004905 260155999
958123548 654123932 259077391
865781581 27408240 680311094
772742572 698213007 537534377
450990259 354258077 539863049
56193319 174617109 230993157
646171599 587781396 400077486
472652328 594823785 710617453
981475573 531818916 392231902
964988332 222098963 204521780
920250253 931164942 932881509
605736577 14119181 806582151
43252233 95026585 645755474
1761380 302825209 909229712
983314132 408096328 539036994
889243635 193580079 543997030
408769564 42124967 435689241
715442948 422771797 641565092
130724288 335282640 329521753
442639621 279291574 772289944
730582300 631303797 522188275
690836739 719528808 846692983
447118113 760539871 686226025
349362634 108344541 851673179
245611439 298279769 539058242
262203636 162206628 485945467
555897267 32528305 763945115
98541717 167037232 438807195
471762353 787458334 583034887
635063164 870996205 749298029
728544120 730919229 943024045
536162001 303317083 623454405
287098406 560315718 302791537
855730826 207729951 410642685
822264304 244088742 333598521
267468344 560214818 863362477
303261472 355421902 230403539
380596513 712740778 614826809
836517109 907518369 688745061
772241067 117051965 690797455
191244011 2319720 685582394
657616108 458541789 448607318
402279775 630920691 564143848
262881154 477769910 75408415
430035482 156577556 514696172
385964578 331868755 92717633
545385194 162387185 426347488
751470628 811184717 221185963
116598191 223580126 105031630
955619615 420920865 615308180
407222331 825413914 169303976
135500472 751078325 258301740
298334016 806392056 861726780
431507467 926241695 1392242
681976891 195082844 818075621
553098391 134568290 797052821
425830691 148641660 180724767
876501859 468289196 305182573
508783495 674103322 321786059
621310742 943317414 298362077
479742663 782832616 951248155
985502043 832884022 505366636
516890860 669224292 119530485
916291866 543860638 975877483
288516264 115829803 403165934
159793675 79392300 750547017
624214700 285482401 123682505
158452957 517449291 791441482
613110242 423000077 383087744
253897073 978363827 225622479
775149551 113391421 776672197
454059984 396686165 88068726
440761150 366717115 707345985
314452697 344398482 236499067
754010457 885124610 268438686
650594028 560187162 816380743
903276392 109913052 468614641
488642155 888756113 459021338
24329538 815942705 828143912
969395566 263608369 632238224
250566690 841342268 490124147
393351308 317499993 842005599
785079454 83614714 889202064
679848338 953567975 76579235
93436224 663663745 236743487
744948504 986358771 638645701
485122187 882703985 798681766
73699578 970521481 874637783
759285982 709851403 573842648
832509378 302303016 599500535
684917497 539321711 60269815
955235961 3909607 149510990
960424690 841404261 657374319
949457030 681502898 27121362
878694439 39234480 411211471
436098722 804372446 365699317
940755311 642739486 601104824
882762788 137239164 357040280
254085598 345974971 511023503
550777081 718072398 500997314
121884020 304922259 710311802
902683612 972409412 463474856
530668358 208929820 301486390
836285969 534224881 856217953
456868989 562542187 631730219
176774801 746371112 315801331
174862519 909782512 416749000
287551492 428895685 335144788
74949563 8983352 238107602
131070059 649896162 901078473
444212751 496187196 208015086
753952661 524028984 996080217
808182137 652133928 793954617
366658112 972318547 78220371
948175396 920103599 455067250
306699685 238573835 718757056
213076088 484207354 95612430
64809274 178182095 340821233
264496857 430351942 94210807
506961993 223411190 621581580
471893270 561873940 911172306
275983940 195754756 695249652
353459519 851557677 81360937
879225416 781879636 529051172
292060914 805787124 569989636
644331445 841962884 29133959
24426363 588992185 869432548
855312669 828653004 402592917
601195372 376645118 732643638
506146335 155538427 790871482
835895175 700109178 873206928
836770768 772482240 316125983
542206904 578850274 911505657
970516813 115596570 677449610
952341075 595107494 579800981
296533115 262671613 619344429
134314958 171932506 96012451
738068023 442924443 175164250
171421242 54722649 863640310
328818932 287783329 504805710
648971883 433838782 767586542
940025902 78437054 275964387
653502692 421579763 502396481
633327303 199136456 625796162
279271107 168943811 306747809
321454896 650154960 95731228
341858879 281136140 105565162
292175820 435069573 287014818
601754649 777624160 780937313
821535358 338116664 108139954
244945610 822869499 248817347
108050723 167551079 470299858
479993698 182886600 879258733
851110724 365572912 502647027
588727686 443823808 407186081
403261793 248576179 866930961
731012747 362772159 894643412
872190 879961428 129236156
478028037 905191435 914546111
303863543 336405168 346193605
838889611 98789369 713961526
930328980 154481676 212733902
394648527 651998730 673616892
705267713 929991998 449532752
443193940 651419113 46449031
771716843 558069701 635233763
536227530 957560984 683023606
61206476 423704461 963218546
552937783 606277888 509222566
154715065 970864870 155729572
258410743 538935187 897348402
889366366 520426756 773234627
925579512 463984112 100229795
309939375 650169284 390383069
88677767 330973457 813368558
195556003 376335037 857195188
381330546 765475258 204083854
583986526 459955491 194247260
212761297 672881131 597858986
600723499 462062951 30469438
950403457 239397309 256580493
882226789 723997492 463192925
375498590 784780974 466075312
185859508 569825991 802153939
509227620 907039973 732272860
542422844 270161853 205525709
310713895 24614780 494538690
909752349 106563024 399012469
991104377 254519217 453765706
989882071 594649958 336236734
975201611 301479428 205692836
81338327 890779418 527865017
81654913 975130473 52139496
367400433 605333220 273106637
396060330 267386925 771909425
789699144 279368064 426261957
697054319 241581288 908782110
493826177 282571708 302433707
559005610 574324930 233783120
631176231 497584954 484266031
497889790 416483068 978320627
610434414 704780959 100613315
968438096 405619543 167709290
662908228 129070789 650056779
390305691 546746062 525546719
391469610 253268671 314919572
735042817 789732013 282687351
522793428 69751490 466326808
77470073 172387486 404781926
467356120 624610286 844605139
662764179 728817616 162055031
231281028 92111404 126055072
802166328 643041277 100623613
953040355 984586194 991324238
586017098 627294156 951107715
594811666 196233728 137074381
81676539 870230031 360365963
978214648 565990848 210306227
31541729 445269545 49845650
387003071 979682638 597559882
242197094 441181023 138351784
410695515 364155419 341491819
135842960 221059360 278420962
779021273 235682657 80924041
319765364 628109815 633443830
978844662 930556505 344189881
55381310 539031737 646380855
539469605 292029091 443447188
745279292 856091912 355148171
915393703 582473782 616955199
422611977 343981130 367253869
839327835 598408953 161650756
322398945 671935027 513928233
727336087 536338570 712635877
982482297 205438523 599485951
456483400 845872782 851731983
257659637 667527743 253196407
40518207 417148178 203474058
314132814 604432270 108105959
119825204 686412695 396525660
44322947 75677235 880711901
682975779 280809017 996556058
417783221 124770565 666052553
700848562 557459009 60094223
551826501 888145815 189727108
763214833 621457927 670556770
402103163 349115850 800394109
148176787 677886265 950180456
726258284 593472944 775159797
357481471 40041732 993715038
948250234 643684440 639221827
276755568 398999551 331464091
356372030 827689445 590646866
424857096 25230592 17048214
713219820 105083916 994121200
707193109 297421045 931095031
250979763 762304421 133011378
789542411 22745300 839805229
381094167 849116701 295854704
227608922 230161304 642400405
918290363 132956496 744417310
644521287 2689418 657315031
537119493 370049088 714335353
382776059 307231320 847519867
932773039 839097247 472325362
974511768 399320601 980598971
636421207 541244681 24964822
894314144 1307989 510188514
830800670 97461887 450858753
664800386 251001376 120586838
16013143 54240659 331270643
156039183 435585210 588470141
812432995 190042431 629189868
787661037 224585024 676112079
656651804 517478330 27284556
725066587 322046083 515473596
508496835 119685298 20837050
624522698 162615894 482341705
638090988 758981663 952617281
877377911 211508781 48370692
271358804 582939132 231266050
755725882 202897644 50341378
533559107 511219851 379772090
99468383 179798093 722465635
865343804 102987601 423791393
303733530 269681193 619767715
327560236 737848864 62888803
917037736 959954508 489086704
546703464 142494202 717953027
810287755 702664938 887091014
743616757 756849177 207159230
294950076 443746692 541843770
184788240 399423527 672620769
164749057 873360715 455742629
548463399 342850255 533179395
693042473 553358998 127857533
766201244 628619161 35577119
328131640 347960124 793627896
511151315 382354747 863947767
776304546 31994903 402363013
21255896 49209826 896363519
251391421 69796531 535960167
456209001 531587478 515641655
859759556 840706601 241314894
234486014 210569626 564407396
960183135 686507958 614243311
943608321 408443196 639499024
415426542 128603938 672991466
364669655 630418717 627550262
154936910 171930827 756300114
171588783 121662410 621052725
703120336 922037250 72942998
290002723 209480318 930462088
416295067 739503100 450876303
757717669 603428295 966101682
447030702 201628736 301661526
112540152 747205617 745297055
789260800 2046216 989859455
703394476 107826441 665036817
617680721 857764448 992671504
35927074 308752598 761511194
