48 1851 318
123050230 546742912 376443279
375402239 866136203 372327573
980920087 831469807 184324929
205217758 530810033 497123095
74008025 119677895 177104237
92901829 612264085 825117178
510931559 690003809 892136978
743917344 412478470 378265849
592876318 50862045 836768126
966125273 116287158 471527359
273932164 251074640 158298643
412335408 100141752 921680513
31181620 492556287 170587597
602333957 659859599 494554260
974087888 246211091 139843385
373614702 11053906 404134493
724505065 711153498 723681503
738510283 867055878 985104858
519748988 576119567 292670391
733496976 516444706 532244729
309024054 457801816 509507335
485054565 367095400 91354690
703557813 129315485 785964842
567461295 137707574 536391744
318656774 665003736 704085088
891230272 165089795 444022099
175131821 650571159 636882936
912225639 462821687 991182223
289920707 994192195 964452196
232953726 5301401 66634287
271620998 973442327 672579872
8937093 320952070 749270428
187086653 240734808 846685157
722270658 914580838 375264118
179407050 672555217 75504870
528595378 497594294 807257206
308446141 207133483 318059763
482977554 806928434 782661961
639939674 178997021 740105210
991454383 270717052 808710680
339596696 753022785 749399851
926147799 83547547 852619522
802081663 178681246 791043081
726457793 370929617 614679022
353068699 291757491 284097939
25699950 684772934 831642960
661559519 361005525 349509302
630052113 770727279 610616629
531117086 560723822 859294390
352993001 427919245 767839422
884499255 621548886 708253030
862412545 384751580 683750988
68619462 846131050 230238067
214273013 283783179 580233122
88835599 355157806 407145537
373136446 985108684 22609197
96209513 748525936 880325643
203854597 690552742 299103724
103991642 874982106 643754693
975684373 197785832 739500186
405469663 618525376 157010830
804050845 454013008 591381747
285953431 265244911 425552808
386364470 841172130 362222142
826184770 910695682 805246274
574499109 748816798 297007717
737123338 179747485 594803389
746924540 475246987 653200916
244469503 170127744 913362007
777028466 608645751 193566144
11951886 891835205 408603413
76864276 428255661 486511620
101808055 700469298 592221949
668699357 216521603 156101593
440183919 727450103 810135357
377788988 969413899 978798068
380910014 580696193 826536863
768372618 413755341 327345942
499633467 197068888 248710760
981667200 245196847 60236042
468293551 995689 591625965
426171988 35230871 847497356
701056072 465904492 557442173
48531234 986154977 644606554
275694384 817251993 92946604
580882522 798920371 874147666
278308471 11929907 872064376
431531219 956072141 37567025
478954918 101865663 77734302
694369323 496135219 690910589
406891688 554179819 254530060
41093569 682220841 133827121
524813340 554619058 531579469
861232953 546805872 538133745
996564942 931753856 104973811
817258362 294270251 424114307
178969019 514680005 792823555
924382481 597170802 520975054
503495365 205338259 811362064
406518856 575131707 252999094
344459365 367438142 287325342
835788378 341492105 728027623
681537965 810822006 692709695
243550725 486250075 699157566
156522486 227382158 266118266
683780207 742335952 497052102
789826745 132977436 629160726
581017366 168475922 385214947
746263341 53485016 827999326
871297344 720242164 924766043
342203142 248216381 724575490
512699835 757742140 633021934
101071916 995237519 536985255
686126667 515198768 577187349
144315308 755598340 764783429
818199787 808337621 992164468
795569153 822681690 277265229
61284383 261907579 394269733
761784276 283765168 156364932
947813504 703694124 727275626
131868981 897485534 809887608
379640688 157306488 653118298
380475205 971788633 425219920
995233892 145649872 200383921
920379034 403740114 141297352
218098316 154982287 527063045
495857404 704548517 56919393
327622251 253946967 159667594
869000215 532597568 281277160
517229316 901192160 121358314
46946924 193034985 299877051
703467454 348372357 453821040
615527890 62109950 503759713
821170443 688219217 995515020
224070627 277867583 331454506
2084050 609183544 690592272
236860804 518405588 345784512
956444510 32692566 485475664
687624813 394787504 7354854
900724237 466218305 739109602
348119514 932053042 845201928
938653828 689246739 387628528
656438104 97286475 872366154
629121622 886433220 113059516
780503268 426554851 607804828
760089198 257938750 677718000
602631472 799541308 5618468
168675020 23657240 201255362
37286902 252703898 22475489
530462894 625168385 175773501
957838192 206042440 543939624
677756094 514930605 261171227
498922299 157724011 201868829
491538629 710441559 524705213
53871985 769750542 924162325
719867361 189185905 776011772
907469394 885060504 148406336
307894941 903889900 666139895
205872779 738797837 528894527
712809904 440365615 128921516
598685587 76016513 293753797
61444732 753946339 746472413
545767465 748434837 894176407
857446318 366923271 127313622
528007207 655265683 275004112
253151568 990677566 442348826
790253986 307402156 772353451
806207953 42257987 529422742
645759088 981019629 491477423
223409457 461216953 471870961
102532684 420052555 89023204
335576813 61302838 289604502
789617762 239047922 553437789
215014663 529753874 605660285
946932903 622825365 781276051
136475656 330756274 301652198
730169377 65516410 544933369
233494179 570954165 882453801
850689285 808690048 820542671
726100478 551488786 132666127
519837854 467066827 997899820
422809609 788315544 71209643
587029687 46471580 200415377
193915826 381134026 589321224
580303167 973682455 345963683
422134089 866976665 929033998
472540035 168820608 368202651
905106769 826321536 4973670
364066314 864019910 456958935
329672002 726794990 548413561
185748989 175511549 186594774
767832655 383705305 300767388
835732337 945394807 226407692
958508876 766972972 238442483
454119879 193927758 784647778
764949627 731843206 99122864
486264039 801892671 293473026
602461030 536160897 319549682
291250606 660973978 260448397
785361972 773836660 88797550
844621845 617207670 465947738
714520565 358300381 217256570
28760092 994729128 2349869
594493196 675889587 494058430
740608574 761007423 902598268
471556431 934842454 944203987
415405875 833748425 451813272
271759774 202396145 653731544
269542629 844361785 192220766
371768987 311859149 918461742
548298609 608989445 240677653
599983503 524344327 865084953
514872355 352356496 131788982
541619228 888307844 835281690
649728597 883681408 615708542
944951724 719072390 653044148
935331068 342833202 565497344
890381007 301798765 110015594
817871228 883477811 946108455
648747784 350231738 518285391
356201974 962566391 669046801
882003329 976635868 270391986
936408070 136469731 596792086
874843682 467086895 630243298
315061839 113940658 978397219
279403883 889170143 694379859
435551724 210771338 457057831
825233727 753712102 943029870
277582604 253649656 542407680
753904036 406636928 756121302
972602967 656684113 502754298
712397895 455772679 668654306
308883974 496142820 767122992
445452842 691990194 831405193
621033798 583602470 38749760
555909298 878319035 558112214
333515042 744295127 33521774
219110701 971472022 520621007
435776398 863118394 37970109
538685198 625229895 563352982
450538439 378996182 494865028
542869020 184801242 136451394
405251842 447099165 423763540
380849410 942794014 87572160
502717215 123252173 992125764
660507066 716171901 822092747
753911510 79017243 202511536
512403628 726294127 507517873
207099731 666237270 260831723
683563060 826427587 118147821
244184613 579346899 116642845
368012976 822645389 456845060
293411634 182422250 442197136
449141067 106698270 861214881
414385177 928394827 661633071
166830520 436763002 559702627
899639639 439116440 311885256
428881728 25793526 118773172
167435933 27097059 604256476
482429656 267573908 246325784
892057623 651684114 201179627
423825137 198195223 32632818
358486539 639099828 864690601
949361315 752007576 653973495
968378015 980218984 57916748
920540995 982167723 433413650
431607842 337503524 954481080
406802310 69086268 25789564
258011745 973279897 186164747
683928864 869180020 757228848
57059371 701898104 878950927
673612647 20950179 11414037
334266795 335593582 249121920
771111927 441417936 911269088
401468767 847570003 57646780
427683826 351123102 513573885
375031169 313419181 884800322
762493535 944305975 902201017
866291147 791436613 800477046
742731788 919169878 627673806
904662795 716010918 495507308
668464721 963948787 840445503
442503413 122546881 662608686
658169034 698224928 151669728
812683982 826734566 537234647
644699975 562457733 24775623
791139808 922422263 684881655
612222506 99306986 542832830
882758171 532504787 946754107
94258738 855726761 90068821
898648656 701335909 26068197
620721907 599257377 439790793
981336268 873634489 76992465
466208774 698879495 53439578
304511013 81321504 572268507
174962505 992176904 505839961
364349098 898060271 962152126
839057567 747295210 378804644
541903972 657172444 233268952
6938698 653109174 301587390
124102190 679142684 165499292
733809066 269898298 540864013
105261908 425301376 595689785
130108370 474267898 816452996
526175565 199770925 21703805
224319501 477181981 792721458
991159354 604054861 426377511
402294795 611257072 867860835
147609098 498694223 345791031
154608495 53548958 371961171
716672514 85086763 759951856
274778274 438371033 816833523
225913291 13582847 7844020
500612864 893994504 978025661
680275769 388554027 908915322
144518231 336188 349608705
41219642 197086311 98375523
882226625 137529827 373652761
951657789 795871681 586397446
22527409 272714930 700977919
262731472 954901356 150127069
9186928 851803693 700904619
23546479 942193408 741957354
319169548 854261110 796436361
231079245 985656617 164395236
544091759 335611056 505708034
503393586 487012023 728303010
137731400 512515502 182936250
256944270 619322809 190610046
115509941 375280871 895238328
777964364 83575205 882744457
814730338 484196538 707424725
652664017 651670342 904910292
489559489 540150112 875106298
442058251 882420003 779818328
579552478 705499257 154284247
690338589 706891709 925483146
501074651 311187255 352623505
853549209 276676079 148876190
682473105 109075856 59425097
168546253 29054501 555758332
686999194 251220193 67527402
361044810 391671286 75096552
49717255 366379495 312996505
661158535 390187181 215775213
505855772 219728548 39951932
680649033 847064424 608459762
655284355 859086287 877709128
263378440 890094847 427961090
375068589 419336264 867636396
865926949 239737908 244846132
636262270 288674388 551861435
25728905 71694250 556871404
255904543 306396198 849095739
857790910 488648456 566481985
356570057 28009529 38273898
365309219 136701624 62412737
487531582 560818330 711872431
445320768 575544457 856746237
802329608 241503768 388100402
238196324 257366810 166732646
439494013 300667041 525633979
69833802 295740235 34158243
526388406 840528483 646092518
173712523 924495487 141189863
178809154 809417269 80001426
454403142 573824851 74872838
406970974 60719526 56819514
150209827 674928306 103065101
286899665 717086672 591874567
193577102 122197451 610412748
403919966 537350177 804931147
515798544 872226045 241048956
963207700 510668148 933707769
80498266 320949754 267362609
849529767 736583778 386502680
251682869 808405264 3425403
250127784 400417017 631413632
341167577 625321060 443271541
259147745 193125446 494789042
527039129 91434108 115488525
354066660 236051788 614263111
669456102 973449379 743433932
961762734 604466969 428046339
554945199 143562287 282261073
115208738 256449278 671262569
748513390 930767865 401213879
684240555 946050219 291219052
481280261 915570559 148126890
175985958 623807338 576265135
974832028 710206714 148093568
233351844 731248167 271020402
629082011 781030742 408439209
372526014 797702358 387560534
475846043 430860694 234208473
984352989 517050338 514816052
806993536 490740354 276545746
195083431 19421946 158735560
661787087 79066658 23094447
530180862 39105971 526430037
352341487 801741793 988892844
631919309 764373796 912873705
99454969 18721862 251687940
396800429 832312182 11109176
366301188 976772022 652252760
884976106 414171729 751361153
83902772 212101018 934944174
795258066 565209768 353365330
320142292 711832833 496015222
967247734 606507709 461152634
616181824 491155779 176497856
482705201 841390372 371726220
775799333 582521231 386143868
895327231 374357760 367512816
646342139 717605116 248738108
18788067 282328201 738258062
312856185 622579780 660459912
7466185 562175211 175569291
344483776 274587412 26960489
100774795 285447117 128853270
546417985 172022075 878879380
357254982 833381622 427459189
913891730 700195544 687343020
806791036 374826368 208762815
887857935 26961078 211625179
427905558 20590106 341254093
386223996 57004207 690063443
27668764 162244053 651840502
294517375 317505581 399098905
696867209 201885626 501361814
450689146 965501090 84633247
67265481 123401599 502313607
658666825 887399140 734654764
853889922 140187291 751324240
759525359 978608304 829612702
408175623 184804567 264841240
369830472 856669169 668246584
9806438 972061477 762640336
798014996 615007097 21080071
998026785 393757884 687802269
722381817 718451069 239142149
74956593 348077451 759400847
851075201 72535760 494819240
117913064 849771515 619584938
483441148 497817582 830113069
694898644 883540513 448777768
325310019 629550267 388897165
371309651 49697641 818863907
773701618 767219442 334681917
107177258 483430829 796312721
415863949 93628924 720137531
614131126 903848342 877516573
430246495 509497699 875460474
970093871 348765947 568237833
76383045 792539582 536883332
444128222 737159114 212311714
509867729 582576397 597134700
233960766 729166065 893880091
289376817 45697588 590204774
254095135 431902015 18231299
885779870 70400091 180136104
600446215 852398669 480756535
468590161 735187815 216088478
160172722 894011687 429504843
614056744 45001132 952359548
761611829 488374301 130138443
356871149 731428414 715981036
246551745 19170118 171595656
395938104 165199837 845429087
375960545 378204400 500070231
195849889 685883202 68023859
965323498 290936751 43161618
181641810 744062132 69369696
460788397 272548208 659789941
741191638 707611606 570970678
845234548 395703903 136143451
818380779 892916937 331482145
491848481 758633003 126427537
272119634 929845950 643180648
409594178 625328312 971407844
291398760 559271855 879068290
129698213 471380658 65974385
592708608 459463085 520037181
651757799 749392827 430449947
298040093 895627122 465043971
632934527 126511335 965531768
516930765 788823602 618033845
396554072 768969776 38676602
401024141 11856202 626387303
45649019 339671393 197887344
165244703 148639451 481762168
716060740 816002100 665758289
168028158 535489090 713790745
199383509 246693292 427135559
329118656 882737932 378322644
986492840 984701847 168672316
274736769 713238816 584035701
785830873 378696923 805342886
719408354 165232434 121129431
29401431 250022486 393558524
781998192 347545633 831579861
772584779 102039125 701266815
972838879 886807555 244288396
457782945 895345264 209056584
362415134 792997140 681553801
686012972 881574885 786242304
585631155 493342831 42721820
421879670 183645091 993870424
257189281 109132310 691281581
911105709 623825202 320984612
781928962 675201899 963378673
768807237 757659590 462817891
854151400 439649207 581454179
563992343 635612078 62525021
759892293 43776142 209624512
460647805 914632484 497429778
354123494 703594674 200925479
408164093 225934854 67537333
493563530 932190353 653668820
448111207 872442633 973676932
207081610 287600700 757602429
443183500 227288477 779874984
938722655 551636954 837975911
949737698 525133000 268354956
247100291 964674028 832818605
606735465 290008549 656982697
909781403 957080115 952551751
867335521 322340269 785835402
812591377 625654190 310393563
810593648 629289806 701794343
39556781 454887104 350040520
201733506 282592829 157965375
479299173 515914160 759263086
235031040 738012624 681938303
239099704 651230807 994990613
804496568 847324767 50234531
199412790 821262670 998272883
222760567 276840453 385697072
182595648 630392736 410844676
347701708 864930348 531390655
504380348 227012955 553723745
973285360 348352540 456078026
575051963 813227181 342003881
328461172 176894898 294408530
336474528 185912330 771943949
423582065 866060862 722704318
489176089 210504097 370551497
14110480 922461075 895500749
604921895 71557215 86220921
764701859 752423660 23208634
523965660 94343046 579917568
610092210 650800962 30147411
915390594 289170902 484111904
968581427 384764038 835997664
841547217 873290218 253630009
187947088 280183474 566592283
662937736 616962809 718061524
919423060 694886719 916806752
720964269 698750791 794642983
813232740 928083382 34015263
901278410 944403073 741673687
324685301 272461812 106495970
622130503 780893150 916733143
685035874 878048947 654723134
730573232 214608000 642215836
916484341 438322937 46436341
437846212 724586681 212341577
24860027 884142723 328876185
41285556 677479670 839812347
62984649 637993274 474595131
289811527 281300533 797018697
86418451 200917257 111598821
278759671 246004793 78089620
815334081 90681654 332319963
94690012 484540134 99300057
935274954 335119945 894123936
90523441 493972782 483265999
818609153 640252366 784460758
736639423 495790745 34487350
369883601 775468761 255962680
605557501 932888208 803315506
939779279 215285845 441799010
782173717 414918742 818198860
817762379 710768335 559193724
723292397 571515061 317174335
179042186 176030501 10112583
516181455 794431096 645811630
587029508 683494947 456757793
661053891 218915385 440189851
923856108 987844604 185226277
821284237 818710762 503141483
771413090 180632201 872883106
579964508 561033903 115459596
130258945 989502998 250076701
369519901 496881646 635974544
573154276 901001278 130787812
224997418 850825591 66333799
468735618 912796353 75131739
982240713 442258414 527721914
727378338 377169789 570335075
97869763 31049527 692669832
452504397 831441538 455180366
314915451 70964980 910626490
774168651 251221 815199083
166840533 946208983 48603253
143028529 468489658 994762286
919216705 961010494 837791880
835159633 277170281 887043094
114098228 246487220 462796812
438634245 250002712 7036448
8862974 780443785 134989330
565720716 100533916 914845796
153902756 627545914 143400557
972132933 548357056 546924370
989919337 603871836 591753783
736664722 525188313 683899395
574145643 762929778 875270239
469519770 103253905 340377071
470885569 482797975 689329417
152010378 252267981 588061545
423466155 279579737 588471512
4418921 396610415 654374694
852831527 169537572 10558361
282530483 518503688 235080621
793739762 3655100 508868152
261435208 70798334 928284154
228895614 10362262 950704327
683874000 626825752 32364296
213343351 98895850 472405300
364506060 755576813 809999878
798129786 106956093 218356249
706528020 230725291 997919679
160846124 558528973 599187664
744459730 353919201 129750430
212733796 703372769 905101448
179512626 578007403 123230609
757275688 498168692 903014656
940612744 859531071 514346697
595296226 695344086 32678034
998735153 243921438 304796778
817571082 66567288 462824889
483033212 954779159 629806885
492740607 229628117 153045454
549684370 658595456 401683764
629622568 289502288 146225096
35775931 725623042 437658993
643123269 563615190 309813067
260170650 831669384 315079970
926358926 222966237 726785910
490015152 874522780 975217234
828347445 386641757 710072227
571717859 806836843 310911832
578637016 888422210 880778217
513064957 154499282 698146887
276179229 389066134 518917341
380615187 801561502 478500925
577362267 67847443 181040687
63016240 233416888 538071208
826488137 232511534 119930553
457142719 795457376 891718361
588820124 88759599 77749767
747915073 496905617 286702716
597921795 960883371 578638555
965641382 902515992 450465902
649596148 394258212 314722053
304839019 423561882 577458433
994317831 213034972 321991750
784168931 7891566 865854097
131502478 543455723 974970346
850436039 944941896 846790372
433656725 149815529 524180394
752369752 642260005 64564538
441880576 380459005 742678388
131468848 698987262 353922595
397413333 974083692 752393422
439528704 502972898 343594773
296034197 888211950 851269808
773869058 444096564 97234303
12184125 343054966 174140227
294659800 518294440 691472244
337984286 31879530 710404284
746163421 4363336 658310088
692207643 904732651 118618773
823982446 383132319 642514398
457037477 699182022 13432110
789518715 571727842 398996487
389706806 892465629 281148250
668561583 663043574 996403534
829391928 234131614 391856819
487679268 799564490 76564582
409350 61808263 732167263
380239055 657655547 42306798
796679356 189839203 495544691
680486619 227875176 341049303
729561633 153494313 775711211
985293627 897290013 281991548
866927943 435375358 84824844
605174402 583297402 529172753
162158513 522714102 390557651
653027063 760789736 90200012
179827822 966518728 521689620
7010329 104093268 805079320
564210650 867452069 649238361
441900637 281234408 475819655
164041660 427334904 376702921
321567926 958093102 402849486
332433643 418685565 678346037
459047617 516460074 81640632
229236895 152801942 987970754
996107751 386933882 134319684
674685718 183246231 873821316
475876898 662286075 170302530
151043681 886569237 128733611
154234253 18867412 722384809
235218914 510869154 113493110
339613085 281684359 482096285
25698534 444976260 360003658
67451971 328836436 106148945
157315190 213068920 754108198
333143141 742066128 347756693
434672497 607114080 274378771
925239375 776599740 364534273
846542564 555208715 304065508
428874380 429565733 196853154
360731701 228931913 628700750
746227494 409435388 716287040
825562555 377019007 752884169
887552471 454538872 84223170
141403785 238160298 338856292
536935234 269371525 283559252
838627215 864025501 162793848
472758929 935981523 435846303
762085042 223215340 809994671
311250259 762122947 20071027
777740456 429900378 177362006
297319896 961071774 993986822
147647476 433488938 451573777
878320888 461719362 16771830
229788874 247402393 970579810
215966488 57074094 731462687
289763948 189677941 187686510
507602582 292688389 600051203
464905743 598770890 62192764
82422210 217923540 735670961
598089374 184688543 232310665
557943753 840922737 113915759
716925522 319992436 492911217
609860624 688647407 101013844
24211174 621633553 474699003
963170212 902298840 778002608
587764131 896979263 689275495
454980823 48854665 259877483
529283556 906810430 296134219
957866622 998839747 259788827
402772900 358717558 215410201
2663676 31891913 269818976
982627862 775186928 567059833
271398972 160247415 253183939
202471344 29840333 328481575
960466301 999650699 333693367
745160054 768928342 726091256
263578732 455131179 552337060
997714251 542262525 466930602
851676265 856196220 64595754
860369077 665391858 646516547
346698376 11453905 74774604
441545166 167948838 770061936
298016047 716693291 173773354
245181895 445242437 155566844
939851044 365915463 536207531
248479452 372954171 80426753
356726125 219971172 51343687
106286966 617217426 115735270
577260027 383839377 640352431
704980411 841055858 320230925
133717291 469211219 384121451
123643196 17913707 315169371
769490039 228897223 772571265
837165003 129918364 240214874
905601450 509793794 22017614
13245874 279991499 576772549
717015550 330367245 659144657
158078744 462939965 849342928
104038453 597795048 685095209
536355109 51541264 243634999
76761619 125684683 410118276
241354772 345227866 842868199
533664890 61519836 775536227
765111535 763802992 502170623
732871549 161543844 327063999
755437120 347910571 894111444
437666774 772622681 488138429
865631902 555753228 597728210
388573423 969081380 457490393
753452675 309811718 442279508
513829972 911585983 176852148
831230892 346074321 711812198
64515758 595276361 839563337
386370879 434615766 995973207
342503103 531397833 140610422
371879022 999265429 190897323
847570589 581799879 287679719
371978053 835518042 718863238
412197573 121517714 900130787
744008306 757880412 626169384
498430887 413014743 683641576
580774893 243778737 609311872
478002042 149748458 752373194
780465085 237908418 891834989
479055115 189588269 107312662
847177400 450300482 24375438
869429639 640661727 321431084
68932287 617115394 969255824
279429433 749356222 671297654
700025 490601767 43066301
768445826 454237773 239849638
253941310 692813622 553968663
926474077 638218637 333898356
920106086 661363632 910050330
181849698 919345446 74990547
104834135 125367751 837628823
376995934 799306388 383226030
955215352 461262373 273420785
543967799 455258744 586408059
608200052 862196727 907670605
351428446 129832509 581504844
450188940 393519182 540369714
425170872 831455304 853875967
629442918 571007938 298944664
288558302 241652580 891287223
626882283 222152745 133530034
235402019 365804416 732128456
389213809 288803931 653557016
663063282 785143606 839815532
601942364 148869411 671735996
366609295 248518393 762294336
718246784 927166400 134538838
15956844 303613347 222301972
939185182 203010294 377375139
880125328 442818589 717858719
863582734 841589689 906366896
6619043 979201414 944769301
492420063 701150440 165252113
841652062 405043970 985339449
329149723 889952891 734867613
373046441 524475649 181718763
858949285 793362752 657184046
772767931 555169227 762996895
935194498 592295306 341476618
751592784 637244386 17536406
548131236 235193701 673425140
120799707 858065156 162039483
39458630 278848686 780770537
405918287 254305405 351297676
126236870 376119478 804576417
11177599 865237282 642539392
202717088 9161269 108270508
272913774 544139909 399191575
944411794 569053580 278058962
146476876 861017748 788248309
966872487 256104558 217951817
813755401 198483518 130486974
896082697 580546234 970939084
56957284 190497476 106937955
159592041 611559552 636469364
148482641 137785490 577512830
605872822 887972769 889647699
598998941 308708151 307565790
322367613 247205448 498872578
456781995 12823262 660788949
484022301 214019028 757547509
584141569 835250988 478324746
983704173 224364864 869630321
531750549 370204748 471418022
717091391 976720707 184760186
408024488 156680620 57764733
859040348 414827666 355576790
118282592 662987875 675784423
551740099 286503791 756208784
672302866 669700840 718513050
572387142 816421666 705890350
545280135 648492099 363074826
43430321 54754543 847379220
626187203 657898044 131913734
147193000 78861392 600809154
115533562 653912743 360908212
44617552 256171446 280667166
651369853 289169680 930801270
967911328 227857968 10417204
649199643 45756779 520067485
244603903 372000451 967306285
902762794 933484199 352994127
311848635 189606910 513326214
486290356 888796269 97417609
373751176 712808470 628626158
3302502 861462568 651395619
133379961 941730249 115427889
137872768 324103689 329184
738163578 623048686 192488264
235231285 664405219 555880812
877345060 274858922 511235080
560621871 146205469 252829762
824502620 968366440 950867442
729658563 970782274 943627819
578144916 927182192 675332479
212907064 277955347 68831657
58750180 844697592 80261370
397326418 783622432 861548467
529695829 704352016 182299287
682398174 436976189 58730476
883300804 178429676 700966376
318105547 365644538 782655136
51241042 561763131 164521115
824780798 135401528 654904579
72478135 620967664 802049095
514689119 142082915 440208130
377555932 387524548 584245462
130348703 385139457 996745623
554331153 379175397 880509384
601319580 795972570 26677927
856335564 104778088 282164222
849003820 95568480 80263891
413464503 815836638 401744304
705924732 146376526 80549159
378077891 83014265 767955979
794869538 744391053 669342664
754366849 959122796 272341796
327824169 459060302 864673728
43021695 236355369 749796469
888950622 460237548 884284118
318981393 248285052 192992832
802272619 323122945 37682328
215986474 722740583 85419148
569773977 681754345 538466636
29098265 328959487 793258841
641892226 946761768 237574363
147884489 354437545 15226681
21428340 744882832 321940428
983269186 818521290 648456702
492574175 500355271 467102536
371199980 552412327 207510488
864966638 546712184 310587038
632724961 54789880 402298321
121443842 873389665 410796350
857815736 524172259 516949117
826576594 414631386 87744986
812763740 375731419 820589583
349878714 468423526 137909772
2674481 399829407 304995163
777961301 676124423 596999451
639824858 889827019 588006561
175797822 478745794 134808692
255704974 513466469 298138724
897984381 95149148 415093529
473502566 85601314 654323297
539875959 498848478 831901089
870824611 602340788 589649813
819230853 237724230 882502063
531066312 576505518 730476129
525796427 992980866 197887476
571192849 56293393 317634576
642355928 998085330 756335705
221214324 553192283 99211551
503945803 5085212 394159158
173707287 814978655 183609253
520296596 387050384 151207620
866287590 878594884 343980131
226435358 671540503 84302926
490564598 737819739 275347868
239244830 350325577 726134724
902883254 130255589 723241199
639694124 382905909 476117118
404852407 421645815 567776802
825205843 604186930 896060650
690618528 355046518 835799088
24755262 542038668 499613367
862510252 307188436 486011141
628285577 62819974 113938675
167438088 967312531 339405576
70570059 389695764 419913877
572231814 431893770 936253037
126076111 636075117 942677979
290454192 332832282 137445835
983006137 615332896 318581735
52696519 634545275 168539426
809756606 653446030 641315326
750397020 620603842 845419266
962814747 507257017 422285408
982180873 208057247 102486556
591042605 105558238 191702997
439906175 389950917 393989910
305385088 319586403 522258552
368946216 756384126 661826262
56025497 277666369 755559079
572237577 986026141 670733784
715907469 606565196 561774921
385647139 130623932 132266383
347156611 664776521 886807365
187378500 989537284 169599525
68285808 814065533 443766250
488897928 351371342 400759630
266175500 80938698 951506495
862648146 985098975 905531001
695271777 695935803 811042735
478973229 445171010 72285982
818432230 879332217 342637406
420668736 611404766 733582377
179961454 377809424 612130769
591928548 516248238 233149449
981878039 94711980 235316741
863865861 118696271 802132972
95662939 561905333 921827362
17029237 359325428 423930
147790660 894066219 746012558
108555314 605750920 895870657
360743384 644049325 654273961
559088310 259116894 999643624
73597082 359554818 240020301
808454017 323185977 678251982
466662504 228004729 187474561
945750996 60701281 913482017
894678568 831717248 21680641
428099481 294770400 933573704
854581147 837358141 573676209
927431093 187280299 917180636
796183440 495183633 962042128
869420789 473396471 422175609
159134227 843416023 745576025
326088563 334612894 169361870
50171457 507377642 617173666
589907419 859134260 398959664
306554995 570156578 488464781
520570134 533238659 338415943
154024095 489275171 742379435
193934383 60991055 853361932
810747431 928696158 710231856
704969987 822056324 593467104
435846858 782077915 371387214
919683503 172221648 182794923
495805530 84267737 898575226
861043370 799645188 444911535
955064079 141480679 671674301
331602585 230706686 714779240
964917943 299958653 700232283
294784248 230647243 274139781
778283487 244544591 303849416
506501569 960810410 562743161
743595607 298096013 895253616
50620457 2925772 128850941
945490480 223308322 606388510
127947263 588135534 732949581
791361249 545782768 570077036
397599347 374828225 994453233
728445876 174933900 375967144
148306031 475068069 203782149
585626179 152803604 586987058
625392353 963623910 899782754
53618452 659055578 150374908
108383197 675392629 125978999
66038142 570539973 981782936
956360640 703662283 898779076
411376133 383172491 644024330
550511442 519370362 287939766
976988641 969367776 241233205
721710990 472993332 872009433
239826357 401525609 15662245
225570585 906223013 272793592
175999709 244186912 655732049
831883764 789890496 849233498
812980286 817692165 938668004
90953716 707188974 175657961
348342090 70479344 190450789
182732268 447017794 756099200
284495109 993695291 64286853
51395340 578147406 187078519
626860487 572744349 184671100
975569567 693424535 949819538
534710094 786152046 514820617
163770622 931438148 518368798
283150226 872644347 393536961
652286031 692565425 362863259
840282816 633207915 114244354
900576408 415635135 424273125
781096109 167989762 722192482
205160382 91194831 33935695
580726719 956790489 954505335
406410177 658040911 555351493
781881331 669221443 373178786
89715399 109734881 523708281
224512246 540292387 976057858
551983367 928862660 162357652
561242008 964125588 57348065
290648938 824384146 119070389
217009686 477262989 829546371
896946102 797676225 876965655
103664832 997863094 397595156
564303785 658191523 65904670
607006593 439121700 233298867
853934348 117151560 980200776
233287623 616793308 204144215
291587375 997294794 914886564
510468926 972225444 285718942
126423761 86955911 464031597
747935742 428397760 401733091
862869472 880494319 973437188
22691651 855203111 448416795
278224835 511021645 784263944
367007523 245252135 434786728
90010047 174199227 751294077
2827617 39021922 751823258
13210002 476915392 825297182
998362841 748148064 92070964
171273770 702365207 891275682
913967959 967295742 439378596
747883268 54489318 294209011
484076506 88653324 266762356
779847002 680094329 30544759
817734286 149217743 408441255
887547181 972238605 489125112
293297187 217989333 926176882
902575391 277298 607094857
499593839 580255468 248397988
81556047 362386503 375665458
461304745 508751308 993926535
161427774 661414141 864930282
787508431 780670088 416366183
72056729 420047273 997427718
646016451 744332597 255548211
445155126 127052764 335663140
655511495 619752361 56348261
550823340 455424568 721485758
176782393 301261027 853924485
952896207 27019557 602519349
540601557 666128980 691337976
61415960 44326093 113588024
290776314 670480484 389015018
109884750 15773350 335301721
445198232 81776553 67782691
51288337 563805002 51171396
221947312 220177427 821414288
557095114 758138402 464716249
745879447 960194561 512041946
414440285 943584685 229712139
13376855 602237997 64038598
311722004 22599957 262021011
89646812 829106487 244230384
227668261 481356396 10501657
182226902 84375019 243044597
852422021 350180320 597403683
47088681 95015406 305605984
78730994 635087986 275553585
855007074 744044352 512983340
392028420 846759170 223705663
656936547 755304060 986733732
387920264 697143735 398787777
548171633 857039444 169681162
698836156 201834780 787229971
640871441 40210067 227264117
855456771 273367963 573379738
25510179 594482905 330445787
813213169 475072903 401257309
122032643 20520021 710673339
296344208 170782725 854505317
761266144 75341352 942951040
636268744 725884170 582380805
947482263 318295892 290147791
86982754 20175636 374435382
15963697 754048479 590379540
471210025 911920725 633868761
665824644 387417791 467519499
565643562 572584319 732678524
782348106 256321383 939698030
831683817 908077074 921599510
911234869 644347657 397733705
540823516 358327523 102546081
226764379 839709286 723676613
615389368 498044220 402810476
916142204 846979165 114399454
69545103 131554994 59799025
221748030 734071260 703602678
57507994 169750411 647601288
188139338 249876497 33808461
904875360 353102240 523698610
668774832 282174590 454681052
18244113 151736185 425494825
745975501 332643288 378410986
245337769 994464210 495144931
329299198 878875808 934552178
734372388 270162383 518253685
973553204 136000733 257529482
996876150 22717628 953261218
467960813 965754672 280334033
934667554 508229471 836431883
142737743 859676159 252723494
796338408 498061142 630330227
675835736 713524120 440210832
78274183 413532626 748272267
737209721 652205295 22217608
967506737 640419167 218936045
250405080 140194633 238969732
681023222 393445079 378635429
294541678 117121973 989429065
927211428 27794785 873820109
119308414 598968625 334562283
76756504 988747313 349108934
557561985 157072584 785536994
254551476 469213339 858932871
760686810 320844677 397590581
317924309 606900600 122964756
411040245 50307304 14231311
960746854 442137622 382305244
747940758 210754835 499347211
663912099 297761169 994837277
804865163 3335838 337851012
14097734 296920715 130958849
362226035 555633985 891788314
284029983 16486346 768807974
549641229 591951249 362359233
846783987 136634160 633606900
323572231 225201212 611830711
438551596 489022425 381438923
146149271 578112351 882499490
662646720 979651438 210114642
970095861 893301972 236231037
141097726 288087773 87742762
257552675 136934751 11177872
43565044 165924355 990279941
514254576 252812604 300702987
912851326 352525537 721162954
385382790 118477253 720464891
698672018 422957741 812313633
805626778 498515059 566842593
554788113 691451367 994231349
830152652 124327641 445650726
464240656 600487187 544823052
158929774 116631648 493901691
261832766 157437471 32089855
594272535 566693698 288204326
662833082 538590903 378974789
417032566 113280885 922451673
564678615 395647087 301852846
337782963 606221304 904520950
986472284 514968727 900759839
388216534 136236552 90829938
597787843 995871047 66566
888345887 843891564 386758006
950708562 742303328 958069995
107508190 366478251 93607821
994406238 906412434 448022104
847533153 140429747 1454916
460714600 614903729 512274879
664589450 203754696 485723915
350119327 604803193 486344171
23129305 961917979 682763572
671162952 730556052 998397021
268179935 270116093 929905727
118453702 220677385 311198564
315478956 455124646 599531220
218417730 279167696 193833385
953992348 216222372 612168560
669921368 277109190 556213862
479727427 131307866 400062360
419106717 624912938 779534319
639826892 742970671 317768814
757886583 553481807 422494220
982738578 837000551 750107313
866284828 863961835 557152848
220495040 391524793 421438056
928372763 943361125 909515930
18137591 970765924 171529169
286398699 593353041 994167964
789769036 754460544 369817610
974363244 415604123 715925271
598878216 916977799 839944677
709882582 874703542 63181365
321441450 116756823 355858755
968207609 16339901 853169142
383510912 253602773 181002407
32764977 515106277 564268464
591149249 894737339 786671742
902789188 523361984 311936691
362900967 109265134 44958938
525065606 762555290 197206410
958534892 465067547 958319426
439924965 608401737 639860841
608754127 157243917 830113091
580164628 546638729 392731161
682807940 225074030 219678221
152298408 926614340 197531563
653086351 6432203 624401950
445107357 622004673 369174669
28034376 513086042 430232243
206300543 50793719 946529020
57160046 437014391 756747261
889506618 906265103 526137413
302908248 943222635 637547834
124065697 552940145 585460344
690249962 968516962 555502202
402308579 516880970 208058565
846696219 84658498 315363352
258608759 113034820 392960494
496429749 406560428 992463384
705186024 706343571 926400641
474215967 287665350 280013696
438630746 921921804 786834841
442673515 446678982 901724287
933036561 921065025 708946281
922713977 524450808 821645471
297829784 637866530 476894911
59581053 190376579 113402331
694161694 250967871 177084586
85719649 820081927 82975959
257159002 483170880 654321779
944954155 271740953 311910736
744971562 143153079 117056592
984037796 190032564 845527565
252278854 947879238 418742372
940241811 416573477 409357699
392368902 961035551 215965565
527082692 496828318 632854139
266799746 398788987 43969316
554375287 869934030 830394787
955347983 289428613 99517993
691577755 975559534 82982910
405518053 230697110 102597407
475139185 705453714 721679959
225345279 605509994 550718320
129466795 167815178 789393658
690411367 544284670 678192897
19104829 445589415 727650455
361186062 40209374 549286444
290295227 960708281 842384417
367817008 80517534 887590942
138882328 872131469 584268542
704098180 542608166 827072022
283784142 628666268 473447483
404948397 994568768 101746243
979447745 877002595 218319818
184915254 118636650 380523889
941060460 781489320 879276138
253375520 503590597 990845763
424734736 590745870 623407435
124738462 513022868 823716676
88431565 858653858 381775755
950468755 175744893 66612888
559848000 577164276 87167896
585177456 732860885 83903102
423429380 473004293 783058595
891711390 586416176 971711645
81444262 703692048 543160111
155244193 878741599 200275167
96997353 138675499 715980750
266439655 458073496 27306080
133468762 978404275 458590857
506202127 432310356 260062959
313619984 127503093 582993161
280491398 452918144 237034715
166961696 256295925 89271492
205803102 310746660 482142126
453768648 286946008 134206957
733769401 974387680 978445504
484960090 488987639 701598466
265812663 88928709 746273370
453248348 198765010 362412774
34872829 653245399 399741871
554546421 645235245 317868225
525420073 755652219 670387050
46324911 697838973 324508922
63430251 6931741 729112434
537429477 484290130 477622685
891015379 993237741 417442970
696035131 773449781 312545400
381413248 35424002 163076500
627615395 969770394 29356893
661236327 108200934 711209143
288680356 789266677 389901555
634266987 125873851 306620914
463001183 547030197 169540023
52484141 158860469 244916931
479114579 959568692 240262018
230551730 425098300 153252096
405878414 964263543 725424944
592784580 994156681 930134432
975906933 362927082 488367479
729644705 177554265 883540398
645716180 691723936 821023199
271535972 296303349 36051181
649479743 173961260 689197828
635963350 726373024 156441354
242645328 755498946 66204171
646554227 770339468 441784346
38202282 356987629 555142396
953227946 188551762 524292766
147892420 416594087 123054702
679622382 33956995 863000890
239076037 229795445 377660806
66784562 503385180 811613868
746015 203526164 724725662
922616769 884263223 286167852
769346405 549488550 273786032
67626919 269345828 153258492
763675943 220551784 435357163
267002810 963009240 366779835
331186336 596150015 708277222
912965995 705766168 92467898
127755160 999135885 619345989
401233900 912554960 676049142
127590184 956375913 922276743
567393899 507004415 677106643
326830993 167809363 936486271
581743419 315851765 480408707
455267345 206750885 339508301
125383898 314812672 749456135
570182735 646766590 371759376
264559375 372437893 441165345
160391203 167633824 165560289
68941057 320081871 376801920
297196940 61208509 698477043
17598918 75009820 289773225
888881606 135969221 649242337
257332488 659102355 377266483
868360438 35282705 767190809
664224173 709391516 379417670
731434544 174325157 76727417
948755324 131722573 323029606
563102013 86536431 191270570
74594269 332919617 81085248
181769632 858122785 2895066
355984508 133327220 170006589
227480670 661293533 887103297
5981287 901668801 28724023
764535956 219839977 157585332
133315535 633110578 292148404
906834038 286006926 45752581
545704357 51731526 23315744
460854217 747971809 709149864
336104828 980407758 585788291
436518917 673829547 57155250
620220697 444361821 970779529
112247695 707775239 731311632
959689280 742455768 307718416
814304989 480750965 805578691
507121258 682400857 394926083
923038221 195252561 631056174
655116207 646531956 627408157
227785238 691904895 158092821
384951862 771558783 661499946
190180240 521489112 273190937
127001188 47786183 153241788
440302510 579996561 908881630
523904493 89120312 60161231
656427526 255040613 794008559
644468788 941318601 399759029
442680283 243314891 656211122
511420416 278076018 137830803
333998620 771924511 64898900
347182489 296957247 549789083
838378582 499459922 625659101
562762784 178995932 43266848
727617940 58579673 925290712
820499473 873219512 301634011
976349578 931027530 843913094
503528804 402677928 253456616
414378661 345065836 168176826
889545156 2552043 717004179
386094457 227418358 756478541
295801806 682548016 327463873
460734728 717506000 836002903
78803826 362275159 390388767
734909599 986278197 191124728
916247259 109178320 45707515
442627958 689211866 963079970
10644110 290870389 462876971
674650861 167754300 641357235
493822271 264161797 213035356
984771887 426106017 970397598
240417151 56283161 723887830
79642924 824428681 445116201
515573271 905508023 86088109
499306017 765328536 96628126
81931567 493258081 17734886
876208934 433688588 414089473
511670604 280550595 229877204
951755913 605329026 402810960
826430301 21165074 461012968
112288347 123625483 784490633
587039082 119460802 785817688
401144723 981771385 149484818
941169237 663957976 853416940
508714306 844219970 222501592
875837841 513174387 895754054
605055282 314489268 525088498
665541172 913974980 283142350
402724715 304181700 908294573
271396901 774570720 125169210
870866065 534307650 339414700
550945896 300446606 822636679
389378482 730748500 54094048
498189208 289137510 242739033
704767429 486815312 279559422
88306379 282567892 177510841
664679244 326225287 152268106
679248390 131788581 908450537
382288164 478282165 792539909
913966501 644233774 558945218
362396803 616811628 946401980
310871826 835227843 556775043
561656111 792004369 505808362
739655930 836694891 14183797
840378591 518393490 422463803
891607807 717855468 507548751
23616465 902686532 691780569
276841921 364280465 784695489
199400893 726894825 193585681
940218129 295126498 344181053
552255780 290619049 306938882
276571134 735588766 1039211
751261396 460894223 460282322
910599895 783557785 700897392
418272561 739053087 571217016
991410710 325921880 45302013
174067789 59229418 976219773
916651594 984894948 686457915
34406582 732305492 711737006
109496839 343183661 906054764
772402524 994215671 503084059
495946971 117547598 255092282
508846622 812603815 40753790
624675387 828560516 731525551
879594075 492179378 298737634
503711636 298822340 821178913
377910353 215799791 268645298
72223028 985817823 472493633
223511964 857830112 505184246
346868201 928558841 830184747
197295055 176491442 235778202
660248791 226531093 756765214
566339117 864864994 136260838
576440704 700445253 242446062
586777022 427361449 66023020
127892361 88813809 72294203
890287101 756248313 678694582
784004121 624273598 989504740
470168789 703862261 548454320
266467885 421201786 652287494
637199161 98988851 640961804
972057411 817318969 488338147
504655095 732091784 113518219
727071039 173415321 646845733
712802919 778916857 772403353
473231443 536525939 700296713
542070315 687509770 217861070
896183970 395233178 988738941
112530642 416522946 409406183
5553878 289116518 197554054
431421538 437240720 69905020
920951291 625695365 927226518
951615864 92354780 330967725
732295139 737744358 126468430
511813457 853739649 898049322
682049128 859931875 918524335
553134046 113963934 956789472
624666665 117713804 725121770
108858083 704440906 646196227
421347328 510645333 21527284
407318766 254328290 765580572
28114792 723006876 981605389
770145512 749717334 819468461
527132313 709327868 722209330
678891802 301136190 143375428
745490039 210758671 191620840
938645471 311580318 442043067
67746703 329011940 199580039
376900110 131083867 392860013
107439531 661401431 268516692
847811140 484329668 520756643
320371988 604630590 748831241
431578705 198515746 302640036
584926080 790985517 137086403
299223375 129666300 311484737
446093575 334595104 628304569
662526111 265542831 673148708
990838231 569483607 702023311
831110339 30685142 409610515
520361820 793970676 695077563
24959243 951931664 136900493
360848532 517876496 199736341
803280978 672478268 756676067
814479831 104714636 255319110
262891618 505487587 24342552
150979061 601680270 441862748
419725945 540726622 29182239
893020976 942307598 230201869
265196298 226480056 804741970
265613883 962746471 215857229
409458295 636149815 110685017
256032482 58003391 983691623
786541770 124980203 649058236
250077090 113645634 886479236
560902790 854945455 230959350
159933332 570177375 850399276
552645004 817729974 648334362
398077380 745588447 770671734
777969151 655150621 764600886
141465604 166028562 335037436
97018419 482104599 116171237
190216417 23351914 187972030
125670318 169413055 23702223
210247811 6851166 866499042
851081217 232173641 103438945
268224104 11177929 86245535
654155498 246074528 151480088
700875304 688154285 686029156
362436242 93958097 965977489
418069149 131393670 646614718
829089806 679209 184864521
828703844 745807043 399236995
712599456 414970428 133618769
252136783 531167538 808544966
145873428 172920876 829532787
703834591 58530206 145017474
509042068 184122502 173305455
594894556 942718365 438240472
557636156 13370005 467781431
185561834 897399701 166479444
397260367 751851973 45240368
826660500 762841009 734434504
777666352 631167720 732285862
88107395 58416444 201091171
390771713 408803163 9801024
293038415 564443640 864600577
211791821 194767728 455334038
858684401 379571550 635919803
813894948 123983885 920207919
929552356 456405397 395401370
190893124 594627234 440555674
21127142 193428758 245771581
710316061 478592602 368780400
108890689 686800783 694276062
678443677 709283632 545541978
949192859 529493061 737297019
123664279 766241887 605061078
582367730 896855821 3318214
374360033 643031080 152290613
827892413 475066280 429712256
575646522 626073542 201332415
845921560 998991174 475025031
304419370 160733225 863447898
165107657 75882949 201303249
921494669 286962889 666821890
492455737 205086544 411694280
120243271 617510958 647122379
955990972 912485171 792941730
477935365 464947519 517746639
487550490 169316245 766768859
28917800 437054058 827881848
10749027 273318203 97314430
261323216 260330350 563199568
947274615 842161564 380843115
910612548 989075025 793036645
855227237 483681482 681832475
562868509 847326596 771193217
574202711 858560185 732487936
938328413 149692308 972113903
771141857 634610176 488030520
508794158 327852302 591584856
360323163 177763546 264920469
123481512 285261617 580407224
198546906 361821959 402874781
974512509 616320356 688746423
895850022 55093871 694294687
365858689 829811800 831660171
889588667 955052601 543930516
169842393 871117290 666017877
803832038 755558642 138890034
83960230 836138372 685105917
307359001 939519829 292517496
681699636 318871288 581776222
902171659 423690224 176495957
607033102 119783705 354531969
993083387 550451002 222209890
710349984 407499551 277325509
711475661 401547700 29791274
574335553 501844430 221745654
353347445 680234608 720497630
687629544 492710542 98769234
214751219 894982017 37967303
136434610 879415022 761854222
659796533 775142 918513447
572850202 871597647 846847890
279031981 437953295 910872955
473443033 816974244 382588118
753893401 77232056 980115612
114754735 273196595 976958290
18351672 933319942 584240334
575955083 360323663 901494126
825072992 699303257 338022908
459511969 475951474 902602232
793007757 521292038 976673582
423532719 917816636 850713528
937471159 684702986 843266475
892733214 806976484 438308395
733554499 654066976 501250819
175689248 240963504 407068464
578448599 801401480 794895755
835839171 401498803 945007976
253677203 181428109 198739502
258007099 706262816 883148149
655957342 937212388 259645877
957623749 208996992 776311737
887840274 491432413 709534363
440936415 6167779 596146373
270962529 121371524 684741895
198619920 178414697 806424682
457253236 364615416 446515013
808302122 25170855 295067470
60843177 23749845 374254451
640777227 309171563 452690332
9588 596797667 145540624
484060312 316394365 572146
596384311 636260461 941587249
350283629 13620665 112593808
35482603 953029843 565739264
56619212 537444085 144216822
652294186 285099808 187421703
835539819 395072850 951963547
835640488 479794971 138952935
729617399 533847332 671865010
739660831 588812133 321234090
892149541 293017415 293045883
825411197 280018415 442747004
132454368 639277986 914301255
231634342 102396397 904627746
623376964 639182399 273766771
499129188 524696081 763674741
231780947 76978721 612689046
273992077 268045434 961505790
58350680 747193333 589356310
646315109 143047181 88140411
430567555 920040782 914129768
362547040 837167433 822080986
732975709 324656292 746786918
331802861 64292451 714912699
782144900 891252903 225640500
779259469 184743662 50568695
284554887 784341648 459052046
438596542 568916534 968887248
18003500 465275128 376062226
477542971 331969736 255330442
483300643 508428724 597108968
897411124 514229985 700067548
774208029 445279744 424160070
102799288 367330556 30668445
487533699 256057857 804591647
772468181 599141225 845828627
115720603 163192301 774681126
440729713 346131269 321038396
655710132 133825796 929988183
340162240 959089281 176005715
59200682 455606705 515040025
516228463 805361123 122470925
161438758 164685860 538499667
834116263 965845528 454569173
486129840 496895742 304665711
211230425 858556628 659293464
511660335 290658369 578431697
991544972 816242225 516288239
911493783 242313270 240897767
155229391 656509207 218423162
697661922 953143596 585889441
611824130 322575022 509818554
78659013 659433794 939732153
338350247 848036103 203682787
256818395 763311085 297701817
687420517 4681497 223619789
148647278 254666113 929334734
478102979 336873784 314601903
421312070 380655921 970667513
769424472 485847263 117748697
140886388 248632362 688792219
287942526 170496250 646466573
413698696 270165675 936369702
476063010 387618359 210272808
303150997 925507132 582662248
41179812 933025522 558543402
643300906 35161008 692116901
948196502 25584908 932655743
451353306 287899836 563863215
706698040 43864665 277634575
187485638 971779697 536717118
969605528 250005177 84069761
677713629 946743418 81842471
29413366 901661069 326203867
629935686 588800662 442331365
233536305 505210201 519705310
851493829 680677099 620629843
558190059 892342638 473528546
30890863 30671464 127829450
227345980 411857119 199527826
326804256 205322313 862877166
869387194 698270641 301481617
511079888 940339192 790265150
290333615 329837765 804300635
901017759 169402953 495024467
630742080 768324224 276370723
297428112 723821897 700212695
575333607 571902841 69100860
57480779 675899251 944065178
91837863 177256340 296472222
116027507 58187717 840847347
141397324 567773439 964674449
61141664 855099953 21756264
51709723 887922107 547278788
3323685 539840670 23585991
623175006 970146216 317595785
54137525 988383149 363143695
608281692 567756501 422794801
209412866 436554825 131764739
285452690 142559394 226630147
504724704 677217492 913435349
625502100 673272108 534967176
815136143 617407028 278256672
655099299 631265248 108456054
702423502 991306237 669974095
760659225 233440463 793006310
950327153 322785466 343746249
275779783 963461658 904683341
96116014 807362502 844943027
643104352 505024685 486049350
795363836 353226278 636545009
308081078 118712428 165560076
96890183 429710244 470447258
772911752 472964510 832969193
332079415 282847735 589268478
630061414 248425934 957668487
130110012 629627562 437795427
276806959 649581352 509061570
448886671 976262831 867660248
867734096 150671792 446540747
58600407 73016387 355985725
387340492 586422145 750054849
271827825 741963135 971320497
566716901 809036288 9381668
711271158 213472327 34837568
12920099 632329974 429460177
523794214 187605078 388834867
883810434 158493754 437390771
587145792 456475733 874993952
98337755 673830325 219159911
123223245 633917041 930640715
334056438 716159967 874324090
579200448 160035947 184006224
442714072 88789587 418241453
597688674 403214177 558223530
569969159 489056164 868947745
340748128 890427318 591697225
539317154 768501079 922791974
239520489 577885138 961671140
718769116 333665917 482152963
870854057 378248189 587674393
528436365 203077444 57133100
372261913 929869249 251935367
911343076 90301045 38815222
158014951 57831954 885526559
180340193 173841334 245674397
40796291 82416743 418526745
797134162 961933877 783843563
794677875 812099013 622520442
426208093 446707086 43479525
71455528 148465138 559271413
954562024 160816191 822150358
177514034 334843558 127663122
736906108 265732835 504453351
870123509 591067372 36506735
429522006 471381982 7316326
243050728 97724702 133298944
847640278 160327634 741271302
839349973 954548495 622785226
160442599 189098852 987815517
307995198 836671853 842891966
66473246 551482956 274564523
636446451 822495672 461144169
209552058 73606169 550620715
944684775 94129206 137928705
387812875 995985629 594765586
989989936 891016265 788073100
214702804 393223395 459899842
764796479 998834037 538784208
213014910 11184014 371447342
335156920 244025473 536018686
499688819 927635738 827901651
120838251 167066160 153374478
716369187 380669550 256233395
134471618 576446197 96804625
446543108 376974122 75260402
108332347 102020237 266979805
206135245 166426414 682334214
399532369 287332859 267881105
70930934 753739978 341699485
293687730 158871686 609462835
210736201 897213209 633691206
631202507 593309096 344652541
261001025 375768431 465402011
154329121 94891026 299699425
901314050 877088514 938806481
214921980 608565745 70006571
721788635 331271026 347698539
922130302 315015681 629939428
183684340 785642814 601315397
165581142 897697866 113841207
741933562 368077446 230208192
160819122 981897128 288861470
890250738 750044485 168632618
18009632 868989368 696615298
446968723 962812702 921112223
531814994 411090523 725547146
777955431 213543355 820010638
284930931 814473335 60524311
226201396 37841873 741717396
500898025 7123213 212300287
739822664 549087953 550044653
317560246 736904328 380906209
901081105 30130981 897668870
504375681 757366323 809328086
903689824 895055691 722768460
685217821 146140694 559301774
217703726 442452222 166186213
893279101 355855167 596280981
588340513 535855855 498363724
684010347 441045309 622150824
923277849 162381616 328754108
622606863 747017532 531866881
780251947 785781419 228966151
310529597 128626438 995684607
487459618 332445756 537260958
980313714 454200728 752991721
728211625 327059063 641232177
373474940 360094072 856758510
404270744 536839910 252478584
294767148 606687723 57944785
330491964 733194783 607069698
519359267 221720471 484244634
747192755 856759246 414378246
258950804 351525568 14524578
30827639 103039197 188842346
708615676 895354884 30760423
56930527 899120443 816535401
894204103 576638881 572605173
669527994 314029298 343423482
880079409 945761122 552063837
260408129 884727250 215690762
603670417 398530064 597854806
730558600 601826468 539922335
841820792 931557454 877539607
95243565 528210753 602120033
295938204 910817331 451213777
650136226 297026191 964271362
94673812 895970051 908315304
606215008 883376998 759322332
833186707 287571425 182814111
466531604 926258513 922100707
902611735 964355802 88600707
100720915 628899952 74190783
213358513 360685819 149906747
225328989 899188468 369335168
357842042 945580021 349862982
713103448 691846311 14064918
223070830 135783941 618940830
409952017 462377875 169495739
785880040 937527507 710555002
295980296 546211756 823318820
901284498 715737800 839927535
858257292 221474425 122699538
586267793 592161276 870501919
609919308 618997743 220218189
477188445 917804239 288378500
452137284 209009274 126954681
71583255 392325031 312577833
169999907 418652528 421100778
286453806 130936031 539607921
283704586 538267800 965956751
471267968 88885080 309615130
680973590 835061413 747064954
564902318 843630535 764922453
584862334 350597398 354249002
928743023 924249843 933908512
619752758 883187435 342325929
390157874 841636845 753081646
325525020 186257902 20318855
384389268 925475466 913093689
582499282 998542923 79451369
269780990 565044224 55372746
734894575 968199297 146422854
342180255 2743190 810707024
493824261 582815739 772083646
419832835 144325123 591432808
193541717 163488963 55626072
549001202 505211644 911356829
811157849 889068073 927121783
615876627 958304472 375102451
874581258 44464309 408092424
237818130 221687999 281559870
904774311 207398816 694660976
785932589 148498546 179459434
487280070 763543472 906033597
18893893 131100518 411580543
240698957 880617894 969031535
128765535 772957264 592921482
307761360 828843194 782232038
669453351 593368322 315719142
593848529 208087818 177695749
696421147 349481144 614537915
272249973 346761292 394664212
621903818 511441606 153428721
828767926 734929807 489607678
658421035 688952963 947991127
406068257 433599794 943378599
649438140 455097680 14429810
896857619 337994373 584546342
830315816 972097514 967039921
484684663 824364390 138989351
48074057 114148682 92628522
661215306 892073926 808023620
4455301 937350598 307301619
842257864 778729353 847135730
631993011 966173962 357537813
612446467 959795942 143674000
921619785 666345983 771777021
559392755 550229833 649085013
585234030 684948467 419398833
899165296 247602194 801952645
99631496 689815744 189645650
283037955 519854421 858330444
728305798 659870171 994883932
229928907 258488532 481152723
687613527 152101694 115742391
379966566 115061159 271218195
199532209 913463928 485280695
624251052 335738007 16966389
195653480 154519955 975386007
877470606 539815845 147801481
296712796 877721048 856480559
755641314 311776197 599353071
300276138 840354287 796007778
298876820 630475224 500510966
63492436 8080232 599463420
453321451 783082278 159429028
629490644 188515450 880923928
593626260 143475038 445135049
227725250 77676820 691367255
144299163 807431953 305957871
220933558 962519115 563665370
439418683 340017063 252372716
341279817 240591840 24804047
800228580 317632657 274451942
811866102 444083329 714278286
786294659 310907483 892668952
16999654 479480107 224087041
985064640 395953883 274196751
804572306 577768070 32073098
302328292 301299893 969800161
847339541 40022090 468629904
610752095 305441478 916323234
845546457 910350480 428022517
684423129 946476176 496419111
688330515 926547765 133167901
486327914 254215694 424839866
89722079 106215348 772782203
470270551 288944862 975362612
22872040 177357625 374081116
365866495 404742915 829267860
520891295 535483443 571136717
527621574 132940270 327362427
121872806 580779832 112770630
166279714 575159468 274384866
532008427 5351287 356537583
147039174 863839568 141292800
914952241 622759273 982205596
843678000 24900266 402718392
770129439 25558070 575672595
352823727 109042628 755632818
977200246 711548210 18936026
390054490 973719805 765149072
941361869 159847915 976240338
657311693 611305606 942692363
642922600 471632043 297959799
469030859 324560898 691502282
553180185 553630088 299941884
38633760 374971763 543677009
972291648 619436703 716029064
127093260 270538586 926025777
170665222 755629077 46969534
435617316 150869249 612552
747553726 995022019 851569781
99945476 120275109 759967437
144201872 219938535 908437297
629063177 44885751 594258878
633210896 963574842 471303436
702176872 596103464 77245852
413095458 573503430 855148730
360683749 681677483 470666306
431605307 899999718 133047679
699721378 618929782 139047642
863540493 904216063 82240761
333447504 355756129 361026338
668344537 671333213 156387133
927447037 249235361 704948219
7608652 629484576 643707497
502490460 343543726 900033058
68333890 487706338 21592569
567981476 117999218 988792247
821830723 366992888 415861239
976144045 552276902 451130136
523568809 89298314 190541868
44363843 237282908 787978082
779146048 115399302 682768968
687590830 969095222 30800191
360500500 655343673 588210357
193235186 7450465 66978624
588413400 803560116 290713777
94198921 429300068 4884753
688882904 255974743 428402633
149971398 888988243 728866644
499384527 512603687 436196897
183404201 907826190 606404657
597342547 313157113 706655746
415599453 359293370 19314196
678831783 524185309 270169465
402762168 657350379 424686883
715623349 270687365 196700508
176864610 976175216 568351195
888363160 573012289 440232561
605917993 92657735 142419417
942479182 676989720 38163525
617558424 507982747 609084442
452684517 407651406 558047317
171908739 194018642 298057080
659884994 220687302 897866849
332324480 360049326 286006445
218593133 200638112 167375195
854834919 309668554 600792102
349344537 227971370 364009658
998841676 877006088 912759069
245008239 710720989 673958206
204766312 830881173 681356141
566970932 219788106 423018517
428317926 703071367 233032632
774551700 325622594 785282429
58548379 798685011 488702954
614326254 183315891 207557797
473708159 303594492 39948797
17487339 240391414 710642922
303596436 180817093 102812878
817886916 164710626 14629362
755933883 836763959 629249677
85439667 624003761 764021186
379056757 355198653 926160438
355432062 584456619 709848073
586167887 647484589 929027726
577052781 246485581 965175291
401962423 320900250 853894838
497066563 373009725 551121621
852503548 48116815 567596432
201943890 911018941 127448603
343927808 107330531 290463884
409710176 887928507 830445781
429009651 65157254 833635177
673222620 38426058 797130940
778950876 465158113 307869973
336174921 840128063 354088078
449281134 771557063 971736177
764886489 930843469 288146713
418879067 740643212 945934380
748900867 991373845 476122546
22644821 499368858 700709073
967603798 256622782 596220867
999554557 99901887 457884496
463190650 422951353 626875612
693889323 877801511 170882945
795795031 121488408 716552091
85362261 495517987 271969696
672872114 321684128 135813057
960151387 74718518 4640024
699632218 58643578 536944659
852081433 463046995 396510970
992085232 739245368 574641887
884309686 453570119 309379553
578086668 548363944 562727739
780837892 721730274 318768203
804424700 223317577 934297052
165768445 80501906 701497077
692677227 852177212 311222129
117554028 506877653 449892661
63029322 555604489 791425
514248078 277393305 567301539
482252426 534574851 607822558
433572529 25880995 12105464
911998752 575840699 373647027
279502418 998814112 779134828
597473681 697005431 965616107
13096624 784947676 814322353
943325531 322603743 934314146
151066841 422719181 16108022
467116692 844329873 88046489
537808196 815112609 980266026
686138968 981542776 30080535
768222481 971728437 746375065
990812850 779336877 234529248
665751558 844894177 924689891
963702236 828403326 420276591
288881564 946872674 632698964
500238361 712038458 41323280
803467417 730861423 452107249
669475642 829139572 388728476
355829773 451917648 268825722
761628319 813732608 304797271
21645616 698982794 304425083
