2989 0 7
113023423 331643104 755000167
992266569 206298649 314622950
869767032 193479477 49148262
273003041 807274117 856771677
21585418 360233471 50764960
524275337 194763870 739397309
770993212 852176314 763349009
847408332 258858745 294962353
728066527 618990934 628270679
127004226 580091453 623959414
387134423 879553856 863528632
572886278 584458356 748797311
111995174 466679566 961948361
445337795 150653880 916343907
540445926 758866099 723098219
817184288 903471956 360254255
77930113 843348780 646330835
662915531 682117891 222628178
111900620 680001859 840384354
477231354 519938789 72782196
699732101 426256624 847566340
961786114 749470492 560044141
343329999 896577876 132948710
542597540 199373940 561080841
742969718 787185780 313661918
953027540 219262400 83275144
374809090 459869932 703392641
160439573 869756528 407074877
125558971 878699893 274853420
271932605 238073584 492902263
320199107 310299950 774604902
767639266 52334466 997154800
903121040 568697145 388168408
680624740 547361790 762017646
307989102 939672821 511936488
45224966 379905323 950547458
609013196 694769191 513658994
529714580 834117698 971573861
645233599 625043402 116251662
380091867 704709299 949993100
62777323 671928977 468461329
584004811 590454622 680437407
985402803 905919865 212672988
780459635 302273073 721179645
43397984 414802497 467316080
583263337 115427482 864696476
161062925 728446392 726299572
207440461 749112074 439720877
708209762 525487423 703771070
513049507 525824586 317540853
675378812 270259041 714957807
13008501 816035493 175563625
915559816 498819615 581560095
231596175 392759173 894086338
427607156 729183918 86316621
468770870 614835486 773529793
965138952 556712455 758448857
961194357 770698640 64625150
870306699 841544073 673451313
164041069 186410190 123511128
993412572 728669151 973618589
566812816 207366084 276844188
238501427 28498518 456553800
940092428 258767123 90063406
607927448 571188064 588564489
930864348 915484361 447361290
643203849 434982606 978187464
316353967 606020491 937681971
541653844 46269667 945345943
84392662 206205773 392703667
538112428 67610681 505312229
964719136 901717315 796586565
640875069 635276904 697286585
82602630 75546213 304478820
529541929 1970999 282875666
620992254 547716321 208287403
801172663 467568762 559876707
411424989 920734219 111578715
128043218 308849040 752535992
116253756 374645900 33264977
869405047 989213541 369311232
639925338 605327824 783545394
234786025 590274225 815818200
54404487 113117848 342999207
737876803 765133391 935241840
710794547 587030274 740739296
627483404 406756475 101754285
149083999 773374845 410901808
74837609 29985991 316144830
452746907 818436323 787379726
30657864 441173903 203181310
722739201 342608408 218970343
951992011 989963103 102151524
19917144 61244932 249410176
121151794 663296399 418657959
724566482 248850102 264271298
243149465 267863439 342278105
47386996 973426468 806043362
227659469 696587487 422811139
219841962 371480949 124644610
352707042 295245615 423344355
945599010 314630559 421643258
75266211 41153124 513566655
850800336 7093661 726063285
877494407 891403320 321346858
393932214 647866532 173883871
49496642 662466862 438442865
94886819 682771097 348486216
141904709 352155490 406595029
587502231 892954306 199736438
683372291 907200844 648764632
10295412 779716357 422323909
104557793 357106550 148063943
711471706 536409363 2731516
689503275 86402997 63986211
784676397 369964900 378484670
338468021 657946757 256457709
334426796 491739030 992876083
71113142 968816389 746809684
115908584 700468401 753496468
795431254 986795666 836536453
385507045 893071052 72732030
693644581 359971556 907433598
892830890 153756578 470770302
580000827 418183842 634304884
460683778 157267002 709769751
36258033 785736689 944037330
934706221 874618010 630907995
309934493 880808897 466875177
344317154 314304553 708320863
343872373 944875631 901590477
111098942 712081389 788025633
899449077 173777258 580864704
980039173 927489615 291362477
349393059 248319636 525152352
159782019 812928625 134434683
908151525 334508941 869785489
620291726 834370030 71013502
323294851 814517575 668706355
904606690 159158460 535814153
171248059 562519626 846153372
106433422 641851637 468706140
74721448 937598401 673792116
737448010 961935613 679520718
533375385 386355296 862218298
557094815 837164474 172080235
616537354 279298093 94241817
961178995 458587173 418178368
425603561 523601259 977014501
517270344 836874091 858394290
492392825 424901306 968034157
341816360 143159818 88052721
99173634 162157840 315352407
851976021 942633246 244844579
307695964 553927614 161917937
159805895 843595177 475956421
30299718 861426824 570449233
850756138 708167264 647682248
962188835 240283229 471774267
771450414 692734912 321370822
191515484 795764378 420793106
681801572 579212274 963041204
640728412 788967422 752538606
254444740 225233285 983190707
722618309 324822554 610037652
883513485 601561568 975385435
487918591 182932622 437946389
460563692 867794245 857025221
717495463 546722731 284848032
787611623 232591023 213909867
563323468 731196862 428019741
468696335 769927163 403772775
628337431 852191856 396012516
872219753 796573249 196197697
321518897 281532949 27344854
876661682 436931970 723517548
352143181 98155517 936964862
253709530 502207668 323348512
209715425 139715499 827233490
746807536 933666248 296130852
846799864 432064048 262152801
923954673 49540487 22403257
263204259 221826554 720916541
651153545 488278488 450080910
29670631 993913255 530607410
347605020 577057150 40927461
176279564 456617456 27819585
722828476 429616093 298893205
191832181 212267296 384829392
235585957 205228734 746891446
847780970 224521928 456499374
817885168 336002123 714963752
351753735 196090541 507167660
372183436 574915105 687999399
821874357 903906620 355063787
453524660 703697388 58703419
595719498 267666102 215219209
206323784 828714689 376986362
277525540 767345546 774490848
14352852 404344932 466211792
532479603 257564998 350617932
479640320 197964773 181293406
412921874 867187092 941756459
234622430 446896642 673811531
680885912 937976355 647511468
163360607 558859328 561753971
943470566 222546245 576892311
810725366 578660940 1941679
736355818 179870749 634811358
517406863 126413221 17444098
742065948 5771839 411816659
974040788 236871551 297757450
912205071 202666373 640670976
414981178 513898744 209194179
854859197 189024476 966182208
250246124 297658849 433905873
404718828 117110962 557438719
827127004 482602341 436088661
970846365 100624971 256852849
50620393 241754586 402829214
402453046 302688882 480042735
576741925 620971352 877983537
247730298 435225042 502155041
943757623 943078535 879205327
291847280 966083473 158448329
312421960 4530072 28690103
413124033 89496097 53441166
126806508 282727819 395244973
231178217 697150043 960240359
259412343 837084501 184658119
819083858 886258143 919647105
592579105 683892595 836909231
353050616 566696440 732908791
834880513 713669015 658374760
929597324 996870127 289448317
87832735 234302340 470936104
26595319 758959430 977469430
548940927 240534339 114889864
991771074 720582954 974350457
950915832 960321625 191291271
840120866 367246118 681781413
441933791 2480837 773446352
996601187 902519523 111520460
471992317 633785920 587645435
932296914 738678209 102947414
672243717 186080121 426776448
614584727 575018780 115861821
491022107 754650629 496375972
797959642 182239862 991028874
924813383 229682999 287139985
643106792 202570646 5922592
625910972 506482987 795910007
942831635 631400277 191517083
845266559 280152806 713586220
101670024 315517340 809090378
226766624 669213436 884616893
73845679 730320055 865955196
599044244 199628449 197291469
304517563 856969479 617306736
164535641 54220885 860621873
104721797 700428737 767164437
672537409 538228813 61647227
863326835 237380165 743056614
676945152 449940904 911339115
924241270 411585335 824146381
813013270 23180933 15041805
1225081 437269617 252020067
803620916 332018478 234405812
794251592 643958042 860678571
435899329 203690216 246716882
506688262 583454311 56962505
655404876 297372077 762314194
270858810 363607426 872699383
483172672 300828632 287325099
50756852 170073439 990647877
465699174 482030335 696074639
990556407 415253169 495057055
272862548 886997773 596290035
383401658 86018898 64691025
962187689 233472673 678991878
666480744 120598292 97898520
312092259 837536089 374184545
967747461 646482883 331518432
136930964 855626380 917593638
141384054 867720446 393190943
125733367 539457205 576962849
166320972 504623509 463487839
291460993 851171703 457880906
708624652 570970576 445956919
729726054 661801855 392564792
234612003 118746889 370536986
197526691 336864344 382305978
625670872 421531336 228874391
334155707 785946469 658969540
95314616 783824358 380605201
458183248 547133057 399285420
357922497 220922754 680774021
596092350 123068400 365255993
630748886 501099555 425840587
740803430 90960060 403924598
92675679 938482606 775835496
725981215 39868792 644847820
184733975 677714035 903478417
255260588 251074807 425838354
54397863 230530177 593910692
72122340 672629899 164744707
596681774 799450772 144895105
687290585 127889669 315020227
871282713 577024908 899472603
391185099 472547211 846342889
137315162 702656498 556738800
641909958 277212552 113694919
545225354 128325917 987910416
16507602 931984276 838197460
467894968 28791756 347437085
788392969 536844088 437075657
389766377 451914809 245740690
123491747 613373764 326216389
804374327 46669232 872268479
501456796 268238962 981603312
896315027 353217179 11419894
310555753 543218210 65547244
772898200 547629587 994731684
233952699 931571519 197923618
74118955 773553099 425558812
304541972 484350938 495983931
656956417 121489032 833235329
861655912 900309200 893050630
554525693 899931305 550003531
511591344 333665240 776977258
411614009 155544187 649167224
134734120 779029315 155778520
536187482 117600082 265687788
350936920 786888132 879183738
642652838 12800110 798352104
426490476 148115552 4291706
943337427 437014202 40038046
961144464 634662450 707938527
438324085 454680047 528159809
168276435 650455678 553569081
663326161 598202522 315684975
744873216 93727837 938248090
162472357 477094240 513915891
376992916 157081151 708819567
160890228 309727306 296318921
71463975 839661998 764653380
364049476 290608559 93329739
401668084 335572877 737209389
776335833 660882063 5952782
49076376 639668277 626291447
933080845 402541901 43823690
678019624 376721020 390345559
2764808 444047965 309193231
853837030 860366461 975359130
262153796 734748123 936231737
680085592 237653771 393897681
721908223 764203972 724171616
367588587 175085668 938032128
630240620 228364824 763291895
370781710 455778770 239750125
90319344 885724170 249040168
138725247 656381982 706352239
393632687 827598704 402820813
580063757 25572765 250356850
946658214 647416934 588905826
448091887 293675563 494879559
598351791 428438377 454300542
699876782 575253485 936535618
619019409 404105738 893879191
138282294 122123027 387007410
310614393 383515119 938467954
423399550 251012762 848555943
897170024 538987847 362392613
189676501 519451296 961349609
805309627 986301137 496538339
188594265 367387642 216440082
751868560 210152886 748546518
272107001 573654696 275907789
901468144 68634888 34634952
945552216 157259373 821632736
836885515 361822523 851614657
137340737 599009826 720684650
575893890 244151026 99439461
621438366 255720306 89239114
542584018 283897908 684886067
572603206 86953988 322224602
791240754 622545848 652717741
144317857 886333267 556654334
674086721 660760008 163734609
230155746 420649787 33771826
397961622 335023241 541188172
861042538 821315985 818974511
994220236 170805470 256714722
297257877 863092500 554893114
328924042 481902257 812567494
300504352 612431159 977888751
37113100 640797894 459767387
26791379 990747846 892177454
914447421 391906966 830989461
479931596 795542057 668062617
71308593 336257538 911298087
35365255 46941608 275226304
730408134 191584884 187996376
314777782 408665189 809618191
608320678 96004 660661433
791721238 890214179 853151777
745817934 232126174 89407590
906226611 742211588 467666048
407635119 800948898 810341657
417291168 953383856 507877956
731930302 273261705 797958460
239613046 290508986 391502725
448187279 444608964 757576083
489382270 646883180 88818215
912750556 40619741 982550270
408662420 253488622 675136065
169329356 260371479 196247343
167567988 523374163 733631824
6761225 354128737 219733141
782844980 661359190 711263836
903533450 118703068 556356002
917172850 554377112 141709063
91783062 161315001 981548126
90449085 904223828 313049791
743934101 568321019 782977503
945891919 20258732 430428563
414802805 676611445 257276549
851310035 761063891 618743374
441522078 929813962 780166385
533597617 865170164 251245231
84589277 488449940 502771373
923578689 807693063 461951871
698017506 328033534 489999711
29868132 302088623 519320862
314059144 768479517 799173046
867576735 57969925 221120687
767225921 613894485 182885597
146798798 86229076 478158155
564912929 630628663 49154896
627596405 387776759 651061746
154523561 844766198 196664371
102414266 408228650 543819517
383716137 636399588 474420860
499051346 228226708 251051811
501974663 834310893 309306812
482896756 244270458 461070542
75482590 487811786 856445392
227754382 676730995 299336419
874510105 795364626 788134927
95388405 816963713 248860268
336561489 11681800 524907336
116012925 501560508 621576709
242442823 730346715 86233940
94319459 46279660 117234161
279090895 12971317 221979316
618525142 797038856 208911884
257809995 560802339 980294499
853562981 995340463 835589634
898068056 450546036 941741431
899119129 636170653 323117844
562412310 824306022 429310948
814440388 921771682 229570958
49768793 314367634 602584663
624080122 51576317 809863798
321054049 333943956 691244266
999055255 584154557 468864392
246703731 29092307 893678486
353360164 379882916 297354785
706576219 78417904 318976870
684563215 838025998 306896222
962389759 336478419 450454387
190158141 667397527 897865107
741090031 415746370 815292280
291446163 141314255 107744403
934774686 319389222 391877640
835869143 137434921 205469758
247063526 578117547 298431510
853039064 437060626 898945317
902787415 885524350 96509341
255814548 83105892 861603159
73694730 132720765 415797504
160672772 630247250 63879614
46703300 248072980 297389727
766018060 73104337 995640516
295155768 283979792 749508826
64371304 571437149 401637156
233440856 406868364 489835443
731664069 894750603 631248693
427761900 503220215 222164005
393092079 606099101 643979832
592093900 113572381 511952601
654272176 201016418 860892223
236542405 225402329 283339836
168452305 482927087 712038042
341606053 198464150 308282536
275105571 209085809 974186992
45907157 9903078 958708232
631575669 585854311 112346062
768382326 855766860 630962394
134607693 800159970 66568548
19168745 869068279 11187818
951888740 796517401 145512637
336811093 679591141 805686083
414585584 612250217 256820796
720938337 235596640 896814861
427453496 554918103 879649159
698920077 814995921 933954197
246890775 546374462 283674103
204955956 8875306 172766206
794353445 128671592 179187808
21282799 79017462 978536016
35816955 450297045 818634920
664514443 308258793 756432516
116258406 703832177 7348650
746054371 834970769 685475837
6900923 723268257 606293062
201800668 97633912 844199609
407607444 348291907 161272817
478030613 48345392 802099122
959833956 537449114 924769099
209939732 653467135 377761331
24393913 546173893 384171245
166951850 961668830 445831346
992569074 543903795 565573912
657844323 726698992 244765519
764889828 742371769 657083861
286850556 7492927 579704053
856860901 719518837 992276318
924523029 268755867 908248772
119053983 358171063 922802992
499671608 458518112 467066632
937524921 317164685 834288984
123995863 542310734 755704200
293351787 979434251 430232502
437786333 199005302 714709850
480877293 97657860 841178709
159260043 651524955 849989556
313871541 564056881 744569206
928451728 263089181 204778142
646265758 454079237 581445854
6656569 72618544 174123317
254750244 738122029 948940496
137099330 338028858 327679768
761241442 551407991 922080001
663547259 661546952 116513783
832120325 272657576 744201995
136978297 609434857 475128453
992620849 142854244 677819682
407807643 416295278 601719656
630995612 221687553 936980755
496521439 591068197 120820796
953334384 37135696 297928287
519768903 275807867 704747799
296035428 151395949 912857504
855412017 56809825 909502138
151766129 125493155 229421069
314756705 485372694 907216283
107848312 625715697 154741182
254200159 16474977 280467997
662474123 944059353 915316844
260746493 989157589 117263315
126018687 397917275 428083297
980041296 450395996 527710794
637546008 352358137 358969250
119370327 404416696 536019375
680461836 304964998 588736803
136393669 105870704 628149872
174661343 785611949 778720169
420394423 259390346 699864290
967596412 965851099 96712815
792696078 971595645 709336762
128947165 571168095 347854015
648901534 173861703 337303894
973846629 633426605 949076746
177890299 857323043 194275620
407021069 605995947 387345573
285094109 618037480 964313651
779710778 659824719 685927646
321613515 956988345 285747556
986934833 955483900 780626390
201321987 123901108 117615512
953265986 133545733 240187994
702821286 336650531 32467330
424580176 284848529 646679908
895938858 561563415 790271375
85839634 1645437 410351840
812998138 524534907 387531971
505396419 99784182 691112383
996464748 816067951 442090774
198180535 131680428 839689475
139564566 658758107 211887144
672903990 12305858 10503973
673432850 764323046 299265080
619749868 690067745 927870656
11297619 723593558 581514541
734051339 332974470 504865972
124811221 55668903 341124839
637490952 815082276 494455208
637884656 683077836 181300650
355459 62163030 691306235
613036883 220508567 868296799
374259934 148957111 146159385
810488134 658560737 240958492
790684011 536605956 941233691
482364855 883625222 987484084
796892121 616366060 547094154
569680891 738339661 433541392
930868780 893137477 659451467
54894708 567966957 793407089
848797488 828353591 372194330
712448294 251868624 384437961
167213667 40417351 746770623
412352731 655757385 365983930
374238487 531018326 473211911
534141956 898648717 932825842
587286826 652132530 365382786
243031131 108843364 108838434
88505589 934719185 209229644
364665528 248766399 577419854
204932381 449929291 367426470
113137383 906142210 652354007
936087085 860478054 992080089
59375380 302491314 536229040
909147383 693970885 531269193
57143816 872067473 595381175
775557687 471367406 283032236
370972243 54310865 189276394
465770796 932194244 395201576
807398851 793980103 997932108
720482797 763590481 141335838
277803299 349049361 223194778
680459333 994195196 952650759
465075083 444427214 779413004
859424434 619057711 29941070
646612759 5240485 770506069
111178091 121056764 873526928
129060044 395922742 73401625
126917617 309514897 712491320
875083092 219051668 860038152
586468757 324037938 307357862
379078218 582398280 2929520
411818307 767605370 117860544
105552708 722018920 124060680
460251542 515319433 568592225
879018669 372596632 863212171
591711493 745155330 626611706
849127356 8534783 467230284
512119917 337243243 681920018
978921316 411894410 76079450
200492539 870791404 367678958
241244293 147505625 191650841
796540764 857806018 641539222
861382577 838402135 64275876
80311055 786063438 611681594
565974801 274045451 216580930
135745460 407151275 828645060
28922151 131442980 345087926
442219233 362778646 126112893
299491428 204266220 140794638
516430259 558631799 830486776
388191368 426975946 462926104
915452460 106704672 702994783
267929521 506491859 934440208
504597113 751926706 197812902
295429539 941401026 147694512
973304498 34668149 986042084
318333504 663991159 673382212
334677127 181811014 872961386
133669486 578419243 814430946
640752679 735551772 120256418
811267086 547643171 157676925
972214472 157804434 169194915
923615727 291627381 115751414
780459462 832344287 165562578
591969265 132733156 198217260
489780722 12209960 251265936
892797097 798729794 267184124
34647441 434877729 271006926
271847035 383301118 648915980
964047350 570774689 524155653
236944163 81318540 161173561
337893019 502732084 961609158
43207429 128455008 214765739
792223687 327242590 686235008
512509504 235913994 613677147
689161918 895909657 628139126
252860021 187100981 663474510
506137046 49064582 287815632
661327809 317829761 903166805
326781431 621756513 731812958
82683600 748288033 90158087
61170582 53780318 473182420
431316083 51191684 433307571
562036804 408568058 410439996
631406929 347494333 813347288
416600846 517341262 825097058
829948939 65624063 337669834
61496644 701884130 220636575
808815289 249172270 265796807
37124883 859657202 884510007
907158419 209396834 204463740
721375408 280434616 882145046
689929736 73323256 532110481
56587435 765857851 443398846
540047118 25142361 378084234
920437311 593557897 432611386
591455182 513530011 804171895
467447934 684278067 122592335
97570119 13601702 975147268
872801158 718043972 160101953
889744940 380556384 126173817
500741472 101371752 949445603
128376976 918928297 276151160
12097660 882473066 1629845
609396017 713152130 666630380
496202917 948374242 175250210
938744429 171384001 738412523
403307526 387641459 206703707
960786573 255461484 943897870
301580868 384631913 77675496
801728849 497923493 463527210
465075491 761590049 954321347
905936461 878248226 390206669
233681896 781562191 251885555
552256738 294364393 604812243
243825066 170852139 17316442
990913068 505142134 782139300
697897374 612688780 17162548
435309043 78636487 835011325
693325888 722677311 916977879
130383224 94005407 776084871
12510202 525641953 730063420
944676362 952097672 840954034
182175376 681642992 806566413
608267864 4641551 356159078
96051803 136845286 164995770
806617820 21299320 327303287
481352741 657944634 593353450
97888573 68066932 233509947
230611446 617194631 484978356
901053960 656860004 853858300
758856022 990525331 448568316
64178444 319473971 291840327
322432286 847890627 568530085
737225424 72729950 150810378
944031492 258733840 135009260
245505005 909723387 652768043
406467574 424889976 565389620
917076009 794151617 559222923
390455127 446518807 576999925
5798927 778799748 358167183
682896943 170957801 160046413
780707080 787763224 489122375
735908107 22416567 742691742
847126503 504219739 535314211
392737559 69961116 155886195
727889866 686495612 209698202
547573315 882426659 972496175
935122319 245139908 832350409
727152042 988678913 49816175
993380388 858589016 603732780
620562691 939155963 29001908
902960735 863361562 795565444
648694801 245077246 679290066
882971815 182709366 320399015
716143531 704045315 662089135
978578328 427152480 217266958
993900971 218654393 874919517
667518632 518956910 125109194
531486321 563954105 813245088
118175853 212993260 498681635
676898146 353679017 751097220
361312769 568618874 139968545
559350196 588461797 904010058
331023991 496764999 956457689
146500709 484456165 403379645
17846286 338280918 276839686
934181611 87983594 648403433
44428867 712564306 385361023
146162124 723864177 992850163
755866489 307775762 300178224
805377574 936464485 20606950
905436318 142021742 225684303
237272558 302888902 158093245
113532469 364853334 449733925
640141580 69657792 142239004
179026951 238351985 85304311
682883734 412339305 986466967
333737313 328312819 528917337
22243844 401063072 684860114
155559868 98139697 11033477
28221480 477523441 251936457
923278329 739800386 970225158
445562251 630812514 644364351
144688018 214113032 582792692
178335368 131394815 992669547
650504907 80472048 463787864
283118504 855669755 92190456
977938272 648985674 406398247
304308503 340221085 493446423
691010579 977384186 668082524
533607792 915394291 22826771
736632766 232538893 624498170
603358978 972589034 557407214
809041341 379138711 671923656
805015273 101913789 359206697
235304771 824067344 512073588
716061504 809929432 211151157
833316512 919305811 407268294
954430700 446000344 218955535
416210138 459536319 186872643
772700104 289944841 799113248
784586486 95426596 208269552
583176484 426769002 881804430
648137039 926774242 122889953
467951917 321916898 951985185
420001777 100738901 844941931
643261929 651733408 857176544
655959995 662676872 911499853
95188502 2644681 132398091
420461869 815184035 951943620
55904294 664820946 738311614
453717610 438033302 118782445
645192050 297688108 460627236
233094074 522366069 916729013
92943155 551179392 530233069
837328359 330291549 132424443
704119016 558853616 985425974
228233136 130123618 186652770
181080491 462986310 546482690
549309230 402267388 574473645
307021607 507310930 258082149
212986680 236647718 369133362
309763139 734604690 495977495
318226997 12911250 41785378
702914305 334962820 765366843
803540544 709666176 925071280
982680216 861719297 207363991
176782364 501626236 273279273
377999616 880777796 482061846
87804065 587951858 588274041
823077810 8587316 500213903
652344194 794725571 992587136
127724939 528478400 652088420
245929030 1224270 694346134
71370016 420021009 562547338
425483068 355528563 353576060
352666472 821494567 147035805
897271499 626523322 175825947
49734208 578585221 446970928
841023526 844649975 673599143
516515486 65511936 52857793
450689489 443836456 720149866
326465576 647033073 756722483
685083844 401676081 761050033
725317832 215054886 202305891
549645102 337703707 608576658
13518805 56851382 7698405
681465923 568154307 456101746
851530306 320633019 79838987
900872777 754635937 995448878
748508504 178323178 173732275
428222214 141241319 941011930
649176084 925881082 253932680
546008 524263271 365175844
767297980 542289229 944844544
76095054 196144157 908585724
379461125 333679688 131438010
204953797 592205240 506580065
678682265 353469308 151125920
348076565 147782088 524115809
794814753 584729991 475971729
917622836 116781899 329809445
893055076 546388732 443044980
370570197 164076865 376721520
957078707 256850491 300550799
420200101 301289816 374828195
282249708 110004500 769233470
10383810 426598525 306062201
544142208 705385700 995993741
781802460 593220595 285419899
191711131 50702453 910312950
869394790 620661245 625179183
295437003 3497092 713211562
55492663 458804562 194035655
906800002 509614590 442857800
325294243 877596287 713266490
239178403 96692766 290450164
361351757 547469613 204906841
627285838 702638117 555641876
656779179 261015048 3813040
549578573 344549091 424792406
691872464 522069918 893401291
730890952 992234829 404732217
50370878 515326506 647409189
604865591 515082063 32487193
490383847 733253375 522356243
658609581 131446602 623567419
292584833 55848062 22997364
339667723 371131798 477522841
51404103 296926222 10355111
849692157 878909693 864925569
546530617 962923908 447533219
555991974 765267708 61804658
377374370 266258808 872694236
338467328 25896547 753335506
974597903 168178265 669469316
981636943 574273075 951596406
76254035 456634231 868219992
120942393 174866140 283958332
534470985 237462659 804089069
333808425 463153323 111855832
754984955 202598751 879630724
961561258 261793875 99736720
796147256 27319408 690431193
77502544 921235687 602267423
502168771 749350052 304615806
358461933 407470023 324701702
806662834 93219634 2498316
631138944 586461297 433990074
190423542 649398 583599448
156740493 642051013 498947624
702571470 17854607 802802353
610570461 815795539 121720466
105044804 41077115 433112862
934142264 139865714 19518955
586123797 329926183 434845095
697567834 785388262 136108680
809693 188461920 774383341
282930159 790500914 568213277
565222201 905710375 273756292
714425024 926769121 444133445
521701485 996739796 889182864
500764465 285143977 236724056
194084089 24299399 51154187
740161971 23411514 991362188
23910160 645259124 847382405
477035789 210553095 897403264
338373379 663371210 832683560
672944216 33997925 231378532
360341409 372992400 425422206
725288782 531010086 796455368
391510421 959514906 613625364
665741997 95202541 688717284
378834756 248819325 219756952
566313111 180066643 554787659
234702587 880105877 17884133
48423069 473171078 428284901
663640737 211647035 617821766
387775794 818941433 740370166
619780882 293532949 198263703
49199690 791370987 823705157
342116799 582467796 596871724
276987834 814211839 884137782
902598281 203103740 582979834
384412810 960997471 213491505
321802559 228962706 268983239
359433880 590996423 621032910
155878015 581558572 977222224
944850643 949375248 605513682
30954805 632384666 644298745
434621713 985414973 59087469
202955913 344949727 105515615
670717010 666418810 330871873
365521495 222667288 91915155
925433445 155571809 738254943
731582270 703289148 776391214
540600564 103735392 937274996
608562960 779193128 698033388
544875183 343913990 406719273
467862529 434051925 707771515
984906938 174119292 961446667
26699609 947014452 138437898
592424288 9656858 887046165
405702621 735749760 330562693
761495174 924851156 552440734
946636510 852535042 607156522
108264939 880177740 689319996
230610498 62866919 240397028
273830911 377937395 183453191
368403972 831256761 453048732
525126495 572219200 236254454
418914294 702691785 809362592
513231959 143556556 277484710
881398671 890976066 281676703
25189162 185427925 147429717
823220623 165901396 773641321
109037402 842147891 147189790
451004337 249620503 576067838
671167972 417984738 769227442
531862720 496175420 30343065
283411467 520061336 940986125
586921862 760392905 680155091
275801842 821699125 129016236
128758876 980811242 811668996
180387666 621253368 955590385
356589672 764022778 388758108
214930919 250337810 305402760
751765414 628557167 269780393
81139576 939081873 408854389
517674287 243232944 212638066
290937048 665986576 647221722
402400589 516498922 251202708
489838365 16248239 679064936
558422307 437295286 667696513
60752404 567290974 809335537
298525061 826782556 430172228
301279599 819921353 546823010
508243800 923907672 18151994
693517925 149908944 11422025
619813184 356257799 453365170
42498206 209535860 683104310
85794750 275352950 497499616
946984401 570245995 4587707
266680145 699474676 853774189
959698496 806874659 735078093
49305602 779259151 623291644
385342334 151523273 850377077
251073096 453631121 570402100
877914736 476895578 273761363
540685661 825389603 55142697
1472376 109316061 244331631
21018926 423296958 28760388
550444044 384798213 426589167
235857111 325805851 736021265
707730100 448421609 57313047
529044942 285515240 249041715
688377968 393748760 936259131
582965893 263815408 479219169
81549861 292191138 90740611
589293212 260064512 115762105
745298241 555248249 710677739
222699915 524098739 110535925
667450824 759478571 903869325
957655872 239585388 424518020
884102105 24153598 8900883
127598565 296333018 20328851
105348155 255844072 499733741
172682861 995605078 530347435
790344474 823978809 3296156
279558550 686216862 956728142
176599362 924125818 543919847
756816583 912334589 717060049
605814089 181477786 51250995
233332492 492068430 291385911
446359461 30838068 361002773
702596924 363718049 527631305
949917382 252184116 492216644
648031744 319046089 241094368
530475847 766879520 374430599
887766923 508373963 503591823
309571523 200136365 899106474
883191872 857562351 194472611
328665147 28517301 275513287
2102311 226789768 70093523
466959887 380434264 103253975
839845183 231906112 773755095
840150256 768012854 668908276
216434644 652854711 76281021
93644801 288264712 164843553
662735861 470190539 604299338
219338917 447746365 529312628
758715783 671093925 14519201
281942580 650104086 25690620
346910201 839518816 540734765
265158512 169600552 278114943
890694445 172529057 206706211
264854175 850720646 163687707
665152841 550204592 409663555
113824017 373556014 255779930
198603859 35290488 550923742
648236641 836464164 938564419
962884089 890261353 89577131
988895654 777799521 218805858
371602376 265126383 225479226
708972482 679521400 318404103
891575750 184618023 11313151
386911912 390951447 513799815
629872272 381018271 211597431
657666126 234614510 9300894
78532147 438220955 440155389
393462238 373814031 9529899
358629343 687128694 745908627
820912587 336773115 984572939
848016436 562417592 988727180
988052607 180866835 426769556
40728366 142405969 384888301
1050262 828608930 752555190
251301634 178419435 538751795
725517162 601098291 519014360
31969225 490199818 582486867
807153406 591269607 942935051
902704608 656372300 367691587
834880712 860507679 214626234
317404828 429505830 66363594
234790155 856617483 308766230
846943167 495859918 772866065
394673692 258997672 214134486
957862564 687511701 263024216
511910244 969212437 320070055
178969342 587176413 495830107
228873529 305176135 956125760
476775392 609265764 126204761
797890070 454447762 516759304
145821339 683770195 968681029
240672184 667396884 196834696
988784174 913362562 655161326
972193868 370539612 844689462
664815584 814548934 179183586
874517263 41181705 620018234
924959183 87952221 340914590
776513972 385738453 349639156
257184428 997746850 458325484
248405762 896531693 726570122
327222681 661108798 133563102
533642051 896384941 668581158
352933210 194179698 12601522
74240085 632429560 521922867
589268187 581396255 297485996
506111843 333442149 398676363
220881079 627166449 819487637
588169395 725182236 467917903
515644575 822699623 262756083
916289496 709478633 333946660
419444152 568528535 495244939
544359103 399449217 733916968
601864643 431723114 704235184
64580977 973700118 54762440
923948414 910287794 689524697
494929552 972508868 260392453
194951827 619563014 788248989
287815317 816064486 936222064
698995710 775048178 600070321
544452605 901390537 951679540
401383861 894421756 549749552
949441830 32399201 930761617
921173976 173621320 766187161
487670308 266210638 625243267
153543824 831093808 89197451
417471801 432986034 814262453
822864488 458102432 182974586
881817383 123342086 454877388
571768238 261001320 777475000
699974470 310192073 272353288
653231343 411640764 109640274
310275596 197299216 533472004
974568444 493920922 350864463
884832715 136200333 71112671
303469999 160570462 13837824
628529796 598161390 977377721
383144352 552830593 184954446
60265714 661650653 744031226
419292827 289781717 38333260
507302854 956136828 51426719
23847621 344619029 192977493
203466331 901228293 162955980
941750509 347384420 483660059
146183368 832332255 484800445
755715796 213735114 478033911
90013472 485285170 25209993
291983715 141949979 259515488
276892800 700384376 730230008
838370053 759204869 639139085
139531699 839527510 28375627
807018875 431981139 763135349
16881594 765370569 262089312
419618541 461399402 584198044
127994155 901464542 988423328
603185727 798894956 673244345
249583203 495922695 543390944
544410173 377873454 246954773
25121208 520402251 739746848
697704841 592140089 931475183
553226518 551949457 173701165
794665058 831386347 597422135
229052033 654279142 290449262
243129929 798848565 591048344
290772799 675104560 876382558
980452483 829557575 288413241
423588680 222955558 262031226
564374144 975479607 405661108
704046304 206900407 643582641
258086037 676683476 953227290
253583154 450820073 454514099
334073340 715943942 258893070
205918157 719678921 206848874
768535773 504262653 395669657
128079646 989776802 614985936
504622224 675433112 548046460
207246302 234611140 558704448
60591413 20267348 862260506
399026509 114268980 636255422
260674990 912594685 83380773
429695436 494218016 560878496
63733287 225682539 948417692
548346189 653248883 652934077
664352236 842296889 685382830
256500445 918849725 576707436
301056354 423696223 206440335
886187305 862305641 666746811
265300582 609579636 136178287
615674269 922251059 94181831
394776386 951943573 729356627
847804662 736478211 841672654
344294137 268226783 401778732
92592331 390256680 626832785
445772 813270385 814593816
935727783 854052301 148143886
114949015 650715727 186800487
80823883 565889115 490421716
314563282 482326004 506959563
181931436 827626769 37480806
495939629 56430958 918319174
170906740 63787031 790261620
328272476 539890890 962685279
114242114 533912517 632131104
679960188 122418750 687646173
113339168 894448080 458642877
596636715 600419890 683085703
959953724 164548393 683359688
870510051 495904756 991492532
450272829 975169179 480976612
951024808 177611752 729270541
961048057 900862316 567152533
244579543 564707552 339452695
268774424 607913839 965113702
478516619 532485267 602245021
873022138 353457165 930107689
308694309 779577230 163831319
558711231 943971690 617057091
435085420 831639314 380688174
470622729 328289368 881255112
415237267 548664921 931651108
861441552 472603137 204861771
354931981 585630422 737784743
124556480 782787441 196983393
341776169 255104948 364057362
166562515 985384625 502167664
166120514 852121271 258303827
891418838 27525722 214640355
150000150 865303059 265383468
13814168 888753816 114734646
695136916 480502227 873067665
676932810 547316866 297772727
757132372 295982587 117063537
115556190 138847143 409422208
490483807 85316798 24307233
315202326 375239680 707395005
424653278 251729967 67927897
957338891 69416323 155694405
226356823 693874646 745368195
130005510 667186082 874671288
225085101 261238114 769836215
869140561 961871199 997699557
755116688 290486904 62277797
338185981 879233980 100559655
912106582 181933902 305796795
853592781 731212601 624073947
950205542 106150717 638285683
938021910 742603782 775765402
469798238 422833304 257731656
70244836 284633227 112822058
758575221 634447631 114334195
551144744 411787854 503060599
624403276 606550919 295347323
340855398 554871204 543222072
977239056 591432639 417894006
449505813 965217237 760911198
823209757 235693366 825923164
469018709 875611728 625345934
95153920 988901449 218643593
909507063 338198490 538446853
519502530 546397464 301491979
826490163 200959449 225992412
112536370 508209967 832893296
315540237 461517658 440396560
640451407 128283732 413401127
317842660 347387008 35963656
45178196 357109321 750057064
727869649 476992029 223266072
339255908 585330222 1417359
550166680 252700347 140770152
613477781 675129601 977621159
40047130 912544643 789545589
227607296 926205379 123459027
262952008 486618567 750667698
599116846 711376134 429062944
930178433 801127549 109624616
426815320 702282194 112112618
639175391 202957522 596362287
510729945 896089704 676083716
736387083 276230202 155026936
47493047 768169200 356303603
171340012 17708136 463715031
950117132 690035807 547341446
589806392 648383022 674334261
790311940 598590116 451023408
83737705 689705761 22761559
196602695 603294392 247419553
822367969 907457951 534506635
21116473 39685760 895241268
380629434 271938380 290996818
787481279 292231014 721611892
630229390 865079664 116005164
697791020 617846559 380257318
157488156 718539993 916587856
888806673 501514089 381425540
190523259 642700591 962642625
768478303 944312137 597621462
269547075 573773722 199179563
551622462 442578803 990011084
145853300 39356949 14747156
171858949 458474995 571669530
3149611 874938798 508112667
36146270 126116067 566723042
460218977 619327932 691630108
258072655 342904058 693255201
636031595 610728670 522244792
711800342 611236193 144638365
900012514 283135689 881048496
322187483 263890726 239890599
598674259 337479246 418060060
528942435 608210082 87500734
343400125 787477217 851115912
283272541 586936181 750249915
250306988 21321558 965979987
32395969 367797711 465461794
20779304 50482473 644317679
919360967 411958057 434999741
516845000 88635813 472810568
67411084 179171746 921248677
686768919 126339277 663036492
389054112 529592207 571447121
26686781 314189718 153309905
432532096 535363461 663256746
348764402 104587363 953107584
772339440 689242809 279625521
556506890 539643487 324699729
686507139 83866817 174672430
353116898 273249885 724239093
320203660 368952210 490809591
573062717 356960347 658260109
657386957 695803234 119944908
825760552 268115791 967035160
133858459 531380168 587414826
949847516 397570091 786932534
401744719 583628035 945199526
433110959 490717234 903115018
666100547 403156946 613707281
31204116 7965543 950090648
240449147 545174991 647008915
559854485 446391243 913042605
115235012 258645331 144426042
450915925 378325250 157704959
315360495 810880558 845814887
668592312 931594124 665693561
358081532 700745275 583519547
150694866 828616830 754947279
760820729 864811048 961946276
336940706 837909502 711949066
671590890 193311822 100731719
218731146 469080797 544396288
58939702 333318587 16344607
622949701 817788908 336318175
518859296 888054038 981787877
234869104 350535486 609283305
931436643 93191287 826065358
404637216 339449048 97927066
176182035 250570045 281680735
72648615 39922731 735313955
208759875 531182823 540483342
418050323 927563200 922998007
919745101 235532280 888884310
316785834 616257458 645498275
192951074 406393852 900441876
130231715 714642651 334854175
264613615 491964191 648847833
124617643 283683161 745709506
330041478 501462365 167645137
162994057 606360885 61631778
326669947 273093173 853379374
980072382 489315192 486754652
27006364 614892727 122031878
610121861 616744347 815588811
888860364 304393273 810263212
460572037 467768768 202708186
260547615 164120011 102142291
770545747 55588531 716791694
926820054 621105862 467231953
57091835 452178973 489400930
229571473 727431274 377530792
662290104 671677617 723119104
950070267 365761990 900537221
419464519 598269446 105532421
742766645 420149063 3176730
448224948 635011692 972652993
943539563 773222880 933137352
357885833 45926213 766013646
912982777 412391813 90861260
547050939 490896201 546683139
835009392 823380083 717697446
555451117 131649729 612990136
356038242 122696728 294506509
571225356 976741718 567512615
395588228 106153544 621093721
116547464 685878557 654889318
867919049 641325450 536206403
823577733 883813703 713105200
313914170 444225015 892628973
38013482 527650085 837273277
239651795 687019790 927827751
838493817 788314732 295404520
423031871 55921793 802309515
862972136 157999356 954288194
996027466 483646496 454495286
527152213 929526898 926528489
440468551 182985973 816016551
921982795 974863372 249514564
512972512 269347489 149864350
89306332 890545944 85221879
679383994 924555798 272480297
295559531 690062052 186979436
164343713 731009560 926294652
46056111 371890703 801791007
358818393 636815368 548219086
189020436 478218900 619364916
537029715 120662677 522590742
747625741 182381752 613266936
886402813 282428519 501413478
321401177 914124801 137530207
457839410 103601219 73267850
847562176 908922762 373751819
509702548 648051158 773834002
547461873 76321712 116662623
142676897 442029029 97690399
661178485 361808621 25869195
290057659 488119064 206298573
412987773 300853682 186990119
30907932 994006445 137348746
491011957 847313946 684710065
537038540 507216260 71172197
56177516 112740732 960047730
17278256 502743080 918637693
377238995 647781742 359326205
41829945 36798833 948879748
760474068 315109752 550473393
346939589 436133331 180492001
121168529 320140768 505238054
270958735 44238341 217121505
868391934 361684047 261151463
649426482 216117716 569693708
838247020 340804792 143132822
83718557 234779352 449418001
822312047 634485141 509903724
194942648 283023335 178305017
879573375 138865919 754237707
747505045 870464869 150634553
969668475 349655708 876339376
86048424 261471552 602550510
422257522 462210245 493616618
741110405 419602601 541606441
333837510 663957217 792956925
788185325 623756370 300104325
861639175 995458827 526997483
548665020 276578976 638683528
367657224 802429165 207394472
657590244 105626360 568077704
380646847 627726839 703668583
281112171 263648997 159547370
466497515 820690056 537025716
786038378 492848128 672279256
714095849 511125050 326932686
498218698 792479335 710324119
519367908 866076406 666761474
985400802 862026889 569030340
729351479 116029039 906410758
893960040 378070697 480853582
59663693 90679576 84138324
201012913 997293658 867217941
685628395 884904649 161459315
345265583 854970403 126296658
75321579 399316092 509160749
126595642 45243555 867620634
270559740 605174099 861189774
864763952 476591199 415678994
842434728 909507851 669272109
938468986 460296886 73516707
46983212 194859313 830669395
115598137 248600186 467610802
670621794 174603591 897269987
730344495 966571683 297187115
291158454 66371669 222772134
264569754 918281047 281019911
130431258 752145883 95481168
808248316 191313956 349166301
707224491 451017747 118985568
490578280 181344593 266457175
99622859 463493607 850887434
964924340 929795601 333247950
609982196 493204997 702817676
7824216 413123027 65898212
695411477 825889832 9615297
283938405 300740421 792910362
407937312 441608460 41671753
773427573 507536239 986764010
940470404 951009798 511157370
863332638 541415551 920617430
131683206 927509231 425032773
24340100 466881894 693872367
600767160 468684714 378484849
866413805 352545346 409449525
1707607 702276086 248773018
683746935 852033127 404388913
537247978 297246835 413905667
536054270 186538149 691703365
991587921 815437933 490224577
289673158 15406654 751433433
834052510 273968464 854210979
805053089 266626578 503696433
707010638 394305121 907413862
630254520 458213800 496167055
149973052 660939478 812546863
488924141 838800043 855743372
563042544 713248445 935783312
353777990 712485798 37941203
429605946 662362159 279659897
343593425 128020507 921030344
108269762 421882492 960137316
168041148 997582247 797215120
244744963 910380189 907161758
607609121 317290410 551570364
66390517 102618119 640176876
386130620 797043138 959007959
582740244 697014823 363633168
94765875 105265460 76827055
580879922 778423603 859759973
600706801 70840303 16275976
192484825 598141980 190895934
888369657 625453934 196251612
783963318 426045050 166484299
202794864 361307005 800511205
476445183 175017413 946806665
968277911 296009800 268010160
184771224 777886594 363884162
457997471 823536476 367608206
683874999 159047003 892685111
421046821 423988785 660816121
739146442 326798765 86817745
257246341 11022285 360652752
378015833 353919575 21951853
231270166 723916822 480320632
664044845 671264850 212356749
753762327 369807692 53135396
310777933 814994233 668613076
727708900 431684691 522721928
544980167 15815647 791390814
218944253 712258830 65075561
441830287 359093772 83311644
338417767 933132764 231614395
214107552 359688939 443909879
609832098 258482542 490736886
217076750 252331592 57586159
531026245 675948080 427462651
850654320 90560342 729655163
817161919 47143251 846804181
304597102 278242434 204951395
228139006 905647861 310102601
845436047 397037563 973695300
150090432 298437136 360569526
382006043 384536611 973476948
83919768 236084190 7513357
282926117 409556433 840524291
995173940 979274885 563489561
359131972 283265934 594594078
980569546 948668569 600797412
577165404 509912015 932860085
843469983 312574906 515949683
763322030 341285416 313522407
295315224 962002032 466934315
363874970 468182015 895978960
530198543 97312683 909386592
46735291 443212961 662998505
678933595 170773220 115545638
761622775 712016363 926481217
500133029 952849794 901576841
936708725 489471268 802934095
106944795 695190087 194964353
189635413 278003477 504100559
444159945 922986764 25399534
836055478 886212584 836643391
146894770 221511733 750521608
171539131 782007041 149272508
4513104 199879933 839243936
66820100 126074157 684374141
85409470 12524581 776911073
275140914 604793220 882744249
274065644 563403506 680787392
313693785 132590350 65042390
250122461 326443433 871583715
985754315 620020084 103939694
858684669 472187217 834403238
999525231 197501675 972118281
4527903 399180573 550868181
114213775 557448200 228798199
516431343 885637155 885782723
237342110 619436056 690021175
226960989 778586651 210054864
935515729 259529714 68441573
357742451 153617043 732361567
285041478 963553525 241156920
262135353 609132887 290856099
311314089 872444483 936161102
902410875 89457577 555598539
129547634 269184649 376293842
57412590 286148091 641938379
219273110 204387490 929229581
659906071 420173910 695823705
755904232 189190924 248219823
484901171 151046290 116827994
342755631 703962624 472485739
1903752 717239037 95967083
912647432 673190330 839102643
588945853 82142253 298471012
911113022 182262085 775180865
754965554 399972176 34251160
335143369 551551736 36812059
475698443 817657343 274766167
207959540 452212013 932646158
8300490 233734605 420990607
438029413 471514335 672934870
156414760 465017904 242114602
322688960 728048102 997066153
667772370 117563743 742758976
318140632 286554984 849538939
926642645 493786562 240852899
188021837 264435595 520458904
869338471 901487837 832987152
880447656 772328033 616752215
748304122 533042941 20438314
943958025 876519530 149063126
215774344 564967148 79740177
536431497 696889536 520365962
161617530 231609280 461644230
599458101 330124014 366431322
923679942 584461752 46040581
608799863 233650821 583394826
3511137 431304044 127966980
171672147 711221960 46992430
99677541 868633954 73545122
612604610 517541283 525304179
210644243 252620638 668988026
917735390 513107185 868555009
93623595 655998709 502595707
819493423 932883306 731273513
544532516 927116757 321485260
479502272 785557035 35676314
782380324 610937608 513852830
162400920 709468282 388135999
492629172 904958979 538028052
779842660 786604607 526032271
231939547 537524526 479078718
840751623 864219513 539929141
243294105 716689514 942339118
318379171 608185370 871166560
37851883 825771860 417467774
863057484 558003635 546517559
623859755 760761329 513849607
112816245 724128880 139635621
46900176 207658622 987066436
569275453 681641045 128028022
783567833 733067422 483970838
373247710 329129970 311529630
149703363 275127936 535754309
981396522 514348402 467573605
77545436 228685915 951427825
561742593 879910965 191369004
635851038 516661732 88161563
289946991 977220520 924938684
388626277 305273479 466134143
812291292 648876714 320692568
531367505 988139710 767855684
143381790 319208825 872490474
322033462 709484567 104053952
997120190 686376424 539456311
59512610 164388354 69343684
928738979 21529392 379268325
908581025 888899958 384897334
95514735 770742393 93034495
723830463 7840465 23723529
770051288 667448266 999615210
206809430 432438332 303461567
259038284 173889542 966187823
94124161 778622499 644995214
241680428 344823381 614816783
949982647 71993476 376505023
68074157 909821692 343362995
631037468 429549770 592283363
952919262 889716837 886142149
423891084 671760620 990489403
402730527 766438660 345260970
246755567 830540440 438390233
478576755 748297915 825060936
550865742 207220509 520367313
945074444 213183479 415563360
557320817 760129080 201831346
168428625 531131162 796840687
782805865 388366491 710689489
616572685 47631479 924785766
281576394 102472424 707585833
168818653 831745507 174496278
435539345 218569628 179637485
261966689 623749528 114355596
787434653 611868293 410872893
210714888 203260238 659332782
22752853 721393263 161676718
146048849 90774513 185176057
137753791 164815761 34690912
546534862 473194461 913669894
452939922 207783305 964107771
884404343 363093320 392425951
690663368 221207396 311632716
301622560 485058355 441550377
271023600 296377504 679774666
334466986 918657616 904532673
177972902 42644425 145001865
315062498 977028658 835087400
575479506 844446461 777085482
45567271 757163153 683010923
995226084 55495496 253979261
609551344 192844669 96144240
891843848 127087457 842402921
195227762 611487318 57920967
822483469 70254805 264336108
885018387 897265759 686839665
141535289 788683578 974119857
861036431 616399847 31830793
593868571 210384618 684391086
735056397 239270294 587828152
339133651 995410936 988486006
455543695 90474805 369814098
736440813 869633038 100022552
508747514 342929209 444046580
742213016 161825895 964088190
514005904 570644828 33720985
921039731 73735139 571748630
212870649 619491992 785683408
800883047 93110681 563956966
693410709 240913191 226104829
391187165 291361282 851400717
927275529 448867483 228228948
748518511 288105610 622876028
852597005 262125435 546614359
464096822 561964981 839020522
661249432 885134387 601637830
522246056 207079716 691527952
886778420 853074720 787919260
786702213 923867125 761880229
759202015 228366568 943986265
401686465 103642976 3720836
259913719 705046764 92844904
784743858 927721105 849573056
593154284 543347113 444249853
571839281 85628228 915533486
201329335 441885447 225121414
876132258 918107402 151633376
983716044 389183672 595312612
931556881 734547192 605471764
967851651 941609640 863017083
510740087 965342858 507665106
643762392 147862903 917868768
222112063 413520255 161893134
420726265 646657621 855784112
973641848 910780939 896896091
214357843 742265861 442050274
580324936 920940216 988207903
398214721 673291760 284412130
178819466 879904879 188784216
436869256 720228150 309502594
441818724 381920784 441844180
660945850 69343853 833329038
406812033 955843540 552643767
239270414 403778218 406817287
688565877 722959101 363337415
184827607 488346946 682698219
760067696 936076954 84685793
6965105 96857974 320897259
931923233 831181398 629089722
984110431 783245920 834291128
526628272 214534519 472347778
938808303 174665587 374051431
937959954 189399923 792527777
344712267 349309573 794285622
285627427 375810300 517870131
285913499 496053551 670966411
633961915 280163124 461247938
241966550 420549201 134994083
635664101 727793950 307551253
650499925 459536334 646365259
494393483 875347515 387652114
466976320 189904439 874310665
255704908 95360579 733254208
314762044 983447634 205937407
958012746 510896702 959539553
101261248 71043544 835514495
387878491 137952803 958095946
705333549 191743060 324739324
742572197 883051408 332804283
29223251 399900740 582423342
883807494 394454568 531886413
819505500 467896795 790835753
258931156 570200697 449304461
503885517 886408770 602042115
551304459 757644624 135962771
704232637 829543933 891403341
322816694 76795561 155638440
735976580 704104040 644809765
51086631 649125054 457620937
210809265 853290688 547541157
944282564 555335305 896009311
126282288 189007890 28187465
587839841 552903909 154934572
159189172 615536505 444351418
879644916 227989212 779003116
713206084 695155179 348916414
223636733 978610396 325043437
291636073 846701048 867739220
434779440 107074265 457597594
722460702 810019763 729557412
122698581 935085641 977845440
412818155 508104294 543709842
957012965 12744592 768371704
39875168 845444315 237594860
751296168 203217465 747091255
417613395 71454464 866757480
885056906 938473757 863556190
9315629 164117391 766597157
727519869 777459450 984722505
807656368 670319989 434369561
209804330 629460150 95216455
889002851 366800162 255148841
857091994 363532552 389965512
308892359 142057815 815206850
926766310 967086554 47305617
643744401 523265868 895136183
545061663 87668882 500135179
45546660 766696678 279225746
152540835 120404903 567985620
339928566 625315459 601660044
561699372 574338064 658207792
387259637 482078309 250351328
559014248 327136980 207787094
510155209 386834721 971681389
192783720 906635879 681126072
968306312 380620552 105004474
207496557 124033020 840258448
995472607 801757063 479345465
703452516 786578982 669368303
693914102 413496442 205937904
760690605 306967687 745469319
340279816 798926454 354963454
873157464 796217665 791786243
38254090 744962424 512627547
361368125 816042831 178490500
62843396 583379230 483469870
896062111 622989734 351265691
878182625 156141409 669348759
934403345 67185308 654649099
623346121 939410564 62860611
541583182 238653888 680416508
254408342 482380036 574756896
484006067 500668788 237887168
386535077 633915298 506633633
811524554 428784006 71432860
272353804 570879927 286544360
781964102 215220073 555098736
69090063 262081964 279919338
261231546 596829394 29542826
270247416 304300162 374680994
21885784 753581091 662186179
585068684 399713853 239235931
304296879 694707344 72587536
421738972 422508298 629965417
890950432 742087973 160033328
263000485 470367233 460238828
901496364 356580756 672348122
385767093 559648828 386202479
681476121 508475274 891765416
379279624 651170001 267882649
83501286 970044870 432228904
983877719 655142233 921175379
939126614 526255728 226380650
828720955 409859929 177113243
228002816 674009166 925462883
677889279 396835172 75950852
5476605 836385345 405927517
12164861 896862739 350777972
521872294 745830521 751301229
854653618 568283184 477338611
862480421 849734210 101591104
962518612 71286906 24463820
264057230 108691348 361296621
175897125 64926052 869271813
158463137 23382064 958193886
338754709 158859191 197750460
793082118 328620577 841039673
114302616 710216215 564841652
633618774 288975940 419138761
879523036 5924195 817173551
238892029 286104136 904531916
171110119 244941775 256631494
382109037 207625630 55660383
13381123 110288495 816742469
592618879 455449967 173937680
665798252 441860439 909495396
689901288 292993020 200486578
790061484 221856524 478683344
326009344 733871057 521536135
926773462 953663035 335983676
607220633 203573103 248636219
88439085 13200047 976268037
876673651 104226018 142865627
127665250 975621462 648375601
678280033 609820020 950999130
661509786 56334367 858040612
899033391 968206095 164835367
297725018 345779945 90556627
675472987 91472057 826227326
909701099 279564569 106710642
557234081 13124296 729696291
533808869 386377875 609132922
365016341 825354207 593268744
106015527 38546952 980559323
897552883 488337165 151058344
680226318 505854911 46068186
811860511 645016880 990108826
33306347 59100961 575735856
435672998 854203581 998052161
186046420 970004162 582348687
203211569 156527460 659946504
903695745 10477293 813313599
308277475 528228702 697434034
558728902 957193072 991458212
140560720 56105364 61534824
489483538 273948138 752241449
475433447 863257366 567673024
252112152 613525241 965144367
820618525 438390820 977872615
25566648 781557400 384212784
878913819 595966007 1596579
407370192 656864471 803981044
778407706 27883458 753904442
552295874 69508541 667017885
371217820 525763817 300963423
624874577 18318649 748063323
223499720 949199646 834509941
711878643 662538578 860575604
482763117 911555997 887520176
604743554 179486763 363607135
61986407 165586451 684094824
759866935 395813386 210627996
438871923 687386964 364715583
84333694 480876713 873989310
215969376 635050162 31174248
945323228 707132827 170866752
636011946 509735327 727596571
117492870 131336478 854379339
989327400 514188490 945778640
199081194 316473711 136035471
31269020 633032404 555255356
953495224 651914896 148433010
339355468 787156159 631415098
37192878 916003464 465100154
402514907 83671151 40540138
745537971 690902704 635215179
578890895 208905859 170306359
527038725 383927696 790560412
128728765 564954301 699156818
179628119 379005275 730233699
173629730 922143793 338536432
865813460 138656053 608986634
548151553 640109254 536610898
912154283 139848790 605379977
315500973 669543111 782902823
245066937 657526935 800489916
387499241 550880170 58143607
445977154 368751564 41198196
431904937 987775352 916240715
697208127 768116438 985405394
839435852 701858735 624888651
929301014 57239759 365196228
849315994 526989905 284768814
949802336 413928977 16342541
800772624 161526213 194678843
509942443 757770358 382826253
400253002 162604826 735745472
650290546 435510940 412725291
625618912 675042652 203818430
180276626 210070288 432298988
835613627 17120633 912443186
450906014 129984076 577571828
322145134 961681620 313834938
444082162 967780590 315165201
343048818 878685474 845419479
828130549 378553890 580024066
397268557 138959913 526556836
962165587 790734524 378567074
337068286 314794928 372340004
945819493 174107663 541899830
177966624 520083811 298988163
911666715 546493170 824570194
5924384 189508941 363529027
324004787 737337124 975789961
87952131 608308670 246581025
807957637 843556802 53452887
923148778 778245429 889805215
643002554 137355137 4836588
488594401 133496159 935748019
81566916 122108769 22294028
897303416 513501368 853997609
580905684 726445688 789146900
833954427 979628592 556137157
634664531 961157178 869015344
542605496 77372341 86658113
113376715 862719075 381250284
272530514 780042170 939478964
953844792 331566984 971007966
246848922 561325860 551626815
510990904 584999802 566114749
742208572 95587996 752500141
148671936 98121785 269207718
482171723 726433508 447279124
619578609 983426402 166934464
789321303 5159843 40170576
497920558 435973178 217762723
824880488 498963340 321947734
952136436 312667832 129122047
152033884 813314464 685317996
233626288 654447178 137022947
926362133 966034762 803995601
267145865 393873418 105437943
574964284 480533768 132667380
164450293 171049530 899647917
497714127 606016556 161539670
88383579 262014733 529821105
176596287 722144021 167225712
528560232 742959975 213928817
65478427 845923085 371183888
751503977 633497527 712208196
638919765 441989293 743892173
308892808 793458764 265579027
808806588 475825224 564591342
873524744 287704308 672528660
334154291 877154936 765992180
129091309 108062612 348925484
348806276 959642509 526196150
259768387 552299882 385057485
869947810 822889289 382712287
114472895 148832435 859386175
67784927 46498647 424714895
514475348 766188061 957857292
969188872 779666856 748071
255089500 253371035 74863526
548403131 378853755 152892671
922865423 747881126 27154109
217141175 481058482 302686167
390822775 26015191 649719953
796401146 52750148 646360313
641305169 9412783 125490596
785136394 957998464 410167201
649987968 265348703 197059012
644735555 50109417 589915203
276481934 867197975 982253223
253603536 211661219 262010515
576176748 821616961 222882069
399464834 171042299 789409121
69967946 295439955 867622910
318417302 610780141 711102360
680761455 898019297 472863647
618204188 644578120 869457473
707913863 593765726 716700817
710330499 201633925 656771883
254369600 154471082 917034028
152923016 342146389 526640820
256652380 570524401 427403914
453651714 210040384 680415254
857564501 823095759 756440058
437355248 167420873 335992501
923599562 220039146 811372686
966513887 640555403 159128371
196466075 74745551 433289114
689128415 64560149 342665972
505132065 918685385 773168711
957485670 140008484 517542181
929048459 94620450 814450998
629236143 670961936 363194348
426994316 341042713 980192795
964261496 318687566 745724107
493725769 170528654 738106713
185955404 992088854 30402661
605167779 957791692 260033915
690578710 522803616 700706355
308544749 286225333 704835560
941390611 99560391 564308744
377543216 242079805 649369594
677894358 608197044 784364690
532124581 525443691 905308568
954827097 8720874 56735163
992146290 734984709 187747573
134537158 993140882 981827498
444165115 994697008 75318697
495925254 522146974 997068952
389841157 535012994 386371419
303455429 163354712 521751447
337608725 507242561 229181164
426310736 262053279 447075002
74240960 4800892 100624109
823974787 655202296 682928234
612273885 66914906 674943920
449872824 442615235 929937742
9226220 596637748 237326037
990916247 903992925 829036809
517079839 51360315 221150299
386651661 684282713 810661799
272352169 119111060 939434565
665659439 951145946 219926470
524104981 525200955 544535992
40219897 787403085 218916641
588805754 611741963 15010051
503919474 661602689 246204644
237682924 690517228 497951591
968854977 725975905 481007304
913843551 6854406 631205077
945177388 738788259 146904249
12428647 659005302 73874951
629976160 17199420 178323874
125567522 339036905 143292363
112529528 942446038 712271748
926110574 765194938 163204461
433767751 127047362 283872343
723697569 228889661 718622113
375311839 277181709 152200343
350992672 231797346 647427034
649446836 142125785 107778962
652464527 907003539 583397062
546147540 356173880 416324303
141983684 981113174 10695078
150256990 392932018 286000946
146323158 834250770 799788284
419544748 562700922 875705545
201864134 846742063 572310849
318025579 20422822 213441007
950241088 477446295 182385764
782948523 663548233 218209144
485127807 688525045 984873908
605532715 462637418 503311031
473157 464726771 635904539
421655221 811570705 503813041
586062629 300701888 889765437
901561892 915108399 771845761
347703442 952530843 21647458
538173849 711105837 631816749
376317556 823484943 810226048
790533553 932899973 470363417
192282567 63920588 769664709
569356182 319414665 286887040
205580673 442227417 681361683
221019677 144483217 47707103
304891254 694642434 140840376
129176285 996027572 130615213
94299884 368960527 204903400
729132190 295165908 27225549
475686746 191281085 693837644
690434789 406346453 19853572
577467587 456433429 451239378
759087941 579275960 180236630
465953802 116141910 900061949
169718496 424685428 106482977
497198404 443841763 143337677
37677645 9459221 93495661
179289096 304867505 57438867
213177287 182311679 219167618
252330792 366886537 112147056
892472620 164751708 310111734
258855897 74023030 378122534
361712978 818875490 291008999
450215753 120520961 227834170
744672837 926108042 220757260
492300038 942762035 92761570
56918234 502432949 351425965
188978598 66326135 703989754
320971599 328183646 72691565
819182758 103691655 980138458
853442629 124349093 308425531
608518588 134687894 625098498
889265401 908924646 900565140
811396222 619267034 412757500
359696017 810302557 551882630
144997441 276787571 602980635
548745331 60827974 848581918
307005152 604919181 337410881
746083969 640722622 317845349
963972263 355841512 87912268
626548060 205271063 93178379
766278886 539996589 866232129
345189855 499053775 183909892
418130087 369109669 128648889
344175336 101712240 216789367
473052139 874722985 857131496
721703890 949921223 682404688
712911852 111699836 218270444
408948777 946298515 165297757
81253701 215190145 434828397
765803240 921292019 894977851
88040792 15900674 193284454
566696940 308065371 943708667
248972800 326957225 858059030
731790479 160265456 457895310
931462935 83805059 451906916
945154923 806243814 950289942
517106812 651971729 20996494
117267611 742473940 791870285
566997536 207184551 192527928
769430516 84801457 420960403
715524293 227965697 883292089
877311103 202613441 910222144
165126143 390569464 815858695
26818523 36058932 647976030
639199641 993491294 319746721
753280361 108795786 914776901
173181945 273972411 189829763
269658439 776158467 41772764
805788079 639298799 130365824
32827632 608629021 925783752
987384729 168282303 962206177
879915076 459656611 671507720
959113035 466018082 764203844
607958417 96169627 750444316
919063555 602691015 293973786
373167052 314812478 871202031
426281863 144953256 704217020
448366235 60729873 754833974
373609043 908524462 113721297
174608076 837704228 750751656
335543271 206130244 662039316
378789273 611301527 356158953
796428878 386415734 831332021
472534837 27144378 527484263
258189056 214648259 810551687
18296100 731238042 91007255
516417106 241566591 876892603
401603721 186655168 675658602
165156422 822248899 83685226
123322589 748966869 795796339
990498046 958294567 689223884
53068768 70731526 115307576
759868243 903509995 367342786
115312327 851286245 33592139
156019881 343003935 224092428
259306717 491552079 202987387
388940914 344873499 408459413
514299250 160320211 399041830
33296979 126901188 860241414
809421714 954235759 973413018
95936088 73098178 167974152
584843843 796163947 641815043
980524905 615060556 429065212
624968861 703778219 472541578
183790374 754907844 995412528
458857416 131262411 501134579
812260033 118613216 603765036
962670383 519636679 436811832
949806981 935785288 222574113
611951176 528458132 200087469
136272780 145847634 668494961
411018170 783946842 162891219
527363398 461438643 322112295
236949398 162682324 839184094
25377864 548733814 30672300
62663695 255349035 609140966
535043859 509799683 251322562
392423739 579432116 926721941
277081070 284806129 555091378
280427998 787919930 69247623
160679481 952438857 952267816
39162268 921201519 301241972
380640353 443332225 499785247
253920039 921005950 313607396
961388757 917888196 932102728
124323154 228587984 258797225
823446189 460220375 16910608
703382761 245662831 937903416
487020987 904054903 10941228
450207858 335639818 479926551
784784833 225984851 931171035
641060701 623495431 604876526
729844454 443970453 328375858
254236538 248597092 511367946
196301958 460546010 615944367
276294570 566388061 920486274
890684564 114224051 696843604
80232041 839650209 302151717
471800446 404629158 827014142
283297051 611358617 200362446
663651811 355460245 677283825
750784577 903046415 833410299
565998834 509948927 362335060
971561389 545004006 613506427
442526232 591468039 239345226
718119904 782119324 640818873
476969107 10914008 728555336
229727158 142943277 888207106
721096598 540420294 606635616
239689120 414939353 271583470
426424644 630383037 793140345
339015496 935797245 427676538
95249315 475508528 892543868
767995873 634156673 294100254
137090009 354273752 465566588
283665446 778195176 247901874
320235837 731826382 299144920
760873033 931188996 756022954
288168491 415820516 662915139
990694841 99424449 858634058
661024324 945305817 403163390
443862030 361957626 280832830
276948600 840679428 884601577
749867783 976123351 498681778
357856125 304063016 473965140
828834535 110811383 44619090
543669504 758328435 32805893
836273946 847738983 328818870
307913482 664455421 500181034
328568768 591491318 45517638
508914568 427631987 261284908
374109484 424849277 900415607
201229841 932289686 583707524
387272067 543731235 906890441
215767669 248932348 213945555
608946641 547603888 655616270
914622517 522614934 545404620
248167821 292759468 357563368
410466217 120345888 971591530
528412493 676921042 675245447
539822944 757612702 629435277
968811381 904261932 594537411
510607762 444452558 719821901
479804328 291914699 693036109
216838485 660702240 657797970
319549117 321544651 956494689
418919585 224640054 144629861
249981669 906590355 890932686
644715605 821321885 43870523
408133488 902993846 873324342
876057557 232772675 452509198
399330373 983786834 434470219
411442772 553576620 762334801
409845694 368832124 827093773
532442182 817063943 182350678
90292748 43484205 454892819
685381540 814507571 807223168
688013328 89696047 307004036
732353555 530624404 498072314
937566685 512332060 162142440
24295009 452903539 322989824
800640746 769328034 627155158
165170766 105741702 360072005
84617657 550631867 459486304
6250190 636017595 85258798
753270037 216153550 118602247
584345815 872455937 616029267
387204257 392856305 925075084
358734151 96742343 989058959
952632470 701155138 410248525
160505219 117207452 103094094
544483100 208392142 535920453
294579725 304175493 353829099
391294175 698947095 548762421
721603675 862274916 590522257
946023959 684067936 313970476
262062140 183408392 791314680
543951471 199814686 62012833
234606855 578358381 203604465
67265692 794881448 365817435
92756360 712682257 677757296
153944209 322766998 912195243
817707075 708435378 992123631
462992949 390218614 932462887
344639355 959132899 387477790
995660436 440261812 974749873
106788699 802362473 197959872
217005959 245301590 764971665
529414405 186462208 840053985
779411094 647704729 393404776
693977943 976789765 554033248
419116120 743664052 469927351
494900271 133592135 664512621
437677192 286432422 379588722
462340091 608949153 122650375
337155278 339926836 76037228
949145716 228920576 954786434
423611555 498957843 184781228
469801849 963790975 887605346
549099362 770004930 141196778
690031467 815978333 701389837
597650101 800762599 536062218
616449830 945730675 849047985
638945744 678651233 121712846
125243172 18234739 760619706
742142959 17341277 120349108
56480254 517939501 275079329
738239355 359914733 626314577
423200108 32881915 818716819
61687695 364227685 865369143
745679304 135530139 895377818
795602527 539115366 312238310
599009199 267192920 17498563
164746741 466665185 955942031
118974686 556439876 706173095
577744731 696790336 942027140
654206227 324956355 430271010
901871454 948905094 902956971
914700312 137420127 743803028
735530191 752646258 664374841
795604775 424388927 241599565
274060803 895389718 99532192
83187248 606400168 684337566
376593308 233623478 943378273
100134 598435467 99764253
681845281 179918194 624301796
805234743 822575795 139468714
155135 872968085 795010097
956255190 233654354 771467469
114144832 873264459 181050236
520326513 134476653 642432824
618478822 16491078 424282076
232426780 872627081 969497654
522460476 321385154 20081505
123341624 774306407 431026277
676464165 568381921 446878700
180182453 184327751 537440173
501800723 824751884 904620721
585772985 942043446 820255217
586831245 341816460 581665113
372638935 261748374 144902435
689035207 982323163 106125906
797355774 461949833 245468957
312221741 735374446 531909554
176538583 573853916 993022143
841544842 837002572 319318414
627449448 933800057 35255225
996575993 369643404 117935052
378283090 577967526 303528734
858155028 758115481 788683136
976684178 746887473 195804900
961904721 227719549 790257809
943589681 171611545 672418641
559662680 541642607 404409083
776313834 686481659 772805263
56968448 43963143 158383
909518977 88885500 270723194
916755243 153345951 731350277
239596877 840439283 647520127
270035106 138903440 205870003
117742348 445541800 939075735
497828180 214333544 311582513
147640053 828691355 937513094
716389900 60482770 759675844
840343575 590067387 762496047
213761722 189866554 693166539
928614873 417000303 659347510
451753715 535025454 622917248
951264381 384119541 273823518
9961772 835295024 946754860
335192860 656991161 38298723
423076631 712304680 85881688
878738445 941574584 706266284
798582349 80911589 690457154
578804138 904995309 677947090
165240916 245942100 6236919
931936835 960899383 980600550
886261055 681696568 285490410
161966086 758803441 400556537
661719296 733189283 540808619
260257636 826675166 694627538
570929386 382159628 51715383
977827828 348767215 316482200
852174040 438303042 545914031
793449513 347525370 341466322
555736492 181362877 905189290
386835265 446344302 908679017
572770926 682723203 125390478
644335310 466155008 297582162
560013295 146126835 327730753
491112808 236768964 838465505
206752092 47026334 306376379
496815394 303641618 946197085
901288991 795177182 647942443
167708342 495921501 414428089
223204106 821737237 620196131
164853542 748715050 400382386
449843144 119887648 810355334
78712555 76921174 522167000
575373367 847919745 457213197
827456682 365747986 78116415
723267687 442816637 341031476
732368020 849010108 517108423
630658805 89628868 286345974
35720254 623695688 195549394
887121530 10243157 313631077
763095903 37154565 281806342
800251653 459558649 668493558
724949549 769776782 343009534
619972204 430718767 528122855
168492850 13118427 751550150
927066941 416679896 855125966
929146121 731627058 885712768
449883999 661581764 829669851
545960046 668758707 582112346
809142733 100782943 775586530
192614141 320442919 512851257
826230659 314676961 177794301
808716222 81899720 435290142
213130867 182834404 919430821
860193046 91047302 762834745
219257017 191122451 387518770
734893831 636096102 537610481
168288247 848208616 989821608
484746715 529675771 49966310
938845162 912767438 898020838
803690185 965588057 691011673
589208692 58179178 194701493
498470639 38490275 245437302
160426839 612038758 519946541
246793436 782105531 482826447
845892292 195206762 152816455
128888584 564302293 909649281
345382846 85426794 76921189
397017126 575029401 305184620
973768720 77584671 9797390
991033951 424285686 926048923
989841590 38454160 241666960
520464386 481521593 344311934
489072506 684526523 233410666
491362522 277479028 200431143
228683150 702092522 332128186
836036628 257318440 890364533
835686643 284174232 117844867
310211637 334395108 487733242
95831650 22143810 197848141
993514046 387928669 347151132
668463954 135726045 569286831
189570924 684296880 286936828
704409903 255765482 592413896
215721982 820784270 959900337
129550244 569444582 296347599
913606544 732755277 261415194
28541893 387459419 527307979
871071319 216875618 793712445
371063713 514885457 259852718
869248269 349617081 84748742
392735984 466326565 518606364
910970611 223024862 279378700
91893866 922289956 134120283
426020853 251294948 659861226
487306197 327560734 309035226
999735735 894248845 514914773
596383926 607498933 307619708
280218775 741329445 797978836
316237768 448794567 654627095
159728054 616298176 158887778
424728077 685448352 120082820
764769456 49243398 272818898
467970285 623537782 651096771
596025198 919433307 368567175
838071739 261339478 214271750
475282892 533383184 934250470
973415830 763541647 152411144
701364610 48322555 457473719
265883081 49614659 104621330
280206269 539703688 283860467
684306752 282999502 835307297
922328450 453196856 597050960
885050019 483058293 506243491
229390395 252209942 949342306
249790780 248693013 450948946
828936113 590833167 821222710
851633104 500747817 52552217
404530525 685215336 606510781
372732384 496373465 542230163
249191434 386154710 711596881
908128246 963816982 85918410
81954649 8343436 952967024
143470536 937191853 421140198
180396050 526232367 789145588
251371313 458341150 394248080
156325943 942213369 725469472
219189140 737521819 583040483
852673616 312433327 731731730
313809492 196247498 542809466
277173111 918858897 353694182
781992092 766499385 536539965
127848903 150117158 238335928
378037497 660451022 152873961
473443461 399323111 626708499
698574194 926224448 740863404
473936125 193803876 449757743
241470502 452023393 430080549
378921649 303400588 198489928
134715966 75385115 502905928
807403024 23479763 69046074
940416357 769520292 135096434
248316359 966802659 659307284
939551825 893561166 463228966
382126279 432143829 270539583
164501473 923882418 173165996
568475858 735704669 238911386
819253654 213801673 651480137
719342860 234015539 426266753
701811033 318436907 660306
914402994 484270396 501616408
16632964 600630265 450298067
269631679 413560186 858099163
507347051 747263817 431728809
130030858 700903630 68802694
108647277 136756700 810380604
292215145 562204437 369563055
357064228 419258075 806378281
401099443 84520111 52838479
619852965 876697434 529937130
825093366 336315042 340926103
196656718 478670554 552379976
552177498 894778836 105788233
858756202 372432031 663655779
414871273 345108543 244294939
937180588 492114272 243361620
173649181 571396508 737491868
41608739 760104797 449254576
677742743 271283794 177593957
100350869 432696611 967527996
181706593 111593095 973416832
220130973 199695627 825863812
462348317 975628299 144373178
724917997 756716472 531750173
372174540 223264155 447026948
470905101 906640179 75555489
250654213 457970323 757400263
800407677 446019838 405160642
903024231 211019957 619008493
522177261 464079465 959911256
451176752 142103359 995390319
835769497 14666471 73384004
212015725 6324613 134736271
505455359 172865654 849798294
945976152 276350239 411965129
560162379 190601703 272298994
965874642 882555612 74930281
677809684 270651689 66637066
994992578 881730543 447326353
334385740 988032967 788610662
967306435 81588404 588238601
585900337 77111378 525794929
702079577 624670133 353450720
353949761 936283282 937158948
317996200 518830983 555300740
448994593 167668138 414327515
722714874 732373650 17849172
954204459 153044062 251470828
338423713 693882200 524276486
493727809 36802437 490438448
807112112 546429448 59471817
924991747 796335329 443128338
77737763 695854373 361997361
400852563 347786891 792314647
410515519 293254242 318051718
672449557 861082541 74550635
423257363 664724852 84113411
408422128 470059807 337171044
694195079 418270859 664275190
986934093 157534807 933197945
836109008 695354999 197813120
336940961 753783485 865679076
418637621 374375774 65921031
226252133 383252582 661680756
774340135 124631969 84623159
765989742 954126083 615596895
658389593 582865642 947856292
944741113 980827279 861160106
46573225 753674786 725362276
98154123 568927312 518885268
312556828 11407664 139372644
149507152 246527137 146301769
335010661 92986738 678155990
764790025 177297518 983107267
561401886 298407462 638075293
625534556 153702342 512654268
604704970 743865567 821292117
946952145 535441366 46020014
238585238 158994191 966216063
256860951 599491429 144656014
629743956 986958325 391972152
987418320 839799197 300637001
880443034 927601916 841603688
919926284 204859345 823349870
61494464 982054872 203287295
576735239 516411474 52346254
671054742 720738736 314121013
274994906 438933853 581992922
832893159 410363230 486981448
529136206 122114716 603871844
869171729 610562500 128819477
376682731 893155750 999337419
353311439 512182761 824335489
202175581 670342213 231110902
776865092 24899281 484589438
27092279 963439603 457429111
884797668 251370837 591918911
419551091 302620493 71717019
973045434 256134220 622651073
763742199 551128766 255999875
940794700 696880997 710283304
595740981 481587588 919380391
559964091 48938655 825166406
895714568 554674925 315247389
934433408 761538367 775581298
402446181 316031938 840778657
210018116 854887569 453500411
224586010 822455245 26668531
202554201 7063714 201134087
357115593 433262149 859276799
7265635 248747446 664318367
184982839 640284175 544613223
301800641 618980225 315975640
906621919 740536516 138245069
99608158 292973580 807879016
392881914 434436443 895607446
864856028 650539606 431055123
82874891 984529216 674806225
99098313 364767773 669608985
944070272 367136169 750479619
710795687 607305899 907470932
750119511 845189098 626879971
458877248 48955480 801494169
760442611 99192231 705001018
965766369 827240373 913934700
37218795 642042043 364612314
634860075 592964234 325878226
862042512 346092412 775204947
841692454 370897760 585792767
360084943 249423496 637743420
669567325 24673168 701200916
205509650 656365647 598699979
79427209 237323929 85385853
604663152 880851744 198747263
233682390 302703016 925733722
233699128 288997271 941711358
437200081 405349464 243822846
698665968 279194888 89956698
286638568 135914692 213509946
504013210 953472492 371115494
801574806 354551627 719915245
732424871 449290697 547398192
215765602 515755136 255422021
377453280 150433714 818759161
326448222 383551969 363604955
442003602 608498101 51605268
329579621 770177941 744867509
537294429 195590191 847541775
505580922 776228442 71410129
186716338 38252765 996428774
602441365 511787558 289039594
901241994 644712458 840905209
537345430 771776576 95623421
907279969 970627647 760628395
147271759 452068741 858468543
653737371 685571239 112203202
147497202 589807437 224169531
392665441 871067203 844748188
434406901 241280162 879738600
538878017 812560149 946653670
238590989 829083760 404479640
328347683 980385899 138726612
203542097 420966135 571149988
610473688 972845548 61519456
450288232 316734356 300171684
692595222 881966811 650111202
772523576 301019029 601124687
543214470 881282814 119751789
615764010 215893619 390069607
126732478 390686824 215196483
475954797 687436617 17373212
107605389 924711431 83372384
2112921 663283589 414106705
771636828 178983522 2113834
435404245 628222753 761458740
664280122 24114156 18533245
60496136 346920990 599410486
314045570 327044547 62410885
733607536 194140932 314461974
295317192 166069951 121696734
293385573 704722 159964520
627626407 120927146 80426215
803802997 76995454 805511209
184548058 729635966 32007456
640969578 394701348 817870746
279405455 26139328 821688374
901636716 94902843 858172948
584318282 308291778 341795829
809702924 609610385 232033454
389577328 89137512 679679333
589787765 416711988 78747077
396594885 771122882 23049672
368543153 658608189 902801685
211296037 752133366 292860062
155947708 786210888 854892502
835670780 268004476 417685677
635172012 894016219 542735367
378975638 916611280 723796841
320313820 350942153 718519562
697485428 101092921 646714081
868612691 366837095 838497255
135009149 784902518 207110511
390652585 713373893 879035093
604792644 893939135 482791707
801221488 243988778 715938856
276294561 632938152 557246048
16115079 358815423 205900952
582356209 677722887 703132036
793205134 245744445 71865494
340235964 614129667 661585848
520970451 396711239 353545663
843675331 450816669 850023595
707647962 347819033 278349514
912298974 55418053 313503285
610023171 910588951 130167639
462412778 159487969 597376813
335814613 406223331 314434737
623395284 868968981 789728446
661926398 948342070 883030365
122517159 598935326 20441474
805426048 836715730 926205020
317492894 850453981 14629812
651767486 346145540 322509058
106740221 376628280 382718058
977862893 528479064 794100677
775489351 444678708 808307317
647201971 606899349 81557662
364957444 143594178 587219959
98304618 828193858 447424393
645094464 958890333 36742323
949984764 500637636 383120160
369804062 449150461 362375035
695640875 93647829 430635338
993311744 992555820 563959111
612528151 172940546 479845502
618931550 920804778 945183187
394869964 771946237 403741466
411550928 727776797 904271277
517788036 566701854 627456519
156173114 911196317 721337525
140882223 676480269 928151977
438409069 536151703 279551979
709815814 6490574 143613418
61755062 864049556 685016594
439842677 957268797 475333004
968618556 40163142 814749066
538556611 39959058 815433885
906781730 525380661 353122085
598234934 718319455 444336774
591276213 780315115 537683301
887419132 381118883 857595079
793163993 453800663 104715351
509170443 909228229 187455279
540934896 973050255 235636273
397602883 783065107 219511673
779187995 960221272 286790715
95115098 331839156 113369507
349159260 252569736 44295949
988279748 390289401 296280972
25817388 709464331 868792186
236405473 238834473 468201123
169618016 405804841 980634245
646024157 737562271 74325975
221881840 120133756 306734174
12672747 433978207 711091398
970662824 740534031 109009360
910743688 795002945 429183126
968398498 777411171 708840079
670208447 587693172 884061412
487938398 820358311 240425350
223486388 719645212 917173559
731243155 471872283 948316754
237981927 147628907 272289681
363963283 259725060 134236806
348620498 927277127 95808128
554859824 909879827 102396377
603154933 19333812 442253355
271193855 807425599 112529571
10042004 608032402 8451663
216420187 635737953 46348338
524920655 707808173 284524872
376013436 580060280 323292212
226592728 586310883 479361407
886338043 20892905 320796515
482246451 243468054 558290845
289709143 323265395 363651285
80967469 272243167 253960437
733237636 439592066 693209923
80955544 751552686 301622160
954653097 755571076 30245758
947126425 29750954 709214315
505403979 401106314 633084595
808298734 995431671 214171043
47601208 544921448 422430781
512432364 920478856 15148459
189219474 943140559 60907725
203802624 234262536 395823599
243892972 586007628 438107311
791627182 233815481 209164036
163255400 700344934 495423153
857700921 430874738 572420921
662818090 168404824 458303321
104935464 628622045 212174690
257876376 681085663 809649822
255971313 95286838 374483693
326583705 148369551 335605448
496573325 222308739 383777558
323162105 108095773 968024825
70477113 306993684 422033986
988364346 778830059 382711017
134329610 411987821 964079278
444698649 277708565 604811508
44578787 212525658 402766067
772520696 155689085 510688362
882175345 616272195 353205809
848941706 809550335 913551859
998515640 547092440 916894773
598237053 620917934 10289229
649929230 184599675 18483787
677107805 318544131 633194901
882034774 619601608 284739892
837030922 182149581 660294581
189076434 21254386 295532364
369869111 778852543 245415070
65485176 385395844 532240360
476515950 756315841 170688654
851169 627095020 476245490
510949304 550195369 502121565
183600981 553397974 715352260
516282345 250604625 601379333
741249109 502285887 154235954
164177783 360609099 29564544
358733177 928611343 905994886
750326139 162122010 479482425
19754291 208238141 427298294
268456518 132670601 705215805
422807289 935382524 215618003
940094203 364436603 290431008
733240601 960924917 166584271
841310806 60349127 622744376
217811912 160142565 589310137
903756056 209725939 804236283
697280733 164259779 730332643
214878054 583867284 884488242
760749367 106488143 122954128
488367230 891788438 266404092
510692914 645713903 165225343
505999252 604838220 911169273
250814371 98315792 945037415
128013288 599606703 983183751
799360540 584970556 803943143
200371618 211391535 581554347
119661108 43060997 38540138
736552909 852845273 912946223
895004877 207395624 806271023
20517676 892962529 79009400
66366488 791276811 522211803
360736142 114625662 752716706
108896376 701193683 883417060
733380851 177300218 30458488
52341893 841413907 402449586
506099471 875089557 248342221
127620227 384858603 715829430
111403391 320834466 573398745
694152718 813976051 50421957
173137778 694891093 493155308
362513012 600583870 79070780
814825545 602965322 948967072
365333484 601126930 119967807
401885531 933759231 432812098
982631446 457164933 436778006
586323453 771253296 834392324
203078818 336898291 828062769
60251469 870267663 732534093
133783686 254724811 359654978
999941130 679978389 287516764
358833683 821051974 506640385
