30 268 2550
539080261 910221319 203161107
698086592 504883852 928275192
831369819 879537440 518298845
811369424 720212767 63357619
405167084 531284505 420412600
999834190 648257913 618296059
854783265 682090925 953590160
731392231 315065918 544706625
406739518 585326873 38655280
995404431 719152454 688414409
922829063 481764379 376803081
761133692 980105744 973107303
707551864 26118791 897795385
917603683 299121162 324284839
216413789 960129039 374961979
857037999 412891375 687745520
538202784 218949522 896480381
245372544 450244552 179517325
570143328 581309281 655217568
649162640 141418898 661773745
705465047 697388237 924879479
209831268 879614836 27693923
464564908 400354899 641774018
529113948 878541282 226723128
115051571 584825920 923130747
187742363 427059000 433522550
346632328 378029061 159498144
970322106 802445981 310704693
220477460 655584051 511908119
98482328 669928304 107308147
957834919 390719311 714239581
839620650 7909937 550822634
829589635 827969757 448284456
398480654 840232835 430816450
413434846 363522175 53854566
821232124 925918164 858257660
214282007 772747192 765428615
865461009 365659714 597075213
110682509 322672648 219603019
990005727 268920019 759314156
275757899 567581876 150917618
379390622 289044950 363843556
920609607 401045880 207230676
405584501 648935642 354849365
886257965 117831803 851902513
592356413 906936760 343330786
211042398 973019462 781023660
99013116 776836024 623539588
185108118 19861992 562169574
703979396 154275092 448553803
384224860 655871422 39589760
575519904 290317742 666857556
246698006 347789425 802906649
754165260 959924922 224536311
442285975 459610168 659646316
669725877 266083667 923174510
261557117 91236904 326360507
991427333 90486042 434904465
491064985 331838468 7178756
997941913 366568732 823685976
755491157 527205223 569995949
780662874 445447375 411585704
690587216 258419539 593089726
532158306 803260984 446409661
497069036 977725224 458409133
89109442 404224537 583992469
714062800 378077329 210687691
562134996 777879671 668049757
35431959 468566172 656908152
931903874 891089244 605831439
2584593 423756837 353426162
471206992 810829191 559138255
543929100 796287923 375638075
465216323 39103757 438629303
922372671 252825847 171199108
308945807 884179680 939557581
963897729 395224966 493695173
459814573 449404607 496105435
436035586 119567219 187686447
569102016 621948227 922854226
313594132 352349363 70716801
366095943 404822415 18908066
412633123 509735338 202287057
229611971 282347082 977607933
26848769 168083760 873186408
211613193 307416550 845510969
564666026 235750978 649343725
956876708 688414845 359959710
61444652 18307140 621370471
132420898 699560653 464356195
651469192 549237703 792213059
294509408 983864931 502112113
73572047 288622183 629332021
755483957 16974593 998011443
919525620 789757876 409620586
309690370 38139516 336159944
452166991 734329750 844198097
337560885 259781083 530850434
589330716 507961726 865673817
610726295 769487419 327047724
349602199 753172402 231942874
227958445 924098398 14734646
835254504 450633024 992515738
996744921 777907950 175125543
266677613 193290934 901714302
622700731 252742417 864527295
893599537 93720434 499156285
446572174 238388806 284532103
875670941 855816880 95570488
744652306 221720343 914111842
759142720 525698061 297907733
741076388 365730172 131250979
619027442 846212994 850577042
566725222 136856399 476243029
417686875 391470927 950033961
356914972 171812852 255665834
950542065 229492234 250321619
896302660 292791676 760719033
593597626 274866556 895942462
74063351 906451473 578991274
257104042 637917317 347641943
507211701 177923171 18827586
761162069 590864965 528428211
556681881 821700265 109273876
81606634 188626764 921919010
72276788 238949812 216487931
441941038 758117313 302638151
848213591 623887020 603283536
902316280 251409092 827999929
50938148 227107998 885443360
860609159 436720182 547361066
303100456 742103306 407564796
712005072 37300812 614347915
892149574 228456817 140785385
436338149 855319337 218243202
506083584 971738800 774532659
746435532 588342468 347680683
956126320 799530716 238686918
522233913 646384066 388126235
536509964 427698305 880288674
873855884 468846817 138580229
239049329 759510653 471629853
724515802 531621446 794290780
774541391 923283981 7901909
628356189 958861962 157310555
748557310 781149934 660791308
362673792 259901378 468416473
809434176 719229470 135517117
814914241 999747097 296893514
700246266 966237416 309210388
609020164 713157649 694385931
13495403 704421035 164903701
15161832 953823647 728748413
994625587 121826970 958331715
637674657 627698286 126493016
563480692 223478242 258586921
970908245 669262598 2622341
812396853 982303552 164942136
929438106 583309085 892531311
972428750 130654768 763841699
745537733 689397195 961144607
107069632 677035483 466911200
293747357 125883485 887207625
89333253 443054926 95988973
271066559 526920632 890476841
351795076 857923882 84108886
523937014 882792765 131844264
634603176 341303156 703679700
766091711 437376651 266528902
339575805 168982621 592175763
841729129 133915530 59182972
797345012 546949480 923658074
471980323 244441992 867978814
576080366 931751862 794953935
60109261 48594034 176384259
59091065 170586542 903091179
133172720 33141312 269041640
202398519 536491405 733873251
323699902 844344276 560839152
252500183 763644788 486983537
279992374 659721145 803108926
838752449 920096622 272412181
781622567 341611021 380860213
113383882 18725178 447467836
754996342 30261930 142496073
270395782 273331992 805514582
15509682 807272651 938913762
666748969 11714731 934673447
521578208 567413712 646088554
587400456 506415749 796388850
738555829 42091410 861932118
726046120 840832013 408925084
710942203 487577811 390330513
93080287 762784864 634212596
566650667 81186128 92854857
858452499 733810569 843725498
180052458 252133665 24147517
604403342 413762310 594346660
90849441 468002239 35769525
332725521 13660316 971861124
925616569 90536971 826456675
737255601 339502192 47007578
972502374 722515398 21070588
623710110 142443496 739472364
877402332 884910179 832021146
385823045 913307692 710544514
620396764 984019813 546483012
617334410 51257909 379690826
373088679 369824817 13863781
285290350 992105294 254030800
479711520 567748496 178370429
751368271 866343056 526188915
408487827 678727299 219679522
683100287 460823719 285611258
523138088 315103801 602188719
880162351 456878907 858926682
154081763 915461193 963571681
60463793 171991510 936338091
647731656 741609832 321578947
862767388 322177442 867237542
908605245 437896944 891116897
812435696 179124379 621213629
127435258 752672980 744704592
202637740 10312894 951349600
373503700 638561695 126955812
325323744 11707302 569956695
440325528 402268207 752594633
816922643 584661886 685794051
238206192 948866623 116426124
715961444 656087204 609623236
235587458 952655233 103856199
14740807 938815604 111499141
360263331 882813926 841663214
486530584 643418196 965703750
116077545 362805561 989210523
38942131 694566747 800940314
853495865 826926647 817272792
953032920 78031729 916324946
95772487 435088901 117137224
500221618 212046314 127352051
679093887 422643517 581851932
676793193 519309068 857093212
85537001 97769691 171357415
710551480 531966268 303214550
399631462 46477560 393690218
460303069 802687975 659184795
216985955 111607825 800862517
23456646 692516493 774660801
9426157 604555831 140860930
707013728 448193523 848049071
818566165 667302898 558679309
500730370 498403711 527416672
765514445 607873945 241404166
171824118 250748164 279531848
89947625 232864179 460269471
993144326 90960470 922661452
581179937 622809981 963634633
874330541 411807925 560507408
423976229 876966847 324991238
113371836 126058099 562169348
507784936 479022459 680687701
5470674 687714244 754846221
948645742 297120607 822031590
322619270 652680213 565835784
939098683 80557384 817256107
773233840 81146297 495805503
698164453 894627444 519002360
476372766 818179796 71872224
323200351 399838764 168339647
887974532 667673708 973312013
808755938 517972916 463594755
202271968 271532569 77140594
360548685 774596573 115677221
648050602 221184219 703390360
515716779 848063184 787530505
978696034 260851052 725969166
779093357 635344072 123047873
867431714 44538323 799602285
640149147 279535590 738238272
698795004 920856700 880812528
857062043 667934416 697633891
633288670 605458715 677461501
13829408 256089836 470057560
526696454 857924273 627224144
633149948 720120600 562907481
895321655 945875366 34228260
26541102 158266470 982487315
850045542 965705139 460368429
398314686 260184394 361404788
146055682 576025153 995228154
463165972 175465048 618729482
641398824 839055741 934225769
199397861 636998218 304704585
425213908 767441147 121508865
312261591 919008201 407169704
258732784 845449800 711986294
968847424 234888123 352314352
445444295 717770466 347813895
545266529 571237477 653483755
328877076 397556914 718077669
147711819 674550361 60619692
307574212 204753683 62703310
263507762 341486327 540554191
952419388 468590913 964859599
577272610 231628776 402513091
526128617 207575625 143667245
707921007 753725749 502913207
377916883 45067788 772610857
298267070 135006028 728657593
953357590 631949949 970493945
763707062 630513793 900985339
483796231 957266152 200945876
486410637 245730974 731529574
432628310 248166075 525707324
955537477 593508512 905951851
216381543 892507369 823354733
359928648 645721070 41632854
880868825 940508125 737827463
323290390 617704421 55097653
562935375 818175047 831636515
234583502 306306702 563797071
33568196 130157218 600884965
65606378 793325933 238574233
366469019 931586303 769859839
214346698 868635775 334293402
333098732 98488053 841986917
350485680 444588312 14351290
901979435 606831810 12951118
893567158 709783186 584920804
881237275 412151209 706336246
134694078 2442741 510156054
271126908 485695324 877286569
286495498 21891297 141461399
973846097 67628928 611056994
901413509 368175634 316623191
829314783 528925795 650367794
30194077 446863278 972007204
897877376 493450514 578976218
177041130 447711281 678804113
523877216 553307006 182316934
513233388 217607502 75864877
107662333 66680599 306300784
333795867 954943495 43153633
131773396 711862698 172740431
601476165 280903755 969891214
173474096 793070068 420217597
158784329 330210505 552839332
988596787 706809227 316815356
281089029 667150982 126056155
787352674 892229224 383039536
242446595 346211829 240261743
582498036 629669146 652814908
688055638 852075767 945177009
531963713 52261536 365275767
906842121 71188472 548905258
305799712 435296324 395384207
61943637 267088601 235486241
411192965 751946214 115166030
761890490 675998166 306199330
656705179 555652917 791823667
100346555 441364015 164424657
476667545 207914421 705035386
144316298 926082205 353452735
198271892 97219566 744693433
262333586 503649895 572007888
540555488 551847170 16311267
588712358 215250455 776126308
597390334 380298743 66815357
354877926 535382689 267929467
108956411 485026307 77770814
70698074 537983468 793579659
24952009 964139226 68471203
866597187 606553463 358792543
800990701 677278379 746793205
969196901 866786606 614151363
862478949 128854467 832610800
584246503 923891747 456269299
443670112 968126058 315234770
605658053 991049042 514373940
279642292 799717250 586202505
148471852 778589151 919478685
925738777 734950871 447585124
75598527 416440821 214379665
863836610 344677323 645734788
720670643 856002348 835704655
714357899 892054013 573278924
818818785 334774594 376405363
595080311 717152695 440620456
952111148 749709877 758534027
913541384 78480463 926373208
207513290 425953147 640048239
938869375 524252915 711038725
451916320 877387806 523239223
935614258 464706909 759105873
202137674 556855797 130589250
38490007 383566511 427725477
835751674 165999664 784904178
848784083 831528380 135915475
77738733 212036053 625217528
376197486 781986008 566034872
481058948 292676676 325415987
51386356 15231862 321982305
406090217 536652401 736335170
390851103 197749567 159582835
539442417 189425092 186752615
470626207 204270745 507788321
146772860 96408898 761791642
925115357 15118395 733977810
874739641 888552698 174557394
499211559 762436855 213780820
701364178 87209168 21420115
957781921 907480035 155289960
614203788 37041557 326810211
270728934 707920082 535712409
168988377 378389240 795596136
551699278 263048654 862771869
393267181 702372098 781016785
334840586 916297838 619646979
869641527 895625042 826264532
64529943 339670108 819374630
870331527 262075828 351038006
923796183 98001553 222531268
605401527 642346055 347009388
780361919 860357508 516114340
748635163 548804250 740083556
707693 126750419 168654277
926476211 151557744 589590988
617419775 891376849 175489539
404801373 410227004 723742569
568717523 116086017 592739535
771593603 665722045 423221005
697558846 572919386 183544926
54744143 739239777 33291526
6643172 641453755 474514389
762147223 310901505 962249021
231406256 458539249 642882998
726243528 482219083 21974346
272907415 581964817 368690731
956715046 77884359 938908199
445621362 447951768 725967791
201950643 443347822 527142759
669379074 500479999 329917152
865872463 497740593 40856276
54370962 345462057 112247367
186336315 546508913 464035396
776642200 640044025 800636927
95536162 477983234 899134899
31871072 428843509 798741652
721834460 564538421 396003783
743399699 217719275 217884971
590021880 456686404 929718799
216819259 751182358 606199063
602231853 561851386 346613173
170107030 750472716 371047735
295032590 168726916 296159980
61747240 986626817 379898555
984673045 616177897 358359965
109457446 868461747 844329330
908795605 15665851 674683527
396941845 414385710 471431108
800718289 941557570 923123181
770836438 629530666 275339008
238860774 379047993 754891453
946742028 836762790 939776524
96412321 961790500 173640859
95996494 107780701 438748267
10063526 921038916 627871218
324416701 869148883 95646792
746743667 290419171 682047755
658862421 661901489 226583731
839665794 336948618 565911137
671558428 597665450 96730134
527131973 532263327 890596582
352674626 162763884 994950040
550772192 103116574 915900120
189933948 279702036 111197664
906073229 923833241 324737533
343973693 170356372 844864607
259720111 600269964 388738726
26452898 217150416 343023929
833764027 351127088 662944351
976941262 899871571 625620199
856273274 487249120 285080258
232410998 175046752 106459066
987748386 942656545 723841935
390658789 126728246 816904685
335301327 390655701 95993764
425328113 438275967 932767432
858067660 394051003 624371336
738848164 270110369 553636452
162091798 666326780 46068412
662950825 585103038 387285501
138999140 180978358 688333667
934277727 866204514 316862431
17452238 485786554 617244235
646701652 61788776 688707044
581648768 634481947 294395821
784595180 416732908 843584896
54619014 807220758 706681977
929089433 99685889 676709263
58764048 16446985 231485840
253064302 750400513 324162833
831196209 85324734 974077717
684461048 117300456 940347674
337766513 115026490 73007886
367408228 436762314 539355890
958134659 398399108 882161173
97694822 331994271 231174276
839504261 994566415 428040403
65857339 354280077 902981604
155260036 316747594 179780276
138859487 678256022 991230011
231861994 742371950 459021595
865152834 397210226 651748418
308970593 28226058 919412589
669142404 84787171 600264285
557346612 128695070 93063473
708614694 790286530 466171574
845325873 429427354 54158365
606201747 782912580 88513059
431940937 888863965 751174665
4993980 137432985 824289483
314378439 437988024 906368639
452594265 311188488 667031040
362673391 360124762 12964527
878094595 992458948 311004059
733228868 491737849 44638839
493339164 743089621 718267947
343001270 532743388 188858784
475565050 131571762 318419251
408780119 409772248 281968672
675286123 337839836 475950755
806500424 415849352 47617449
152705221 612764747 17443719
181015385 998168465 614230724
415546689 984743458 171934332
798064498 599194602 143817355
300170639 53514015 973986494
53590778 491105572 692461754
693745497 975003173 546201089
710218444 993338960 532909692
209568046 53173914 131600438
494213750 532708814 736315805
187778464 745670850 943802421
314860646 806847987 885680305
200360115 974303847 888335949
871989881 901423579 508508202
598948656 673108993 717298337
826700471 91858075 686758662
773636912 592779585 52323873
998957916 232906827 715264883
868297846 354461490 888240692
43262734 169863228 90081762
994725755 781457910 195688041
784015004 754991118 42459968
59371941 321547021 99855260
819763996 194276605 794680848
433741088 559612973 848124931
401102635 830167834 929296758
906723006 304175902 99949403
58491822 673684152 929435072
392924985 546667932 370469670
699972707 316382835 215489523
14803412 719490841 395086798
159666320 166750118 393934983
560019700 615628904 696300329
534739173 390683313 64176093
430588308 874100824 10820876
886609803 581778518 704952690
520473789 678608003 151314979
894396690 178928298 513213617
897229548 272675103 322358043
383553984 615160678 545824201
633994086 926841425 319635979
753663710 878096211 764907357
483337087 35786415 245771006
737815861 855857474 648756991
738900746 339740336 546041277
688230615 423888126 48919351
33804705 915777663 176740362
542312699 56880879 275888163
411879608 321290415 188756082
190481626 179117662 857241239
633793769 903612893 313127751
981961942 357702383 38953154
841312016 536152859 556979343
317147482 824285327 471234854
941175561 861950311 542423167
989475426 929750569 53618082
677935668 299400228 904311676
913094668 214424815 447300486
713179062 8783564 363673021
687103508 796987589 326518802
48950038 264217901 787470407
557077404 801846620 672043311
262133790 713041174 421058657
142833186 159222920 467103167
342024979 883993666 336479473
14666575 667703999 689153311
350648341 879598135 355564301
563349255 464614876 820666554
35035974 290732528 371094260
290564225 557150819 665856205
932429356 708762608 886628815
424124949 460856719 461462688
859379474 404520489 47467397
874624475 267581866 966624628
78058874 609029160 98399128
325081556 551411232 903032463
110040921 171444960 484523734
371102879 560683763 123648111
40759973 332247385 354194094
942544351 952504410 767382066
692855284 26620817 746098587
679431713 619879793 87404628
826335624 101346889 187555497
504303070 523371213 762497948
842970456 629337543 590651111
564007240 345864138 441369024
226849728 996214552 133899851
959616824 925299676 638084276
188942053 837580837 800190260
977129789 668419642 841251747
680458792 861015634 350474514
735990444 413781468 889200072
695216620 675908302 82316322
286265571 696968240 448683830
468788782 822461597 525735930
472040575 645560872 993265724
427143915 210290796 505215831
415643457 514686068 936936624
842630004 7964471 882292796
685791122 120925007 357855638
485122163 289667341 825067003
478642761 373860609 652955885
759517571 492798795 5473827
673027634 839151558 908219113
811400049 97966018 567240022
653948357 620501586 943216749
59992106 609027888 899419762
815503390 757795803 51126794
560975107 625035631 174645988
557398549 724858491 226707625
394931021 526345881 598680774
482126286 339424509 350431455
310986216 310709839 77086408
783005631 677430616 823135989
128981422 490175742 327121460
827333575 995022065 141090191
415062828 235254391 462350590
369584691 784786160 496428242
644326174 163683162 807262718
471403695 600900906 462754083
334508106 724513999 170113673
470690913 631419429 223868978
946708407 926393669 252106814
259520909 498839561 864547402
41622757 4060699 85104358
617281668 673314463 918192815
34141139 295958084 977860275
667003147 947182889 463391759
194351054 125711186 997011608
970590481 405400378 810567545
185007872 221131104 494081050
594638927 871294916 593772990
176964601 54539285 358374685
903705114 721047849 489304888
196299611 703074020 140799929
102968044 383504202 63030394
152623636 634971924 181531358
759410493 424070738 723296232
927408470 216317906 125025187
604041291 398899553 757351079
310568600 242744378 311935997
532644878 317136877 878735736
49528229 409807548 284995018
795342554 393620620 894011222
675030272 83223886 777011804
975740524 16330165 289306737
172332215 643604072 583901696
794276791 34338160 789318764
330343092 237531612 398546570
961099176 710702223 879445035
257419517 491619899 813344663
474915871 709429055 717150633
120896123 742127153 661827075
614113256 372874812 577902914
469442081 145662798 692613395
507992076 906277224 792327157
676888949 654000591 74611621
829671555 709663042 41310684
3434749 854107870 796806460
307767168 930352862 304824978
571523022 936893332 140119843
9757549 199000354 463088976
566280425 907306527 609218051
671159929 698428376 739033471
932392762 391787816 158249093
364834140 909000290 430912593
588435376 833004849 379413772
361939899 735762505 483042923
514518637 602467170 879466562
219874042 789145425 195998130
459441099 934753712 815419482
432972577 921347637 678977385
741929094 839713298 154210600
388820876 120996127 927550578
513291696 177477946 373476101
36505786 657967372 169118467
787821417 526845911 467971846
828920922 698711315 236748271
375689310 937440959 628633983
146677597 299856985 809312570
217743798 969801642 81757190
316537763 275984066 783467467
510129728 872965949 142870911
509552760 153962239 914956306
563950224 505782350 774156062
601411036 234800688 201329813
582542768 70320720 794270620
823412170 484336104 958155599
257905854 215698728 384463895
457629014 623578370 569915027
280583848 733254381 800097119
922128235 433926148 187068536
179459453 32244085 323657257
585047819 302939892 495690764
971727208 225477327 380152282
583267873 522448510 729013001
701856670 747287545 814421411
286355024 528812818 352221638
985403612 743177039 680337331
761891332 707903258 286713273
584775421 150837126 121576854
789837564 736499433 612406592
141572088 380546472 123784908
589141014 615585781 747466994
107505571 410533568 700937616
301393083 270753991 925377128
334421665 246973065 857314978
329622511 715103537 763318816
150797859 281631553 395335115
87228675 714718129 317885011
564472100 69178846 26769637
544327360 751634250 411803513
809660908 241381412 64071316
318330961 15819242 276374360
426546603 927541547 693503260
43195634 188575402 695969559
27896467 233424359 297919869
251172470 127271535 281643104
763601170 334791281 197350192
560507795 216492099 13499484
237867586 93011246 369960375
787232591 710257653 780899559
213019923 651658253 90312712
592522187 166737606 637710431
893630789 899339396 773592798
80645249 331146002 173004574
97815667 231692308 322732935
546974029 132701243 871179358
14899140 540751185 25603338
130430430 123287521 744520074
489319250 30476926 296364320
408410531 583034868 463363318
359320101 784769898 575624448
122139194 714433888 328077894
516606925 122632059 444351785
94601446 767183291 808583732
614219904 21976515 535488180
653580450 655678946 263436498
501745506 275174496 370500914
225051359 653717338 564262023
607951360 208685730 970262622
292043391 740108241 726692832
322439145 538515928 433383111
308427650 939628870 981456136
931784042 812840924 19289057
665167788 272715801 135285520
875751922 87557481 891498263
806212527 659810104 487631709
106021118 703793680 513611055
681717854 413265571 155401098
345985654 573445657 447077633
407363052 147836346 102578176
852452990 322249096 881839309
79251976 500107455 658695685
810421076 221130234 333510125
657069766 995229557 983019549
419317185 44443878 918090735
338492457 946352763 738514955
927175190 365999850 192946436
992841301 401374180 219789359
830286574 680228164 393142231
288988346 18176694 229922396
492941478 800780820 805076110
330688606 160772435 405580490
595988939 245559752 20476090
88003223 766633780 949622333
320985797 480992888 181231892
457258733 542788854 294457623
678305979 204696727 254805503
989185260 582849591 326927657
767724997 202186442 113198409
326738849 424093601 100718253
171695892 479444925 915871127
531941304 414022312 551718838
373393081 319927197 465622777
793435693 555610132 465352511
26260278 692124437 729120084
278018884 459963361 686225993
919105253 205706411 49014341
812613160 359519053 478924906
208709599 93248897 654769933
458194359 281548915 102632398
213432262 720661417 509464241
430067771 628138893 758305763
737445329 463690598 908136681
967882084 364432785 86702628
619583997 209365654 592536095
846017065 207510213 108507449
183209410 749559234 110065827
585314927 340970630 804659729
108781551 393946527 996208756
386391691 894648826 754130641
480520340 266722304 857633053
938058357 812715379 113981874
579676375 610127108 922233199
553090772 560901291 295634320
629879572 545171947 365686438
196794906 428136106 998752416
732143557 238355195 429474050
594385789 542526907 154257999
863688800 942915166 302954238
450429489 165423043 440143255
141118560 120410150 911133687
687461334 403848156 933336774
583548804 12850539 572256227
662071031 734393337 645360707
77054238 913885699 122398432
807567835 692358853 633759730
373853374 435211745 790489611
543131016 495726395 138549534
24407232 668955135 470355751
731069221 903690061 5246852
287371522 249503776 499340109
302465795 77119736 70865150
475024749 181559738 764767895
569201775 369328073 862655058
56835240 965180066 119225227
63351088 835645271 685630206
808413076 646762513 787596793
814572171 457377675 3603856
10986182 787873489 940457557
531816460 561036341 507679682
732722120 603670410 840036945
707299937 657423454 943242908
474333213 930572679 48342334
695741072 485707195 544360881
31648345 520749106 800565348
97275777 607581979 200019125
210006063 996974693 49211431
959702045 313992807 43991804
242106634 119456085 520374927
208525193 289947618 470767541
163737961 775634406 322672285
511443269 773453478 115755081
564897794 813413606 95999456
580472929 133437958 903338691
979085051 101835085 48094900
673526142 178070937 722795219
280842010 240050197 885584946
429190810 161634680 191301504
705943797 610649099 867936929
465295518 123665930 811948237
207774292 230805587 903245889
111768469 729447756 31528935
164895054 302843593 763944428
177197107 442890506 47700375
238343231 276841146 855288389
817501630 968257674 830788844
940367733 298704055 486356033
612187738 765696850 695679604
363123264 701859341 22484040
496484869 393785846 860037038
638163346 427343447 222721087
732763965 457007064 258285870
96828431 846650479 926098363
834211422 790277443 608076583
644970129 160675749 614596143
410281337 681455662 101782130
430102511 955353558 374528601
480235193 927528960 822813760
934010581 879852366 346672728
83858309 311504572 355191654
899557417 256678076 341664194
282252373 374481574 890858968
889852634 768421922 672914684
180785091 803588178 458619000
523957314 775250766 89507871
967614916 644394710 985670804
596781131 633798502 355075802
680094749 860894823 19575648
337471833 751437815 121276340
854499642 426794878 843792557
293165420 732569109 822178104
225587930 67729760 573133163
84393044 222875841 639230903
22218562 748695370 274707288
73988221 946199310 127017523
770282536 927607521 908060113
111170692 145504362 853287467
630672916 799492752 703452519
788912049 472318246 667893033
558089211 301263331 147443442
122662458 10288313 177400290
385477692 11043944 984924004
707484359 973143097 834820491
806940901 55440708 729098808
63628480 784562587 205897583
67851016 738552581 729052618
921733934 791599852 806396921
510258490 466084724 869112233
260752671 950387317 785104328
532117168 218063931 537060681
782464614 907783043 41133864
677058709 77257196 256545632
987382464 478599884 788495694
272736926 330809286 169220192
561962116 92998482 121629192
474463115 925161540 368820157
517105823 519420373 526491878
827946649 878853087 930126923
463335499 724410622 246972384
246536653 414074352 823290984
624940429 32901208 472746474
678240087 164553124 802861218
949450554 553111270 214021573
37721238 581539665 292928900
49840854 100889334 503806698
525840137 316394091 755069425
743684532 787644360 706204949
963101671 81832555 712239038
505835090 757716959 480547291
44961342 355874406 511520215
977760586 168929759 983259484
138889133 23555115 488222622
402866577 60243796 671524690
74350881 148927797 513900901
511830974 108412388 103656489
514000909 776231374 978014751
181605103 788781119 270610139
629004255 396191600 605555865
828000997 30873863 459686125
707606590 993575974 489980276
856888361 248366919 842481511
424346244 247743619 280768130
731383765 891067121 769039244
371568334 695040823 829658311
440062092 833141848 72042811
51306145 229410808 901300789
552360943 989853818 611682246
304753055 181110396 641099993
263917728 732513832 38413672
304264408 584729880 597337596
423871636 555292052 665754036
821439215 271612830 16346901
295650407 411399957 464629269
519425895 669741507 949033734
833285372 389191262 69241594
467877418 272282127 229131132
161435670 133265685 350195159
475929639 131269503 55958638
351897713 850439954 707274846
296319563 418320922 85859269
617464213 784940482 364564360
768845010 486043809 9308318
132967443 201068004 217147316
918710097 548020584 585601455
552499657 737257437 654329459
593524633 649559083 104578349
171805924 374132817 489224704
705090797 477649253 918876620
92227360 962412139 124117322
194448106 343773746 988950215
157512042 515702720 911857714
45786192 859180900 291379849
138668235 790547121 932627990
541293138 669266058 171399349
576311813 836089044 423440901
784922889 38274445 60670080
614264072 989498276 599545933
826835656 675615838 470570699
293559694 281326174 914728032
60773134 867694871 446927244
372712374 512835783 402007144
322551205 184363207 739488008
697631460 775794517 437437732
746689608 805154052 777850136
173721821 387026962 409991845
143893115 902037830 494151132
687874896 329899577 675526875
649033694 424854087 333358834
51882421 66110961 106730285
830299239 257455374 473276725
788662173 203631994 439403409
92002437 212555754 968914533
417210976 403085078 973076258
92427511 546436698 144154091
204552811 13161193 175192979
339657257 313627306 775275560
855590857 722531507 678864991
547168159 173129377 90524412
756484068 501709363 880870359
4476589 996965429 39446269
98868958 588177237 828577637
517768336 429412390 335837765
177796592 903467264 30523637
202869127 502636025 380985889
552592533 404881418 907307721
542577415 915062089 417488052
287624840 437238726 555263985
425640713 208615745 20034597
452754088 993601959 670564296
10006264 157126900 556676286
784892962 648603336 554585386
230985577 762389433 733616950
554268042 64191643 393632099
868262715 271655562 889871985
128395710 49596984 217677504
861117922 80607962 17369558
182966829 876438523 944914244
929775079 505202477 183396463
71858636 42137190 348727246
204271943 261572996 185814328
486773624 388174358 658986569
183478648 338292971 294096261
934312467 844701199 538242572
856638016 255961033 83369060
254252408 983321547 374240210
636050226 738788663 676739904
694940181 616805852 323000179
591091403 281293463 226068677
844657341 604705843 420176134
444176108 838214532 104215432
747943329 237548976 425892937
400275951 244718357 953165119
868632869 277105484 416789632
574983957 822171911 429678018
745604356 917623673 251335030
950490274 485970060 310418779
292932493 186916648 604034007
179369752 191734194 642722385
436137883 159790088 710978850
100062503 657878069 870429854
700402257 19817522 593010293
326510151 664250163 354891696
469932094 956622845 374758192
672210804 625969088 526379498
965840127 780170449 912765008
817691 378685218 33210983
53163720 761178986 260952730
854112008 763871700 333729614
720180 99510251 360787283
406251639 380218953 91658888
165034993 670178 759257027
964658896 101975748 421803431
438220786 315016575 602469721
157664533 285396191 553371076
848020769 20091239 407466274
133171094 375433401 254387328
73957146 421630414 967451384
92012 356192709 569139990
937102411 284776785 101890039
723915251 523978110 710481835
681355803 901359112 238670222
513685115 981070004 566782857
964391518 342251484 280157652
556031331 696682556 173088060
747928420 771081068 776545659
342927105 746440383 383317739
158740074 111335918 139690387
234866445 703391296 716630212
397912788 971122983 775710917
51714634 505164701 90873306
981871538 669183072 942552865
232176420 127012185 928089252
148125644 767943087 119916525
618853154 128998015 71886555
320435553 33245245 506061023
996850518 608112335 116391744
894465791 651030045 84656288
792287174 170344087 206372434
925406145 92099239 764587772
153356958 425287835 887949431
955834171 375707094 887635139
158380811 406145948 771659119
116635369 448857483 29962492
820190857 285931168 992117115
476946276 156267989 697481308
27977165 771491850 992904430
814866606 67651736 71946568
660602044 752429047 814649860
774335967 667747905 339657162
322271281 31194631 853886259
653023565 334016024 109340225
48536205 590562805 426166183
772297936 378409728 46274843
62845367 363277635 218038295
682527542 157651390 625384535
219784220 243779170 850160741
465722118 569561989 71122778
413940877 681327384 265353975
479301591 148940178 747264773
490723953 178240799 356187976
185033706 26877168 17477752
882223504 946679659 103374373
929295793 10261040 887771454
247566915 28971622 437399061
335576000 867817442 191858503
616330658 19623262 388596554
684923860 839622414 101028831
301088572 951665961 419406492
187607095 37893464 246507725
109373321 990109114 103202657
230065296 65548568 871415417
933353286 130094816 236495177
636705268 642432727 304066256
809897976 266341545 600452006
417926287 141903322 992277862
849588877 783030484 276497882
954445108 882418356 658044951
906123647 816594089 107496965
73694198 771167022 870642552
565054418 252555638 56008653
587598029 3832378 414244962
537084603 611378864 923726411
952734449 964721356 715627012
456557712 12222723 632215275
319869810 868829971 496820510
87853743 91370728 864613605
54504355 680576696 556917294
647507790 409196249 921743892
433025003 491300295 355286562
413176202 59573288 191414904
719684818 818199226 350407239
694903874 274768527 725451464
223223574 331895 145524969
300823072 692427965 945012192
422175820 40383496 50672677
226139330 688499026 82499594
376493130 450781484 701909242
976630846 791220723 483427914
866291745 160587796 860051430
519742544 686040256 336589162
136567004 375321683 647119183
553799022 144323434 862647210
382078969 750904113 212160014
696476487 800723177 260393585
43514999 665728008 969220447
817064089 13453530 631691556
923139858 960319201 832487080
538025826 996497053 28797229
843508655 161127277 205103118
693633017 597740582 5347552
4056383 579008850 602714972
443808608 589729424 468663343
591701668 926233774 904134711
23642735 812551063 169540567
592100259 246320983 280606963
319677870 196578395 472193127
340272452 82734455 704420035
204494779 396313272 348329592
423155915 687690717 510865044
967161261 118258729 550844424
404265204 965040061 838085031
155659544 617192731 196200303
682706570 783026744 583025763
22339708 481678106 971656493
247251008 462386710 902627304
358965412 402631211 831888622
771210946 445110119 961685850
995832287 783733954 221937757
131826939 494321894 451551685
126666955 768942709 352581443
973785568 744794591 867882689
375591217 911415403 609627062
483047950 370058251 694110350
910993335 603301113 535245321
419301554 70953823 912205994
372544179 477507173 675657027
998055033 666210342 938215455
592672767 592284875 413490406
838722206 861146254 385237252
81296612 176469689 636600885
309223195 214444336 405147335
256924798 982237540 138478610
399732807 535043087 771084712
160455410 346292621 405720340
372322000 740536180 276901126
821913368 546441180 373521575
412528434 739823207 843031287
242048264 461221596 927742599
58223996 879137833 364164944
301454590 989041116 373298683
325707795 926379394 318568367
706174795 865959732 942066225
543084333 27817600 964731909
258898649 726831177 121473737
120523668 995487106 152046703
80187378 126666009 871921981
627644209 980874301 408154578
767662511 883515781 765706720
515472994 349794203 827431938
975379052 980985057 686837126
662833498 941772063 720060661
300922409 997072555 533861443
846172153 398958112 85796723
319881064 486499463 807551726
989305997 841755018 865089101
676869465 640949612 979471696
492976192 38716214 754898667
463465040 856688740 899091259
908350232 470816935 323369033
798384313 375180639 611179990
695207929 192289539 423109769
587928224 471682329 149442101
570973664 763761895 554865614
294372878 313705591 948532377
251459995 61270790 730767089
475163478 484235831 715219834
803074772 593188539 578220304
890090916 135458488 947674209
836663204 155978348 161617770
459134132 819935308 248425302
30273358 153110705 751980715
749225951 773244880 545809009
508619243 901138966 267439050
319857575 848401338 691734883
98085766 164346651 386522230
58656491 400884913 951671048
733122250 101931051 834174367
638002596 338694330 477444754
388332739 930749772 997019030
242427819 731743680 822069028
181034996 146727630 626529681
628240480 642573688 788116743
947907096 574676752 669409650
622804729 514371086 5687893
99653691 527815611 942878951
592289439 591154072 997807400
241611161 96866225 838472124
957008360 290805392 466559325
732333525 825638236 816591718
890672186 724558450 703241621
269582600 720649498 617656972
372022993 428119173 207067963
840116627 951159470 491343492
276196205 373646180 151560853
847125718 997844558 244288529
447636215 821865294 493734755
971447537 920460079 177673786
264433470 270915606 862824387
475167262 857689016 765920187
123644393 714537900 105979628
743893174 844676954 64520916
686494288 43450012 117726751
666906439 53052481 1476405
97164855 594516092 789579737
195533956 429330188 966593263
827949281 559958852 408126123
998382539 337715123 540085186
30813686 364261629 145127277
32821605 79585121 228554424
269287382 971909827 391410507
648106138 267350230 789341923
679728765 144536944 243338608
842973487 238176453 554726871
170800884 809538000 3368106
917334122 959943979 415059309
657464965 77884315 554402761
864432296 209018081 868497642
583842829 446650508 153650211
906309055 332952177 875685660
284113549 123081839 558318085
230597677 625370931 647374902
963323485 49310855 208298149
853588450 385007125 151718100
24012585 736760422 510900952
632610504 994654828 721705450
307837869 305914552 794382886
405455192 998348347 467856823
316985216 89470706 776096622
88654212 789385048 690382377
238267327 999249136 677936872
652918015 454183753 363396388
254366239 127214027 526442239
367012727 165674191 308808026
80402619 454671128 816383429
812129712 843015994 897240212
773476425 732618368 413183633
5497887 307433016 119505974
58260475 799318230 842840174
814328061 419133701 101518297
932440614 636568926 95506107
234532151 624890137 945057213
797852870 916179106 113502434
562887558 401162214 251716968
79931832 66698769 80993296
910770521 394652455 885675091
584381494 286901948 909649937
836322330 346797930 873645708
576149711 936307381 840367147
389613345 148287925 983807659
403945243 913764068 149983567
489086091 408904307 303629146
274038232 87440094 721021305
68246306 397714454 461781516
246327525 281204205 44302539
686480332 738449889 953417588
801579050 152667002 380780577
296383706 870532382 980776682
428713757 717067407 572925789
759057363 826087040 90544928
513784331 925957796 410844698
932451193 952823181 916273700
793035297 862717133 222876308
298447469 127918352 243800190
418701036 756496256 408955540
590115321 16364579 53159269
944190700 80126842 191318437
431254503 163355212 625485505
124756216 140891910 773390605
939341978 408894902 142414124
144064806 915214549 257646928
733718430 177993835 214859119
840824133 65860000 474171861
183348946 398412530 802945544
576030756 674624555 397649079
958932064 428008110 872399553
647564443 517336009 747188672
931102066 762574320 792524294
638502244 948340198 45464998
438978963 644313637 556276448
565006951 621517009 115002802
659108326 287773692 617763932
420524848 594405639 321018568
801029856 842027156 943332325
670455606 973796996 34249170
389727222 671108660 807583851
210443529 364890207 493536274
927907127 341067555 915856523
465375306 771663320 588239485
478779496 999726840 639296184
316484694 45421653 969289673
38167934 52475872 867911550
441635849 288973644 900516303
858444103 889806843 531515136
493365992 989051638 176900474
426560309 399762285 495979230
698445628 663859791 816654345
198440374 369874152 344957639
835080468 564064776 301125760
902935233 277975043 506677073
826803574 92111179 51691251
778638192 620473041 850906284
185623969 54667533 113510241
51052166 204620168 475952166
873633023 973779043 70236695
682537499 521541860 557296640
336997946 689946300 274475535
554865334 255811985 22256642
546150282 676698490 576067162
918943397 277920223 355140954
822906002 237357959 185495847
360291458 136842029 479989965
310128973 125140977 688473249
649464068 250142272 58649528
725238061 191677113 197561317
322123378 849571150 107296771
642184244 791009998 132540583
66212674 379307190 320220985
21889492 798410733 804949674
380844940 760712669 411208140
884224221 828089845 530147888
350036620 195949247 286510818
450216366 165081842 971475679
362763525 43289278 105503863
552779021 586158094 802226300
409422015 177703616 959910543
398140035 442590737 709083157
566992198 555220698 933766422
624701978 82594809 787337340
717429306 881838548 263113786
243904065 73562470 883624237
508996961 695039376 411624594
113170009 43597323 230756205
306990995 434177672 661775057
68812590 853012526 992490105
725940603 644806942 573323987
762904284 772287039 953659666
673991697 832201793 297514643
876831899 179768205 238952111
740260806 358771996 424800698
669455943 741376843 309913821
285098357 199363070 731038411
347962724 46439333 432040423
392191175 967035079 617356796
144313039 637208976 673151759
433386206 359586182 259165299
408526856 98550551 404912875
381438539 492008683 468087882
397077224 956286121 933671174
347990334 798069801 162349613
141846505 465787394 253397550
214723872 595537725 770928215
952800891 422786115 602220342
446436995 919401411 671848316
993435747 467910128 138551802
118401981 962065770 524032402
136496792 6425322 505679278
457685960 627668897 191758829
161496498 398450755 231326603
291505526 562263982 430282082
176908035 968546682 319577337
234104487 553730329 480909618
443340332 570172827 722356999
85350872 85902767 355767181
756880834 836138181 238047157
20624046 364385723 67583341
519457717 404390736 401855604
768039742 79533325 183367251
45661349 543412293 698398640
11908332 890322614 167601788
608802357 521313057 192141972
762219615 758872880 955732791
615149941 282300849 664869540
325623089 989110647 838741083
428799700 950665122 491017089
738007154 95149626 871348180
659926802 490108333 435586278
345274292 950370652 385429819
857612319 730502380 299956129
925547538 27313727 116429056
698963337 49832514 845469167
699814302 255569694 864120472
744336630 813981458 783429652
127320279 888187616 479794333
455367372 674956988 675563936
432170058 690662461 782331678
757614174 752621600 332961571
4738947 416071563 767413504
682027537 182322780 405331342
292669604 200370766 330087525
573602123 862881821 683504589
203883367 708305119 778571818
761563243 430122851 848628763
230965586 442696247 630998105
472427696 387285808 511167608
973391855 421569923 667754547
721934802 693327704 242031785
832049825 906549514 237423429
300487398 658108387 102838464
343198099 328268705 740593895
601466667 422132256 975656866
438925222 679946517 396647898
712752561 738058953 976341434
148267708 222233675 648898863
785787853 162747871 903247307
548788071 646663045 831070675
597906178 509732981 455561683
591839767 485381223 391977405
516450934 937104557 6144579
500145490 334924703 918090624
806380560 127483105 688297535
920900083 751862812 459034353
598089068 24395217 632281120
767592772 213003108 513641080
280853086 723216893 470019921
611433860 16599791 390783071
758134948 893365866 599592467
48405760 897042849 228234717
504046801 424044210 553076668
48858844 255160732 802446048
399232422 481997648 638270297
475094463 979488476 341382931
267342554 843531448 667401536
310522335 573255088 380171742
790328830 272264256 531653806
996311731 872979390 478093961
536781366 557530004 764464236
96770260 8569549 858056181
29839085 240120292 235151577
809595408 838869640 114479480
311661276 829959392 514519847
178775388 891169149 253543162
627518879 223179303 336798355
236942633 430765389 707437888
462253211 874045434 271838461
164390679 318130667 775870702
363587995 116174538 614905569
397575091 17638444 682770017
781420469 289454257 601590764
357871063 153977075 211994252
98745995 431574716 162109245
583310057 162581212 334015274
430361666 954929344 651470326
910526246 623024026 86422567
477228233 486069800 817739221
428904365 716988111 895326295
885078307 690518889 540982079
328331569 4369042 775091963
658363995 930004514 233656469
676351969 436041240 596273941
252574696 535619676 501475891
236169669 522232851 190076486
693539167 741931814 567256730
422349944 682151053 435323764
784644192 574291186 640645454
150475290 23414426 329464022
216245476 641194949 464221546
702310590 945122407 750975963
260213926 616939278 799431749
678249286 186547907 179244051
887574530 512781417 907051870
991823328 454049385 106119522
987247208 51121053 50952695
508339467 682604138 288622681
854463066 674813292 355024730
795924419 643177564 720034893
422603699 811845201 484109800
809573126 610787690 195759652
896884808 597808379 730605224
50141834 214888135 464571448
554578787 688999312 871065900
778853284 480891633 246901275
97343988 950787105 652659648
672772030 352595920 473855004
327776194 295826167 744375499
279914248 989798713 177018834
814731726 214765166 189046330
525477038 22953235 607064805
98226939 919880296 96506777
824600068 367300842 333007383
651063316 552494714 83138392
111747535 412181581 740761098
947433567 405221876 90508616
273260633 497896438 732761988
964831134 237238084 674631975
765596820 365398054 463245659
256713925 257212710 525855955
297339813 373195559 5380749
680068731 298575781 835545022
75863025 537680943 158738076
317826188 548245041 499052456
19514032 564559820 395519869
743117923 86488294 204998933
682294056 730049457 913352164
35089050 801056851 75972094
871854270 846843262 39489331
52278307 323061525 56015737
925073151 340815269 850612831
160247604 383251649 108018913
847730299 885964005 622612293
836177501 179653447 359925808
942718456 764852765 330348953
281231632 12972534 290414698
609926187 652573287 171889480
342496912 413612548 961700271
686554115 315075321 769725052
656246436 497737568 978006147
864074069 196151493 550454095
97461458 398225294 607295965
694129017 489621494 371410058
588638612 657026401 803774403
722045661 28753098 698261458
313113256 11065191 527758926
179161480 346389340 624072212
10340396 884364503 992808116
650212804 990745371 584639731
117617558 564128821 573063930
779979501 438668247 277577976
648585612 664249196 87868504
502162869 398848141 923873337
378435369 282418959 267754992
759610452 422488416 212230979
776313494 160885547 111261605
374496128 855780769 945905464
128383689 546152531 127993327
472455995 769504145 262670064
702047777 407523157 75248177
791742382 911657596 415487966
333107517 63397356 850700355
812826553 518809680 605384992
661764034 970651761 616072493
339655609 811305881 347771816
560027748 982727586 680561814
573130275 495613034 527791771
735932631 254526800 487086807
571550558 252888878 917762567
510645705 882866664 194863745
89170131 352868150 85982271
10225071 503567789 473435882
381891584 808588937 56851526
639701374 822622031 698884381
623392701 732378769 936637817
964888498 995219412 953385798
586050918 22385628 682626667
905850391 124276997 34054769
369388800 169240960 203609738
411501885 157071209 976353765
649673743 692623087 794404305
153025314 662724796 15251269
165031884 452484942 802700971
63506966 692460139 594167499
170450174 631584474 801286620
79278932 956279277 790882865
36428661 893120003 901902583
670915220 332462191 986926345
831585192 636825487 50940216
468377510 870505916 7776667
416687570 366882102 101377982
486801424 815818248 717694177
315986048 489254379 782184420
232942000 26246865 40936010
685847138 969749090 162202059
499441564 405514375 920472836
588720642 94730213 787264161
653531503 223638923 950217972
764000875 373706574 463728843
679089463 468982610 725693536
365764633 869050079 608368196
5630518 16844290 465364017
115471237 571025398 740742834
328588977 408994965 51681104
202775453 941796254 666061517
364440159 853232571 34021417
926157259 562507874 920235894
462226665 873163362 301030612
687558161 21051320 453300702
788755297 586280288 273638163
850009153 912467057 993381506
688097968 618450850 21917513
891803355 840418394 475999577
484983642 283140083 852213801
127467045 755074139 840178426
256768465 916696095 519433604
895255150 493233151 869002707
213325450 805987230 989934832
506437007 277294697 401237546
441561391 244287468 479043522
293948160 708560772 16869835
273686945 210162599 780149479
707081403 772683818 60064382
986315212 738414365 113795916
578096726 925037704 991410795
884897528 370682394 351047542
432248954 608279968 442247103
371401539 316767421 447025488
245462094 25884748 779208180
110609240 158321332 852926797
210300101 925530563 914579762
770994350 34643773 578615770
159022407 422146577 706542311
978179933 87229204 565278301
955407588 414974575 604754928
364225021 225582419 968752341
862143027 395141088 709499991
378736763 772080685 783609419
526601891 318871108 650409261
823899365 945906584 987707907
173011654 779378105 681242758
303364405 827491461 691432021
287517238 593040817 677173853
170484606 37126632 351179141
338014850 590866717 23434063
551706704 138798591 961002143
92399689 488277903 208583656
962479737 118027203 186626039
2457710 191965100 679175093
871232744 546895693 92656841
119696394 563029475 726440897
714962756 967694951 752140695
201338994 542072310 830193832
967902107 148262453 175757283
458579484 947523233 937594379
998932690 501195337 380336476
381302562 739734184 519377824
432182596 562026217 583505551
620161481 375594549 357267094
828618769 82962935 253343015
644474521 488063785 605436971
428187483 431595232 156992434
853908938 456273839 899233294
976419237 642382468 691758094
674810883 209805101 865602181
942376371 874886517 361707624
607600088 818174258 95985802
556737940 944516960 56911394
848569070 224365715 38993381
767086713 499161558 451508994
209063492 782478677 405179381
351507824 43959537 262468990
275400132 573061429 995915626
953332256 563377516 652499293
14304168 659942178 2662957
547715194 533430876 491863932
612363244 70068679 851821641
58974962 968578368 314202992
221966823 598240572 631813473
289932669 649794841 238689136
959140019 736075156 61035933
624431270 745537036 399086125
333657852 727446587 331257907
234383427 981306575 140935358
823129 453506239 143608640
901421026 411607559 881035960
387265397 171713770 988727979
811443163 352361173 818096788
565091049 546294147 692866165
13279487 653881581 427547813
551287570 970394355 907958775
541251601 842615653 168971957
771555942 978347123 978885823
445005333 986173871 871990656
557132682 520371402 184302605
658566614 889220556 169394660
752825284 345011499 332623797
781565089 603726800 403305180
255844241 536830994 504315466
274756211 651560968 896569906
806572162 300330319 57592984
716473983 618216695 565504080
869204861 919445448 584982797
385085296 650508630 884622703
681085503 755605074 311969558
325350882 935281593 624646636
202825609 895002981 353562702
951036742 172285262 787888369
711900432 19370039 303979295
246653188 910960220 28762224
141325155 568025909 399466016
461925368 52063 579453087
305587510 850476310 620754845
84783663 404032482 1559106
373733940 626401542 133793549
95688029 406350478 719508250
639339638 245607864 555656612
661968375 583000489 768041995
127687914 971763326 968545334
51329074 315370001 863050267
483384542 382972917 705632558
813111899 73749667 392400386
742386989 412785196 856471261
785941149 79968104 713570548
617445856 738970987 27931728
751743130 513651454 61987272
956513650 688128255 609021433
8228112 121463167 202597263
691211619 617454867 497185364
77133525 730400712 490054926
962483577 648602940 137187740
705371184 980201459 138273424
130953583 216489800 373699503
181680509 694333460 806738194
645270140 997847771 97775635
852633129 451961820 590320940
859007460 953736314 258687742
12270896 398208796 87287820
187161183 517423197 769931644
544564751 125503678 28221154
578842632 472510331 316177396
581834927 951421445 752068756
394077035 464316378 663870206
333250754 665193016 457537757
612973260 51636127 353135049
158428213 550995582 325093222
731607720 725597867 483268152
337589660 385492751 288589853
786685641 699993563 661486676
443295811 809648305 730853128
489183507 407996374 327214181
677014941 581269394 461867587
380404605 864959183 723825042
549371204 696088810 233454201
554956747 818129793 673204740
105365151 890961627 906049547
352463808 556825538 825727321
182821314 738452523 715761
759971552 866103509 966702509
32872013 561914602 364161815
258565690 607146997 140125762
966532539 796255178 824691493
611618103 518565105 727076523
465446961 414351414 577803417
466103703 841472151 719101094
505259004 239034544 980160223
314544555 33462779 812512902
968037073 727706704 875631510
179423921 803858599 992739869
820300325 185246193 904897437
431665242 852260272 237824347
837834002 624944781 940498016
385620704 819027851 155190499
154022831 200361206 465893940
762138548 736029175 266388755
328263186 679454450 388259718
61032366 396049193 694050637
37716018 44559095 351361806
897587798 648493264 864180635
118995008 181799579 876862773
577525208 118418896 136745591
691904667 816696553 250027869
947154881 916389243 627111284
154816088 559479866 539932504
472233619 906125140 134431702
942370051 396579664 798500628
6443660 373724444 977017595
292475096 276426556 466974204
748449165 59909008 787397118
194586014 720879388 22426684
978013294 568868796 282918251
664026542 596747486 148251808
186776056 642706023 89142285
727420239 763324128 297873028
962852661 926005248 482946223
268329913 794342576 255725565
154198011 253747577 273140271
967701664 834451887 894763895
126424870 91111531 160197668
201119766 295453283 846017236
472289690 591198634 19392893
11455896 402191163 66979643
854218917 247249723 600418641
251697613 366879482 418174724
800437985 507891749 826811711
452577444 419299655 715729526
530378942 321284115 921692160
460116397 296368613 428805850
125739249 108025589 943927965
87993304 88311573 674731599
868445954 82545548 907515635
870506315 716970960 791070363
47578378 206186389 232099253
35125842 581550536 710576444
451301113 96384085 692998692
683581420 201353081 528889051
640982472 959588050 895950130
765572166 64515118 657277060
923676418 466760961 201219115
643386834 68898877 123296180
457045538 437473105 663111461
99211856 274722279 277060024
743669326 844491870 493169649
391429394 549324532 247919562
516966183 96072107 298252108
334983257 528537981 613126310
490605025 322029799 583808652
270033205 88927541 281064851
618793603 806933328 740310213
360599810 638787176 299529554
379449879 880329242 662084703
208340965 439723998 597156321
937079734 441145033 290675354
886507716 268500454 487297299
674339914 557585323 828522321
321463209 997745739 835868231
174816949 398153864 465849600
172273841 493385744 108910534
352550387 349451661 386007493
617353689 142157373 555226449
199332300 734362361 471437162
69327987 815046127 581923447
653773261 598217943 144249940
193108866 752473854 385405599
531451851 834750628 408982743
666914341 623730814 19733671
316734434 754799465 92325706
150632223 69098512 882942213
241088905 301543866 642890024
995996202 262230526 439473106
413109283 654763411 265896946
25668707 642886085 715710028
184643627 708358496 418739220
756544379 242228819 327517986
160054535 503763692 733968855
579918124 240954549 891676935
366792328 564116211 935407741
192447883 139828550 52191405
964566930 447617344 164814923
212559535 633385213 209148393
265860599 515022495 870987364
660067797 862218847 564780836
884265771 518920282 25907852
879241709 607381392 802892318
995393814 358654117 607392111
611679504 65566583 711099084
781136830 924224273 619061046
688955867 593439970 289641782
835953939 12948886 474120496
696758436 924709385 583932643
356602663 769875196 280034605
999236805 658236748 935632144
910347583 560164159 841757725
602006337 549313617 340752513
963865715 429706473 281091863
362535732 173015291 93446916
63315023 113908292 599416505
12046952 147851309 543665289
357394136 860886266 938341631
701713694 616283176 93535297
674538989 825153034 693087683
993367120 957537631 494369671
933493831 859194484 289589036
539612434 665427230 302532157
566959094 178390873 238997221
343012106 450202209 744831919
227200446 818163632 938800183
740157865 935763205 202585415
122494314 46408909 809291767
476212045 98470453 926470788
689995796 810592761 381532896
602607141 231129039 576837035
480304713 633675230 141160749
584755492 200657452 100760255
156729764 985037595 712291601
322577490 967457071 535947796
766201511 688394478 921238945
75146042 48376759 611216310
998529739 812108878 639018120
878126730 4616570 820557987
989548366 653868937 750335192
146955606 555099940 783993076
926341147 10660486 998582588
155759579 70224682 354780318
237129840 401365035 843094494
675660711 968177508 830888388
977358811 348741634 510493698
256719915 781282838 744909701
718425552 888444564 916179434
749708129 746562160 826019861
273133131 213451642 662350140
819263196 91990435 399533377
971989603 342699966 717027388
956764418 844434123 329685258
930489087 933638040 145060393
540037603 324426683 833507463
923775492 389219272 606137070
644003925 277273198 540014105
208150591 619773523 899158144
344688355 397707297 325382655
960686876 610501276 519641180
402034307 447786441 722160195
840903397 457497165 687066199
966572912 909707806 315070585
542785348 315998658 916180561
941503368 796272360 796984042
890500567 569010398 740749824
257249137 89631001 217296468
632125742 137265547 474185006
22528290 373499698 432907103
800539260 52225278 526160062
407932541 976676045 587547956
719868889 37158682 428596470
303835982 101631358 369231298
377822745 67086689 761041941
751827174 243298123 874075865
380108928 858135110 730658186
204337577 545497307 644073356
770116204 811477919 781980765
275231854 430641309 102796854
809574797 806591458 444280611
828382660 328488026 616045356
175886273 884343147 505219297
446814729 119298554 112847081
188378964 54942381 820898265
332637026 391031846 637954093
413785745 955617791 405485616
991497539 19030065 388938913
392704458 189675821 242958315
226121096 580250159 589597557
765918975 721612097 672683767
151641027 365508843 373540536
702227007 106089229 164567453
572930355 61065056 206683618
220946868 427353834 41821343
765876747 788511767 84008275
877950395 250220287 124598111
16204123 46031680 128999359
70250412 802832096 639321898
281799288 830391022 991060002
99965213 661400740 83059010
200389424 412688476 975439117
43773675 258680288 108482132
649770902 807836855 966961413
714613160 907207380 635929722
485956428 187737335 906937736
1355716 891843469 236687118
269800139 853976659 653084770
805677586 835421015 886529967
301341475 663768577 943149611
842679248 492127265 922185241
195876115 527628081 653115362
880579510 800056913 718996708
523329551 90161051 408350237
156922683 439354571 627731076
875497696 905016014 829945519
539422326 653454031 266442622
637132075 143017574 34816929
670148745 899899523 859085275
113868126 788460067 384923532
843200212 628078705 755044968
53038060 767936589 159894455
74212892 405532804 318870204
211723137 2161519 442771423
904860429 279805036 781735415
429062140 477504888 128586998
729300792 419862196 503248649
532528308 71058121 727755408
477561483 695453429 292691525
765513681 464828097 546933735
754622749 734599052 762924511
237559539 757567065 605388855
389467615 47968034 883427679
536364378 781242246 583609466
440414058 761806914 935063786
583652742 22604515 413919444
267071329 464583448 505736585
248801050 197891309 902559780
972047744 36271564 351633629
719502834 769549692 827614016
470356270 157911192 452965046
165231889 531750383 865822295
503712284 714210763 286695940
270709852 742314125 842843448
173934970 960873539 525915033
955333781 497881167 84130749
85231911 727215113 29219684
778973090 291075556 655035316
916966124 259153872 696485559
446701415 128380383 670795788
62945390 732386090 336296906
30786607 861579292 867112901
954343661 239724923 405933424
913184655 718546109 727401002
776626933 356744629 147046061
400352226 262520169 87625466
706967834 864791968 726676301
81982460 399535876 299481069
215497091 556372383 436570028
55358312 458277334 276815775
838745873 615138752 525297744
404949143 376229526 425999353
17695827 601203691 933334421
127197681 135631677 627270501
292550443 18848882 2834733
352711416 616421443 80255170
208002332 151936822 900786745
761211794 567202129 82775647
231233656 593382024 995869489
516825025 709311768 299829233
766397480 166694029 252025297
677481780 752751510 590134500
560420632 403461419 259171823
244337931 834816323 359211102
266277405 481418853 822406453
404712996 948851468 799784893
757865650 468476941 3898983
201647106 106283168 636749204
725969144 754241090 780547823
980959286 170805307 17069063
115199244 984599763 865790687
650814703 992286143 472545008
108545712 392005417 266573458
813506603 992521874 225853677
295657369 337567665 269264055
841251208 922847051 131371585
318778143 403260308 853909008
543960109 482943209 917713262
382854499 201705144 823055795
107615133 377794341 116416229
616798735 729359597 126725315
529366593 435592183 559517924
243031392 530681470 28275737
737712105 185602434 636464604
30873365 493157663 553626516
218146877 260896046 46887545
441328217 750022118 601551544
86082092 197705414 6255858
723373647 596428770 707465699
717268997 793994848 900068896
453363862 808171074 134448247
957472495 689592105 305638962
278286021 337400336 630508520
480545855 969358069 273051671
931939774 121740585 525391652
821878053 600675985 165753895
293255929 362374689 321631841
606758881 899437234 570327322
492125497 906150582 775714881
276402256 410536663 507724023
301091051 433492393 748659558
484528341 905055548 845603432
905668984 352709015 18838452
276968149 11194295 268703860
579532882 5089877 468240137
150575397 720723828 397232249
497161207 517259277 345501947
988805415 179922241 226198942
926417580 140980532 763911357
526278591 293336595 220712717
284887833 726129204 901914035
116792179 415653574 340124911
237866253 874097345 843615979
443798231 154939794 784275205
445285805 949834109 663842084
323129928 480511725 494756970
426239457 669843924 243749726
890613692 202303706 68969822
133553185 919355408 9467722
428231809 254543897 613099057
463692725 785428454 167797019
345965847 683713468 364475902
950978 76698814 532971560
478309237 852808313 321410550
800178526 955006477 327193158
626320432 726130508 781302865
280791129 755199172 185684431
726797998 152307160 76205551
451279184 733621060 131816001
197291710 269323208 583538166
897563774 22721012 355320898
295821254 218069677 667392800
862892125 204640902 299176778
481090111 803762351 697700424
436637338 808578009 355274863
551777050 64263844 114722970
553906135 386759496 395872229
271976928 253717473 682272103
603897113 413289836 797626062
70875251 211465553 64883095
41061329 53108734 341471198
330650706 239839163 284807507
88483389 965895197 462171669
757957613 632516927 875121346
559439385 127009003 562034249
534060375 163781568 233166066
932830515 900134652 345649555
298028355 25831488 677007208
389803231 363120179 922196353
497101133 683816511 925120983
473273903 57823904 829812321
72077148 892545494 197861542
917453060 991552130 460395821
553776012 886602142 7187465
437694867 56215763 645655760
262819927 260206906 644109008
476927126 24132894 359931192
316761593 903817840 495385766
403124764 209705692 281510661
668753259 102991106 333234841
106121339 134004807 351494529
937782843 30678189 449471700
785479476 211228614 23974875
678631707 138915306 176421680
150576385 23314617 358036035
471223777 320350571 143912519
333672989 857762676 112585845
534561437 92491189 658219960
236267834 406015462 972386959
706527510 388521897 521508694
952921119 376584845 982486642
973322596 18820960 619601430
348184090 59105499 411253857
663935727 444511058 326159151
631514655 718703003 291606965
547802954 785145780 671593264
151377695 586036471 181843579
493743275 348234779 660590039
888428552 242734111 263938968
966786325 430508997 542320829
61926149 704851149 746615602
917621485 350812693 535474790
815836432 761373198 198232601
271113373 76958763 388561449
624927301 4494430 4550473
68874174 61859685 531144766
126433339 32715911 764153486
248848843 855110027 998987754
741362112 596854315 472340679
775218088 504023338 219897155
103096886 230639968 75539104
994905330 622468012 731074481
808900594 475906378 716232535
342614900 693772272 746373029
437709427 408174508 342336487
338904598 740800223 597546685
687700306 643537202 758287520
64699437 189581945 384993334
844316839 267830419 260692645
13646419 459596076 183477504
140844301 97803121 169312181
125277939 770854213 54230796
876473512 682368029 906833336
596467893 86945194 626480673
225077294 722932354 583537730
765058184 228386480 526201760
161134559 667395941 117421769
19694401 508521167 353631012
513010072 309577566 320363344
689426019 103945673 57638850
513527745 616266893 574016552
357831177 860889327 629262467
230010106 167865633 436836774
381530258 918007472 302829019
352075432 820120749 775333541
998837789 299418998 752691427
150940489 38459070 887150707
37745449 40617584 585817655
941306053 826080974 952349066
189320322 950357611 130670628
352022836 90920014 794157260
619595215 569974979 560608321
369347864 5598930 873375777
953792612 560811654 367563430
213548841 297778652 267757273
563552575 830168848 381879965
160228704 770142031 874753934
885759475 595035914 622088260
4248206 32225302 898879429
296303856 503058845 249011054
910725873 169597069 950675165
892297488 299918142 980544429
429819270 112767109 335994857
941211892 838042337 839591223
792048609 757526883 801077075
992479947 300452089 967495414
86621937 817088718 321277718
513886230 714546244 918220135
108117649 158267427 521925685
367311036 144533989 970557264
990960765 663938009 216953803
118121122 122133611 268561455
849787868 698320036 208280247
282210550 819565975 471464365
246233971 431673483 325783189
122936255 710977031 650219434
475731327 37049871 839775121
759576551 17986708 271357029
48602030 299012694 712735935
954852859 134987718 738386758
293684186 466149609 106634322
136420500 738411796 383899224
571532266 498067029 215102508
958559222 527186663 943195011
895920196 73638855 569612354
240437643 89728569 819131662
976322131 217801668 570025808
909368226 444664585 375328309
229146508 862647132 760768797
358585780 62553370 853070693
327317441 30005343 629298344
33833772 94094902 913219467
252853534 36033166 124630883
962329604 733807712 504859747
20519350 572158103 3995148
308454374 844678371 408097021
506612818 82804168 958081655
236231993 205719893 4444758
575989845 827655142 481514218
558620639 694721969 884034788
255825028 537053285 717646956
770935637 133993282 447085993
143994011 556378190 439415530
832824389 98375838 419855904
848404647 407728483 788192669
740693783 437826517 122016685
221141590 436222835 51557724
42347655 231033793 852885979
475264208 720888570 402823534
218567985 272904631 914724142
32917251 856671307 184272171
114855011 681748643 606107249
297240738 808297930 811290037
155121901 348845569 357267883
113340352 15674285 470055569
94516743 974476053 900782220
31437310 474690524 369550939
471472596 895360343 33892627
454553689 964203239 223210916
660544236 84957791 298504335
903091749 789231461 88889956
573027918 501348981 190582162
419175755 52076258 580006154
260670693 824697907 632803707
901471366 30825765 211776534
809537226 183532169 683541966
243305741 772970264 32111432
433044090 973072047 973487798
132008342 102800327 298424649
128066454 771444260 241374088
115081954 788498733 654583610
449091030 949938116 180880635
433168086 957951215 832382898
688872185 376903012 170269996
945289774 969551885 844180171
895578576 103370715 709725279
205720903 160419089 276209844
630692249 276411733 974030085
207240114 707100544 695863507
677652374 921726841 911405842
304783947 50418176 661531768
91982178 51254750 804420332
843525003 317244560 333130671
165724981 460196716 125860775
797633597 81862132 807853881
745571218 700126602 888452965
982597607 856872605 775140828
933191328 138652302 826162218
82699648 243567334 46627454
750243494 912982084 517390788
654128926 93855416 442253716
876713791 575042810 226935175
539382723 967998105 460252635
438161236 704719312 250387496
640144533 16299159 463994104
456702319 847666887 341326367
231857133 800456283 810571553
131383699 740136054 167941762
498232367 392409820 277581396
422987631 171581631 299239258
284430592 493663611 898944945
311391966 908473388 297495439
287517981 828346641 628942867
137419678 84021354 724592143
738278 14657572 186316823
859282981 947034119 425087383
566115284 632420375 306872476
491053146 734610900 713024818
783294177 170119872 265804898
681611642 652124769 845568893
164657233 277891035 168059298
37143099 88992754 230890242
336251865 225902102 262375967
160174863 838327996 295125360
560432390 961988670 68476573
957642589 906685122 409463884
959314820 178040093 35116692
887082019 523574471 125092018
146683660 349835730 988261125
214189034 696690563 338044604
918500740 209801716 462241864
492306017 87541764 957750222
977480767 91606627 671299868
265189840 427293314 374187391
147154385 855825735 32431171
989640569 948064770 818689023
847386862 912025592 541913367
537054346 591074781 92160322
128960749 734785341 152747181
550981374 835528603 10687803
444059918 600637901 397947823
87341125 498640130 853326281
934594292 31449429 383712635
180621848 338885852 292488166
311330307 47965969 840914151
12673510 995686961 263469583
387908783 760038101 905182326
300727373 769002489 976066690
283692559 3378680 639103460
993039766 502943423 963706501
76747628 834118804 379437948
888544630 56971970 759799886
873003377 312740522 694548838
606999681 558933055 670772190
254063520 610661735 181297562
647004907 69948960 588685933
232474865 348821869 948356260
754185909 762705497 715438490
145863697 194904224 387023638
483051036 91936952 714622937
954811968 637779351 659023193
998903593 407081082 434775835
659488971 424551899 170914202
589605465 60163173 376658079
438674352 285598277 988875695
936506162 987573193 938278073
123382879 853103570 720058506
462601482 381527629 366214796
353130339 565016718 842600896
993017051 572276750 707592235
221406434 840565168 808705105
771496583 965949547 903937914
741266034 751851224 846518872
430872647 303332501 878389887
291439774 494370439 32651892
581184425 743724070 196403908
798541281 528260498 147741572
507577896 189065608 251726134
178016989 219252703 381104698
585446918 706337420 121929523
999159911 419915566 38471822
997744976 970811569 279638329
463652394 173084067 919086307
407025810 413553948 282442852
757233348 169497782 793970778
741496396 583009639 226864299
352528937 951776115 562371336
31248271 54397797 102180849
18696223 861218003 776603784
473711209 412704272 583680820
46914362 511800006 673362104
113603342 237402728 269295329
24993849 858102778 106040747
875730548 905876480 772385391
530392274 179268249 500538709
613813661 741359516 652083544
278207872 502215599 122141766
11101633 588429 844256884
603117835 358463988 121650755
922478024 714430548 962178015
789020227 422475572 928641596
351702905 528364383 372547065
188487332 96940699 608893377
726331199 259678177 275350064
153835957 669139912 967469682
685045553 642811705 87487229
303470573 330663469 532972151
134611574 619661132 849230129
792532222 551154444 277428813
721055527 626895852 401472686
112691005 407067292 403553021
2378174 939755439 867592220
470123235 276899307 28846302
923380372 455983802 865041579
165614412 392716468 996704297
149995825 632333779 640058575
218865620 118022161 549598971
556217995 987557004 2793549
235490220 847424944 689735498
825666937 325863324 842179402
588269029 150526045 595711549
671419040 314341688 107880803
543262310 895969782 600639149
818620606 183362384 950416505
440658759 609034148 729870261
755704518 318133053 431827189
310774405 736499280 92413548
880721406 100866395 974611759
624987845 800084131 951783119
407796414 246420176 949296642
106804399 743251743 834907200
862782469 185260422 930083648
46183007 223138796 894302370
941675650 776909595 450218523
657163644 671874565 506016963
179755736 346651607 775955642
893962879 979836568 698880148
59243885 515847796 736635173
696019598 44738000 767966307
483697415 386449254 967506554
551329033 655763426 275844521
658453309 797292831 456656944
380315205 399083968 448535607
473398164 958088916 569201394
911425253 345224962 546890018
629588282 167521196 597493909
226138696 808633802 468372956
829168749 147390373 178106391
44348724 228765320 622360143
51734209 15880780 482395952
799333769 37255811 601458451
560540721 318867647 445671216
693161984 504088485 858704862
267504273 11839776 81551827
747336004 98159053 134109796
542834618 392046159 789353062
191080416 537782188 325395307
219166312 212315484 210460672
611204280 781041949 687526170
540812462 802522807 102042452
374825773 824857829 153450939
284347295 194506002 63664140
451843377 19479800 992576249
395069269 10273253 844558724
824666382 469856216 433715127
713305009 721596469 656693793
653091426 682081707 484589292
937231821 196684530 474485776
958976177 665388867 118457114
250582017 971401096 679247270
149504445 61988423 863514341
452104692 150796238 991248552
206906039 146931590 217058833
178551093 23948905 589686550
118858353 942984559 471970722
554526167 885254091 982891066
932909138 698508425 607020520
460723238 772639751 237418982
685327069 701239631 527697868
453706677 912879637 68830404
552941553 4727447 465711112
429488173 280312937 427809475
481414162 226034940 656948711
655065364 786371269 978583960
514024813 778767201 74116877
213418100 48319278 777911029
928536730 964450088 527111568
401018 478911964 863773570
916992948 711170499 195750147
760088269 778611938 211438094
94543242 94924327 139415976
380524268 889815715 226098133
179890917 803888013 757014776
712533729 835604022 447916626
411198649 4771267 324699797
989063582 683067046 947433433
854441862 82994513 822198940
209761913 48578311 853030639
367944642 471997721 435738160
16916383 924203955 502678487
310390232 856432434 316270490
545394159 521593439 634503651
513269147 177293077 48007842
161008287 563749312 21988789
466209995 892084785 654190135
409598337 198312161 206355402
879238307 20791896 572772236
368646900 403808268 64963710
719275852 130207910 233477895
755283718 39198024 669116227
788686668 92160172 121601181
105371543 500560747 850874982
802356803 832039619 329027495
502894180 500009312 439808539
218960485 967211500 688054573
341348673 336128113 996007551
846020098 427153382 564382392
817675690 379938334 683461559
321451323 972100930 555168354
798559705 796319887 66948671
868738787 638559572 855198135
523292699 539590733 194535132
228876894 427723877 916646203
147040438 853790611 204448663
806592839 133283242 748195033
45528921 374590992 418722065
740693268 833204420 34199523
336032102 423112151 434870199
338867310 640496985 734980353
170961230 46412333 761267969
718903632 119898797 111481066
299193457 931825070 935835561
568128795 440951237 360381148
682274012 790776406 36643319
125613036 607578872 846433733
849233509 325512988 383443606
446589872 428075118 735941400
450141016 169519602 221927341
93145891 122534576 810269906
685936035 48177563 938736492
911625599 545439580 80632094
897286661 232138014 802986085
624229568 734500175 787595709
592774920 442886971 258725461
205397629 801214490 392975025
467187221 93461274 290257308
288850117 535813736 767807985
462152776 484533823 31917347
206918296 982462755 586208314
284409740 795621324 575497305
65852298 345273471 890687891
534306358 452963884 463818864
635166503 375818143 335228933
421795543 461407860 589583609
921886836 762781078 607078925
486529714 458363383 79577475
136548354 757447967 52022828
353531614 998318594 590641859
98129215 631256353 996012587
397728236 449390460 598817806
549522514 178766538 703759847
658039156 595847907 634398981
72813540 428242243 903225875
516289482 689573394 241833905
467536865 145199993 369826094
526030281 610825565 565214513
42447165 69260712 384832779
847881811 636367287 620532759
807320521 170998511 499168490
955209396 628740508 690573270
42810882 406700161 853850352
219853637 219914735 656146071
424067114 885118711 765453875
448415310 15090609 479973766
374587714 97626617 129181869
598448552 413845731 61624053
841413796 735017837 391833873
1903638 192242411 483802149
18424287 451787595 268319031
188949130 170965177 164783425
310394032 845894301 391575534
437952545 728264720 252268402
889493323 909275585 421996077
385450992 269927039 706553565
206821147 576281175 84133199
920031426 135950100 793276288
611016162 59826900 146768152
929476936 80004507 161824365
757141354 561356621 823736292
291680846 126480672 75140669
178812310 113823009 989786672
395816839 357984331 702147963
1934508 47530367 614152416
710477476 996491493 128440191
263847508 927303327 70061733
366401617 579087643 799048956
517849983 84898321 715879981
737861706 657581875 45094956
15784702 283255332 959884929
584131863 177058854 400773284
372449391 760119448 807701241
899429674 533590449 227072588
460820682 33483605 649306358
909766069 877174089 221222149
109041318 709037359 997945435
981628857 989023665 858639739
74894696 478211149 576738308
975593044 109881842 585603912
781070271 293448285 2414668
955468901 84254420 32870076
911469227 857684535 170350381
342026012 907696101 774716780
272412459 28209016 163432434
568984915 878861947 617675711
615018082 235959892 747564343
101527274 88987274 342713225
594952391 205302086 688404413
917061085 61030160 226530757
756632831 992887689 979430922
863854920 788912044 485302661
174097908 174620870 633031462
149258792 4528436 396648730
710657326 351151161 447734596
890817701 148591583 955768456
546363463 604383585 44857753
557132418 735328248 569813933
436985120 432180668 457599277
421755561 426175097 749807240
74851026 762094995 759136002
166111432 925576204 13771978
435106508 309309046 800975891
416170647 813872861 924519556
751357943 779610750 858374955
714735694 952703678 568124476
719345688 631771153 660530497
461675989 826414332 132229405
491417106 54438826 428049546
847259740 430578154 435848417
305717860 488953503 746146817
705842594 609036564 885161529
498978986 840491295 407758025
17906038 349867219 118692919
644015740 967016338 76490514
66947061 624943518 981136378
180670009 66923032 977333547
988484935 351441499 142063810
697136064 114877482 2327910
249996042 7301931 459988800
266895277 960964250 306128836
718401501 377897097 935436540
140010167 375513882 621990323
259254458 567352353 154874634
997247823 766683029 62022046
500091420 614845215 647938393
298518274 538703398 382328782
3931850 962629189 752649135
594662474 433638183 597077753
952019023 449281128 664145196
848997323 179423937 572197246
89335948 826352106 550103345
818803385 968270601 168840417
635863844 667721352 453106155
911586412 554011682 685112000
679463999 50035341 525793389
42237852 431676171 306610392
280780720 739056353 259359494
501124109 379422396 396421161
678365652 43050658 143122264
713313946 204656717 521947900
852913818 715505884 503448138
607929914 96748060 17421713
865466287 77347098 403502168
363685109 338487622 78887112
544557318 474779251 927736855
260472760 468496660 432430298
490225382 514817951 812014262
485719934 505318251 377593665
280982543 489105500 272873018
152590737 293980300 448586393
74563938 778979690 180671559
565899633 522913240 936775352
275853309 349014165 97353264
270687358 928266998 168846790
425672401 761090417 152512401
729683228 920912244 843271898
458228254 404157376 218941641
662833062 169021402 185455023
556408278 761406928 651606610
354547544 492267599 701582224
860808026 564379618 255450404
813161962 538354541 184452236
832159989 585235111 907491819
469451370 388916472 608946214
217783792 410933 808509671
958930530 583279733 917194497
937965947 578070842 576795904
592398715 85366585 291660656
963296790 194329171 760444015
460244018 360816812 79401725
536264900 359762111 812334453
88744595 910689931 274327639
637573204 485687001 280530771
927873779 889275586 398282912
869993125 841772173 34052148
496327913 271814300 538563643
256927925 121244063 447352915
816151305 326307261 174303300
47638138 727745574 493358829
791397757 976017403 888816916
468551827 767357483 992414152
332145031 198583294 882560090
94560540 46764333 717253852
781916730 292247765 882562704
158485623 290418143 208900482
970594005 395957716 571995112
963388865 428903462 662158254
184871354 778235362 950971934
679855813 464116668 125606426
814548109 181134096 78377646
813458509 157781232 908424481
451220436 126490114 215729781
327687184 940406573 165924497
934167812 848173195 126821491
631826680 563549143 645838339
419568118 922183589 687849054
974728238 943070186 574899372
627567749 59582907 699875977
353613949 880779019 18619911
174360076 208551543 246878918
504274366 714218410 255319738
904583748 612700120 160248207
8537450 774204256 209702787
678674148 936303566 786042623
832441441 990284264 495954461
542538175 127666185 578144391
372697492 815535262 833918208
731116450 590895616 561710254
170470954 79296518 748027722
428222362 715902897 155304650
91488907 783785003 909211824
930700360 651499194 336785372
378895923 279179522 281851172
15017981 565341318 462938490
901363948 49049130 826766475
98650076 910168835 375456947
463544172 844198109 11738092
741622041 555981904 527777821
62696020 369355975 182071895
185089759 906590371 607916815
841562063 626753443 765648722
850932625 853308 584664707
708041592 592357355 909823915
317387039 682185242 99085247
920743456 202807504 622848751
367173328 923318212 448743679
781312581 608505179 331871452
595913353 251178203 216455282
648129199 668318603 830312447
110674133 3031092 472096272
188977047 592221822 308974608
887646158 331114336 451105864
342750955 981681668 737767261
847735753 62189929 474581458
187291512 501707784 983449704
917052380 663091842 751757192
497771443 704023907 280907299
379495578 232332504 151773631
937881289 931527993 695233886
943281695 820136587 644265704
916643972 542621061 598495324
991708382 101033218 83892655
688137266 393436951 689816820
750070201 64391624 876680497
852318315 883145330 787188382
187031467 852841830 676939476
130528173 378583565 699582982
124408827 188421852 825557143
536183514 601513473 504277095
471322229 488090367 421783804
681643068 129010594 972263390
223107159 206934377 310684802
333178371 655141590 435524695
853710920 874910398 830312453
254372689 140780326 402510067
877586332 541929064 466400264
570283551 420413495 307271703
568166916 251003398 986511766
972586398 587967643 601089420
761223840 662924481 365112801
200140881 971415150 541143601
60919762 982057369 948321020
335363017 830748670 332705405
938446650 466748572 34235190
791138406 802769189 997393721
202255442 728635826 953637455
251752525 602081494 399029407
159462984 88214076 921259215
339840731 831392785 267896632
988002518 982736950 481934113
912945891 47599846 437298049
727944099 310283141 279283119
735054707 437985860 642614606
669367927 489899441 759438284
763070717 295036394 595755567
719572630 897359434 947686685
979824403 760899090 911853015
288018292 181415101 361128912
579855110 954793695 940432968
115625993 78359938 388976454
45218439 44135839 520902927
180473680 896949668 14138949
465489263 876327779 967664280
829218391 259544959 139615377
951674164 301569972 161132572
609868879 199580125 899836684
838288066 283311047 489960882
748723562 407197538 342005191
649304065 594418310 863916565
653104166 224021078 386528677
17279521 323113520 30625565
824726824 489582179 97495456
964566821 942861356 160128527
176768020 459769639 866809966
166747848 449594540 99183828
440235465 244398872 368745483
163831798 583636433 573925620
921636326 367177906 178578171
