2607 20 325
927041421 632757141 570532580
945453978 709063841 555694151
539422212 80620930 278277769
259659220 970220029 400047515
219852631 357159187 599465777
33324930 774562884 128534151
133326760 986889217 392554494
646460348 920819513 721318725
639430637 484300616 708193141
738573483 117036098 992927242
779746325 160198922 69256616
984961242 506645960 180583792
726362508 380047256 762392795
610433114 661190437 730872024
420842649 594252495 20642423
300854576 857690460 906501152
677791470 340501580 684948609
114949124 522101001 50092899
194333310 762633259 979110990
976257685 341238365 443824752
912005968 576384666 387359542
912144938 45504243 862220414
501140547 645578714 669923854
190835011 795354638 209187377
833460878 658744701 875235514
72884999 343825462 730796502
831356977 777374377 221110021
191650287 451432744 155268534
753845060 806197199 545281444
905447953 904843477 655410046
863084840 739083405 678124167
118939803 125378391 342164956
689169542 515067736 883229603
109827391 740551363 841470455
961143884 691614357 89175865
145374429 194267226 845290074
805173257 274902259 463786703
376052440 929455339 322179448
495951134 405113225 552139011
398351608 817696084 347563620
453576792 478009946 642540250
490001738 437563981 351028683
31981922 741176607 732647421
414580417 369553093 196662977
751785455 501620813 128397014
742907536 44990570 872842811
347519226 520403723 382640671
547675897 643941844 809065097
232086706 251636331 478787027
460142300 429311533 822218742
127524040 772046076 54336107
632824189 196998857 707942196
353287680 808964337 249970516
451025279 139944872 780574695
457477479 548370348 502514352
306949033 549223954 894290560
107287342 275558212 388672162
615631802 824452388 796390108
999740174 403527047 508149439
108948536 873767475 745777455
578088926 169506510 578257867
284223104 281630130 320130051
392313276 129433919 384930691
676766364 652480115 146932937
827626173 17488255 65842773
851880147 156999958 387132673
760142256 136330624 281518214
637167511 33686736 905838667
310302048 209368978 527710972
854782818 590196465 300807273
282063579 380367392 840591628
391231620 921449234 529932839
286287188 569938153 443672953
25064321 754091275 54433505
150826636 571182072 530146175
442711521 548587484 466291303
103107084 383217040 856070934
934878962 777903708 850783321
574759480 648720876 239530090
716542835 605495940 216708822
990117363 856541970 774785132
990253288 326851464 949626626
252007253 195493072 423553143
499928483 230867288 997193329
742567018 930340617 968221393
421880360 764637365 592683544
912322495 688081976 359202713
509779580 953586139 588515356
686880897 876287674 319702355
366626286 841714836 788994888
937517883 52177716 230345751
988921078 765649346 877844945
451035172 152729626 463009970
6711646 305575201 435685927
950461894 204065586 791893506
869808535 702167664 577543384
682584738 62584906 409595489
971792301 399085011 124051886
22742575 226918302 214501807
2743333 145220510 39040999
86557253 957474108 338983676
75015876 185953757 878270816
247762482 559067681 111537821
651665731 845689102 623475156
215539660 889581080 372053854
532974170 130157951 362897167
371007026 805733982 611168727
232368703 333127450 221867761
951096605 249845131 858876411
230068665 775677464 403784192
344312895 797321899 668826458
591828966 967655314 444394168
65033594 358794533 126952243
779850994 906506179 312999119
44842256 447418894 87844722
697723784 678742470 671100026
658525227 344030471 193567115
452936522 164812720 912617740
967994639 449417924 803340660
941576632 372907432 842426120
516549511 304320531 613998884
141843763 605678853 332189638
321585296 791171238 69423383
173871666 279320963 419923875
931784441 660584396 38339699
747212917 523577997 124035006
102425328 971511455 597508958
684177278 948963360 555439636
92227000 590058363 964752470
791142665 654910313 248065890
750742624 423918049 399736521
223329581 526808082 535954929
31242620 163600454 942532276
993573662 56256229 119109400
494427398 750781515 272596778
730032136 124889057 495272027
699171869 836313650 653044710
73148894 471557898 140744176
442821946 935658467 339996493
472654800 657402892 877136883
166147193 648007573 628256889
448875768 417174086 663604366
698083652 108821015 234181051
543549994 276736072 809342171
874777434 491584768 542523401
967254053 331444903 169843301
838763580 962963571 356996362
852286224 701160018 3861218
902374342 106865831 151981167
178118513 689362365 86063055
266826828 159366934 422181635
885480653 51884107 499734972
908092839 425127394 563845747
229709203 551911942 842586011
154498405 60040277 192116534
986194682 601531389 313450165
661272777 117045197 403588872
281020544 943982592 843531154
894726794 73631185 859046635
718061569 698867246 913507226
969484178 774238610 983700311
667920480 503518135 377808796
870382627 940085712 636970050
693387077 158805079 280164348
638724043 39556120 343270309
504913376 191049654 894676318
164573186 559329934 867707652
137337896 644239926 460726998
310441994 906196944 439368570
189710541 890504054 5279579
932793443 454812764 83604509
803135623 416777129 283239435
940879839 641775193 110494433
955490771 122603388 767670214
274242132 531084016 409127538
476717406 56637485 979105234
346338267 744232268 817584036
617068812 759707015 8688859
154062123 598431656 750195472
515771692 979760484 235115424
801102945 530150011 851416945
423930045 203943398 83372931
62123931 926890078 340386514
937299028 179614898 532725178
351753525 53005295 742058177
636821850 627183443 255682106
818888309 357771047 490615557
434632609 539164352 896425053
225679989 4668181 591809027
472846580 16758828 660669106
491851369 139771349 243871694
338633422 702164900 501018419
434375020 356194458 500329321
472167923 115096286 247242978
388906993 612114327 875575453
174150057 439755531 205154111
884585568 531162415 129412059
883693737 316804638 158908850
761966691 415496398 80461963
184989552 873673314 370707963
741703907 533585689 219273195
278239076 900021929 312426492
136579109 940634366 495459836
814385779 920199783 388951508
785693179 712117266 637660624
205893144 161812977 540141225
792163352 705596565 489575007
473614692 355520552 102818397
533925366 885509313 343072070
177873032 92967277 338376020
824923628 832908902 71609774
811762899 875650131 603964582
756211912 422940775 423928594
102555911 650367136 498540172
527185074 724112566 879387459
286834972 148781903 58275483
785326196 911761521 835336790
684138757 810800644 160694221
879390105 20170045 760155260
165881886 638563980 310633825
294552843 258939790 208858604
512476074 615879783 819967456
683830069 5779104 441215837
317621668 801563921 171312391
113172797 892835659 889697530
486521557 471407773 289073862
788108006 372770041 258117325
444624645 820144638 189935929
333846045 245818091 80695103
369477304 175848612 183652832
580136762 727476605 320159069
377313111 435233232 202528829
969286539 559895662 125642669
861304068 517784984 886846246
639681148 363089932 425655421
788645627 893089043 332778643
867871664 865516000 354244980
418233079 778501395 172248780
791010271 821813399 404969741
598524650 792410306 937959626
680816120 326038616 688122010
630227850 212710056 304755191
528457787 187776450 448099514
823274416 266407531 81086456
352583944 895891164 409681185
649980017 101623445 960500970
70921814 276994686 442776568
530102099 885885215 749417795
347862792 990673918 237812009
716251736 320604403 232958073
19894475 149292741 942219729
424426108 375387349 865956796
394720621 223344185 252286264
631303712 107401040 362039337
820150946 698363968 139637090
889073007 371804752 133917692
323351224 490490452 19952787
680877150 720139378 443332692
52665078 708734233 429405665
265370756 977649874 16899328
490992404 607240516 439827701
897056040 927814098 7522521
539300440 901387234 920774550
157889353 72771545 648998953
356178866 978683252 136012137
631697441 286261613 679513123
215387709 789762268 838885594
261533190 630694352 25297484
522257589 295038797 295506521
631327749 894193111 472814019
982624824 799305805 224813070
841580643 912558450 260711736
704188071 508109343 500462544
969715246 158257319 949350638
432173171 536371903 905105311
375411002 387290162 299690988
630595489 544414273 798747375
834018223 317538925 833015223
63638298 302108830 246843837
778603779 531181581 516992179
982574750 318893403 712560861
722297599 795166204 410208234
351551550 871608952 463058182
577601088 366141892 686334665
503873407 770958970 197144308
926073373 825075917 865264783
607999271 692316729 558816594
903667298 136391401 676534739
378492366 3157528 174180220
586117346 72026381 245865690
871440576 85699921 181505206
194915191 555379459 759983759
794811491 580561288 564684175
806394429 870567799 694981247
856702744 64420290 8181818
251835643 659810848 630702386
798180988 953897837 803798804
53825981 291323868 875432229
961069344 95066756 237435962
740853783 460452837 61273955
402930995 997328115 176333931
309524799 654828877 346296167
828178490 607427486 758038986
197189970 717336810 297125128
428650959 431591257 956096332
803589046 284882685 594280044
752861029 400345111 126665720
397254871 578848792 816819234
742159509 691071862 741420168
932125579 799271196 618778076
229565221 734897327 353023376
394113171 499371813 205865463
206725229 658891935 883992089
892049657 226749128 419680067
889635211 256066790 264418841
716423848 899859409 408955968
877001016 928676260 902816030
709222358 68431960 181517994
872804657 367268342 735547725
835238950 641442730 669183655
928861104 754660506 892956797
99733372 943522361 501287861
805039478 547734318 176490424
811159074 681556603 563552779
925935492 441050453 12866058
28291482 619517157 730052464
714084476 232970744 192091056
39982554 562211217 135638852
376929902 266425146 532090097
913373504 992082910 219455392
8285951 954639392 441228542
120475116 185176473 220688392
41743610 372508353 214803559
285943680 488614270 291445355
57040112 356950848 306798910
599953138 762426258 337453268
109951207 269404409 689344093
319944778 798142327 153665442
329182688 965795517 450712
25137999 376685215 491448220
270346774 221377278 338053306
808860848 964438217 416080385
721264387 596849153 57073920
99742164 685319626 930084767
382088407 186495066 363708627
406726562 590076028 332621709
152196902 37094294 355134466
809602428 795844552 306501912
563701577 763247211 19089322
94844026 608842848 196475803
954281015 509400438 109005565
191368149 317024253 578505285
738743935 937417405 542403167
153674991 418115 177144512
192567045 684842001 982027193
772161396 211280353 934525853
244366081 257241180 325297044
691676742 546223053 621245268
298419643 11339422 232949093
404057934 273548589 336891692
689855866 731390092 811112581
984999867 745866090 217586818
1418184 442509172 823427141
337527121 350531963 341839500
537517441 441488936 497017129
765062163 577545504 190508287
25212000 18755902 69834197
898616643 664379542 582815642
818832853 14947894 184768271
255887451 206605516 370318429
532599863 19907461 18680902
233110912 56850356 488734866
637848148 807065529 70447591
611403138 936461613 256835870
385665858 111220792 583540540
447135385 31633978 954411328
515925090 511310674 684007486
996720059 798737070 279779059
159760609 973740675 625688249
405224813 981923109 127242457
961230821 275505104 198643241
264811051 892805267 341326191
535403832 919138917 597332982
268609819 144636638 932916816
660732717 858690771 896972658
100424746 68478327 948870992
405166835 92307431 246259840
437583508 158513336 644651904
810693722 787834191 925833720
197095456 482246262 362425149
534599544 926830648 623734144
539118371 333400617 967114629
181903082 846285522 819275405
220232396 491966943 716871142
858892064 448825467 867100775
113853449 887423727 946671570
613224782 603696884 472962830
378349509 52214923 69705384
897942142 790793907 468703573
239173513 369635624 563633205
917289873 547808655 844436503
128025092 233707343 831509228
527245512 717703467 875620595
239945151 669509447 427850043
109008038 910139350 172916624
134384400 186621649 451997504
434997385 136704402 870761822
663143708 876873116 86872508
950047371 418649138 278087695
436834638 996963135 761184192
434591221 296582392 270796368
83618774 234102944 759747889
490772660 4352073 825361041
71756981 515071795 114768012
524325311 908156095 22848877
409127208 473109200 600137184
976675675 995650315 354685709
111760241 979932488 14439091
912645761 803495489 407247597
678914385 153752786 300730128
350144137 366899326 987404383
422590970 653223314 497842667
981623853 339349968 492988659
865811737 315214043 992130361
242147773 395833417 734737009
332256884 969941163 944403198
434055362 562332029 414205173
941254021 106141216 277110182
184964901 761206182 724835400
364182694 918525713 329066002
871937820 920974632 411944597
261726692 756384062 607399544
112355255 327769408 338934835
156044082 432783902 847481583
545336235 560797320 106771409
182396473 414729643 881253919
766321534 536988145 8167478
333780274 109439353 292090985
713138842 602884660 405904415
248376005 643242101 57441893
163952961 53683450 56224913
80324245 256320033 730745189
650692603 426925829 499811697
571893886 239434783 920389732
553259854 981602290 659410503
575795730 899644140 457332312
187416204 407819466 462766826
658197284 469079619 4027435
132156955 769557503 742368346
324129956 237358368 952087323
167039200 583747290 787043299
136726527 12677782 642185920
769910323 630786703 814824918
169208683 700981148 90193791
870227444 70949754 620897123
68950933 649364236 794811537
979256085 764421460 777956069
432993541 723031016 886935141
33329284 317425926 254324259
737186941 631728991 587576763
246672805 447919824 952145206
665510686 462272649 669730516
720688498 955380852 965201560
433204369 550344013 100828203
138145118 789339450 315880437
24077831 907351333 245711896
273417570 102784714 428857714
729007992 835787179 833586927
569271987 127046089 595909009
198516374 327049921 284904222
391622860 650541037 93122106
556662621 216363694 582294345
993412242 984530759 276378137
264607756 361869601 217363936
14388883 309813132 243764551
219552043 155020676 614998156
456713539 932745118 934849435
928231616 847868263 385656353
538609973 888737887 433634008
824950986 720536434 830860278
450972803 748957915 793470137
274433338 53355253 455832417
505978396 94197676 847628528
373779653 460620028 120983176
462010361 512778946 676480187
701157548 492544904 676436445
567935857 295826216 381924744
100357929 772347391 673291696
552058233 438748661 197154715
609404402 125723500 952310209
314732366 330147433 915456077
869677304 129253638 377809409
226612426 2323243 95265032
622357367 220258138 161558310
737003661 479987550 323740620
917524955 675401587 397441042
160535856 553601408 148668780
93352323 43519058 737392918
699525555 78079302 137820486
926245076 480366139 597441007
928027527 882309802 434079948
531577432 648466312 414984867
179080697 759954990 773024114
454335623 645794364 185555461
176592827 74686389 491336478
514656103 473305488 7813501
121199062 506115333 551181913
282364848 648777984 74747104
441375155 953462286 257627974
987927205 584262791 645192556
765480043 114885738 702261403
312089971 674682172 912623238
783070313 698428794 64767978
757404988 850233296 599876517
961445048 151121558 914687792
345492539 571603139 50046105
57924176 874092079 908622513
696287082 729668035 840296180
987242201 384168040 140849558
372232697 673927149 315389296
637862541 529803628 471169041
573076445 302355888 233057053
915687170 141024675 93730263
518935001 655502909 596063483
352905962 551434360 256558419
135615481 228217507 176848699
286550866 940932529 975441479
874040058 872489533 50275664
60270162 387947899 149196893
70445132 802435513 987787115
968412846 692071637 88894281
326805086 366092455 912137416
353818125 444554672 24033842
246046483 329641182 874087781
952336289 965296194 588808433
961306409 253598708 590800045
748126832 481825560 687227433
817686738 913628918 355343010
541797162 523867697 526073829
559556523 907549931 643539559
632281887 108513612 967609229
717159608 306721171 264035159
617580723 564112609 594238182
730601024 720889844 509546856
944757870 825822231 94268041
65970650 768601977 701898143
124153219 219301647 978610606
856396792 985339135 269604933
759032608 584579893 828056190
604492924 498965263 708422532
570457466 516308244 533973784
595215574 746273768 605436934
791803424 292502057 71212948
388666295 453800623 61334488
56272736 547341421 62786532
470739087 526220756 896642871
36047212 68865036 567998276
335390391 30799980 48007363
865279790 544621480 286654594
28505390 30226624 32581938
400211682 75812494 868121383
182188366 688607688 949178916
539466916 289993907 431254523
785466164 792671093 292798069
809035799 243616177 182601792
840269017 522904019 739107531
54315588 838859742 473572477
105177231 252393596 787200875
242498273 980027743 604643328
622096958 640451126 448933790
607580540 898328716 282713135
476768808 172460976 852175296
430823941 637559126 532701477
266320324 546760579 701697304
962529955 967846654 466592768
675415949 799452845 273571274
691422107 28247577 223997162
545490054 257911103 643463520
641966049 529528280 308942998
201168615 227582048 486858113
894134247 737255829 938621094
679904614 808757356 78256659
750168548 520538506 13667256
707486694 67420604 120460008
914259130 706336261 526207548
723692749 164902288 544747068
83907487 599520928 892436712
498339417 814751680 743959071
174226288 820586366 426527377
375560074 975645335 381888676
139325731 480472400 173898811
632939561 573774722 866291057
75609814 182692831 330882247
452260589 584903523 761184902
666069227 143851504 3154168
874376103 570674483 870023211
617187252 659196096 475857901
656910555 279407818 17721984
901778349 199915570 721468896
109593285 903277154 607735947
328925247 105096132 673796934
235473350 831235776 918209527
369709185 853154593 988494087
958322776 65015804 88254235
721880421 973979887 693965652
690629074 949950480 928414389
749975886 42155847 926233805
423816404 808946295 677236131
986281439 631918048 40763581
340789214 878351571 742402897
228393313 346290338 342542498
144301032 146919099 589382442
342500192 953025834 972477584
812241905 199382251 55663274
628666856 693665582 633291844
791129354 195582575 118120068
823827667 820350283 771987826
780884101 58044577 587164243
144905290 640955608 314100460
14142175 153867449 831172648
525573332 292343110 639865696
224921544 820108639 550697833
793906488 726804689 72251478
657324362 441455988 364844643
728407729 791421434 976692504
308025023 689758318 11870501
888330474 711573421 948447698
568132890 543729487 100377431
994674068 329858743 193438276
637450401 666352448 477954068
215995413 923229340 635800588
570697500 159808936 416289889
167576367 405443704 157369701
975316335 13927190 300900481
913072669 476628362 450804663
851437754 500773269 1088836
226941625 670915430 447858015
47330295 58175024 817730999
813042969 308509781 915340128
710803896 779955422 946445852
363626352 318447195 213791266
951538262 571549504 87406585
983842421 839127442 724112463
230353214 514516900 888145832
95048787 297192058 696259113
161951384 79338093 207225832
242630088 828523679 530885250
311617471 831146074 233111799
990727030 692689596 412922102
744520646 600567424 38589346
94434120 695367773 324347729
907234810 155159931 30216276
647259451 99307292 614552562
348937166 15632925 849196782
945669797 505769350 398763
752916320 641230764 404613149
388015345 879999526 944806139
496445610 308125078 292879033
931430530 929544572 774668128
831551874 717409508 728771937
328234216 330607493 800175473
129774659 13575838 42699452
832936794 754396611 866034177
835987470 98239662 234987873
628766232 619491000 761587773
128177183 2716409 266160731
530389342 959770834 564868976
955671118 993947894 346889416
138721333 944148032 825098939
844304314 66004575 828808214
565470359 251981758 474373090
562719951 590776119 57161978
293697221 773334141 940300859
479728959 591082365 65114335
478813426 965990419 93263217
804884825 673914899 481048530
59004482 59407796 697081216
454525913 29388730 484224452
943427611 93949197 220081344
38681346 358442293 628910599
889358666 895339454 957772406
452475276 991773991 401830868
301889286 634386039 194438290
559258029 295505643 714903989
546838619 316833513 880547135
112280285 359860357 258087413
525897982 936462773 549482552
937497104 241269025 318122000
865711076 699406107 805288887
186074368 827150610 413217441
658788724 278937162 715979796
592328283 113571925 297863591
320638592 545361984 29262329
327574414 180788243 572226741
272078047 806515319 883367106
361985111 55847376 867209687
398494268 401991156 522229610
567325829 241242175 967568585
810428512 487056405 59835707
585133203 922166088 851169243
570421920 699071034 96528207
22964658 51711011 336985536
897964093 637859269 331476349
707976201 613661440 455846488
556008182 727259595 632921543
486620980 328413629 3053039
799102306 240465224 218005546
610939366 910152254 160583174
114734803 713541133 880656892
998368605 616558921 219410070
805061332 808012006 710875018
582319843 202909811 371634911
774805448 591684395 886368674
283453436 410110718 344993839
570985017 777338601 312978619
950671397 865728413 655764899
892750206 250625190 798528005
186889433 489423844 914559091
57556381 196374245 744329318
70916078 339201258 819881202
284207343 38800781 970558482
508301603 927847640 656123787
911864756 548518092 221926211
109747870 85221015 809573522
261659153 949336322 714177973
973956132 643640246 532000432
181581201 840121704 440309102
332925777 687753344 579211619
862171597 52703047 51741072
693843582 352385859 792388558
417509707 941174359 163062485
658933649 181227830 36153206
165440302 367777696 431270728
578847112 419682441 979742939
822648684 334089445 608131781
208420292 649932361 842388368
799757011 690042618 86375235
778029658 97280853 828352465
400724000 13606354 927344946
861064520 224644360 752405344
210641930 371619318 727792669
596132642 986786540 78481520
921964026 479421045 200749877
388665343 74613364 236198420
258717687 856536152 830049048
401506393 614004054 905433235
624111849 353128076 565128439
887230989 623732706 931731926
532344430 228779010 188088803
479522023 122735723 797894012
537161879 713326116 238327959
798580572 826765394 222329861
613955663 46944777 658383941
836623585 527572682 536746337
312943848 459117714 814778020
25819579 199971592 140084200
836202046 464120898 23867217
24838744 240532591 513699794
986529340 714202748 46698055
230408280 804683732 121151735
794401469 175846985 605751907
911069589 104303861 695225407
155070728 687319318 445988950
183287184 955407254 41496893
234706692 435889547 794688032
369466232 328862321 2538936
624933106 817446531 47021302
730805305 212540083 407022896
708927154 861832729 712455891
147282424 550322398 762763564
309344617 77513003 544506358
904415584 122163945 469485525
598570868 153661492 578972564
359220909 427252098 894439083
184509101 61014210 860909465
114904367 301669716 25530126
217687001 68514506 410749849
893140945 204895790 266351202
841434573 537199739 294681852
690247094 546133418 695884642
874487639 316014818 448071590
331723766 893589341 314026759
252193020 995962935 206792546
732189410 926512152 309674769
922923483 567662717 355645426
495135062 870057756 558343802
579866627 157525658 856932329
681795923 787615989 110036006
711196104 463453134 446852039
440859167 907599092 820148542
372095981 578140667 667288780
209124870 964317761 922099005
991993713 61880652 515424692
290906521 23366823 464397617
451490940 387815886 673280187
370003424 319798975 957399137
669894219 470941663 850870926
389729140 585223820 771646782
614336448 201742811 70721596
38755766 619216765 567628022
962140376 266000139 81464896
407121951 260154469 662927187
451245494 382849536 967390337
16807555 905290445 602688604
521926855 401753554 218185845
462486944 632319689 438269873
229972884 402397636 901299896
957164521 636742570 329737501
445847807 294150346 874011668
295789283 819378213 73870895
594141466 988911087 847573361
656539032 426408175 373499748
564960455 780895913 592110827
659749341 791083885 962300037
747835707 157137535 374748319
128539145 556416639 453684309
324612625 393461686 399228803
354678566 90642788 18492387
373745702 462421165 571686125
180785597 553438816 908857403
697945651 26921792 620742189
382544181 497288556 695971917
498446346 81753093 784276850
557709936 51191758 983594857
171838642 847297658 177521274
239248437 909905579 316413988
871796139 224901043 791568334
328531974 811964398 336501804
958528053 316455797 240409790
784155718 810894586 805221257
494911055 630632585 970615516
83880394 102686682 179075538
52121944 761987037 416123479
749156401 319369816 34323525
542957315 820283660 884083541
417317310 146306663 37904550
466255909 43578441 901577657
487086122 8510868 559260578
688825805 113729305 568034508
783510505 648699913 526047241
786093472 638975073 218340069
89016661 541934281 684391632
844129609 192292167 292678774
561926441 508446741 488613950
526684375 296739292 279041332
862566424 518032105 108945106
632156808 541917673 392476021
46038060 866602936 586466253
592468358 87769554 795958615
537815122 675270387 300474529
76621066 750142894 794678635
90702036 80970192 796594717
737918084 243218438 920598102
605870693 3223846 903766653
959038546 625443401 991996401
638738492 20227354 927707055
803128251 190670258 50901367
498319510 381132084 77827841
869178967 285269399 44645994
459307665 99334706 998904854
755552547 92095851 114310959
540511455 148381132 101221754
69517015 879942342 216733157
563038871 845674867 224940917
783490546 905943395 727613657
683653285 648533847 547061745
631856814 207321432 904729184
241583812 960343621 188661111
135218149 236245437 575141608
647161961 48405639 329752471
198559488 441288693 953190632
416217454 776661320 449365995
902680662 880969445 696396247
366382768 160553677 313475065
584622339 682360643 338262503
201201719 405888055 242468047
105394952 332607271 670430635
248588758 344987402 401214460
513303731 192423172 130293665
654308736 17958811 126626800
395776172 470104635 609369165
397671768 522605616 200656900
414985710 25366342 746936888
736905923 228631622 400530312
512346041 378168279 185424879
273291651 530805534 167775289
10010676 372370816 191920563
644071955 58674176 676518616
398055029 926296609 104102799
912685512 231432455 223284019
169270509 391833320 803840652
252194734 865841921 245464763
488523072 192458719 469308872
639224434 908503620 713175895
116609538 119348340 792205651
11897194 522893121 296444556
90113459 790898925 243808456
739427765 128851233 641363764
755669323 96700192 811326965
693733684 911537527 54587497
892491315 920372928 41402772
98979992 416603682 371529007
124689532 83823150 2726825
469010907 720223528 270475016
984784571 644002741 80691668
392602912 987640749 323149869
508589862 944547361 967231423
716360021 633045738 917419519
504589101 190871084 972043028
83531038 338211040 780824772
519756817 141941979 467076094
841183110 767317001 834266931
539886090 579804864 128042863
64835860 638843608 833523173
174465905 772869705 232274545
978270777 985223777 571523626
841001647 588681851 689129463
626791493 24744360 409312525
63928237 310592262 614589667
710143883 665841070 103451708
731373953 918615918 305036372
688477131 645534384 72498712
521501235 325041188 184023189
625615805 747350490 982576942
743396469 545576140 211681511
438716452 3270199 389381626
927280775 440036316 205700293
116757902 393421946 64804822
159278517 286366861 741938106
56096269 621447243 129235009
853938656 327088463 292624884
752382557 131298165 862385121
655191738 393371164 594564016
836476653 290052630 835647436
479694066 551329497 182191395
335897396 707158000 854938758
530337847 354232462 936177519
906205814 738604319 44254338
406206573 465675904 909230662
544666547 36072044 778698711
714597802 250021308 445095296
368378631 41113208 456562038
164389512 955132230 59429459
402416186 159715055 655474039
352549984 715597102 221549627
546851704 980473542 778090492
794841000 412349329 215335000
226096331 245149613 602157592
617771612 640872669 630299527
543469099 488165782 158752100
453432203 941942233 404984894
145937112 383935170 333814269
926174392 55870962 659763642
160465385 243466845 183646280
601949786 403672646 965475204
914322558 840035789 300468788
459998745 339037735 607016772
910891341 547314860 667026705
542417955 663857285 285065114
696851600 676054871 827423076
390175037 68607825 276858046
906391729 247934302 601476621
149320002 282590812 735688024
789682720 433924797 367623631
780918780 637155057 726269247
624796022 310023496 603764718
916670987 249828040 259173455
283891548 453842776 145365539
833096969 140754238 627743238
285230630 769315840 184830115
241766019 615300213 67132798
927215985 148056344 171450873
601566927 890210278 453447793
862222751 380491078 229780109
430676822 162241491 39450891
639236407 934023817 886566818
168442987 545812292 32993864
52605981 257554130 254267214
644565059 371599851 454744986
982591830 593894097 557340739
188540660 372938237 460832218
978182376 881436712 912034125
196844557 993992981 90617386
303079703 236547538 97716669
771070942 961764176 645480078
230062972 48492551 22712484
24590815 839166170 11804363
626833489 537025198 860379976
344673946 894522707 980872730
764385960 114549091 459243123
232458287 660714192 438424108
940462853 772047907 935407853
25641379 919798255 376195835
514257483 770831873 960661456
410012206 559757053 838610105
747840640 636031360 692028297
364695482 820638225 841462372
777568294 241256206 83949966
894189532 227011469 614757477
735692123 257528999 22520579
54866755 106145223 182238164
377858818 184343921 295941226
760863864 656104232 943090874
98362338 601400454 415971819
283715046 972124127 427857794
259274523 867724410 833864303
590645064 726519833 233837512
468135287 26599759 286181960
719888442 259695570 687836392
719865192 820278625 195205899
618903517 540940346 590040512
210293371 33956410 30816167
75683349 636562312 978831559
644171625 216522942 23328003
183265196 206250683 704126774
389326011 576622869 547688627
951864437 391094582 395606101
530050981 762144416 521665301
735018650 27459780 434169434
269488020 545716508 550411509
491496534 200325678 468654047
997726368 752522305 831704991
21562414 359415651 250145951
387607128 431763132 556386006
967547516 493571923 697177898
782721744 899197395 355569999
957997847 399926369 191306396
548578226 617821732 877871127
516031704 276477303 133968224
148454145 813514408 59752221
372432690 597435729 956362585
31155286 170298619 602585098
793180111 54371191 554041349
24159055 543121675 327269877
328308316 917305735 211469455
595949283 957772682 547347881
739777274 548525524 941903360
928652996 688832501 687879228
491887084 51805216 175740574
29245141 279338570 305848677
379818934 924301245 519374226
715643438 665176597 827472792
788153678 507398141 576821738
276527914 961742700 153701180
214381541 414191998 685368002
184790375 301779733 15514247
75923162 61716872 138805392
775749896 250917149 200841789
918870615 264350425 800332686
520144144 617717874 641171629
218222756 473149103 658858532
467453527 813867629 888723766
773004267 648593268 639559713
848026861 801552344 950224162
43003254 354082560 218550235
391660650 262790328 630656168
567768112 714241731 483336758
690629778 461126519 906206314
234325199 502665014 829218893
604513162 448303760 639902763
440376100 943079926 767520564
825037944 217983160 675158953
438756819 694192408 70915058
668443131 196530696 126282888
853461541 621409468 136080518
354436248 707630763 360538832
222558107 357723634 414205781
957801120 904927493 393447346
927221352 953955899 635309214
676966229 176419709 895579908
473327570 353543479 637831452
41271507 162812957 314656607
377538936 989658557 880527880
618290364 427914952 661887217
449964060 449188498 109807318
232534826 600678590 537993081
748456677 285536984 611749960
604325425 402372787 384338201
638761744 80514308 21978567
520817286 760987599 652156779
622873244 767306775 17588375
804263928 992756639 320664467
612639605 254603614 739515439
236493112 386947845 690768602
692106760 79729466 362239942
760406094 267336107 813376134
149622243 281194569 221782747
830040146 736336040 218690803
376184245 773641887 571192007
97739252 452209814 220901950
243243273 746672282 401492188
188014755 537784984 889667179
66054437 537713982 995163271
437706448 221532666 296889695
320065678 294510248 590720465
106811493 142316784 604716106
569253306 798680385 84142146
626854264 755517799 751823527
544103926 240169977 942222556
697071958 956375826 656548093
832334016 665937030 132854750
9391366 424933403 145052537
209841814 385987928 170026320
197007557 469418712 969142208
339085491 383374376 14282807
513694441 139915780 223164963
822414644 858028873 328882593
721424893 903920386 522338130
125850501 779534761 120780570
331511987 958747860 759175864
350710998 216136876 344040700
326818115 969721467 530682012
673572965 913880708 495594484
285293046 665674266 509400282
316485599 876029917 814486444
858827896 134936542 219336491
538703610 378769419 618903385
992901497 812038028 539626291
192475591 46000337 581420271
707190002 710929545 25379461
364613769 298515624 316915493
920285906 96098549 642171450
690345470 965442829 268516977
553162311 450520869 688766410
523686870 555901407 610274995
276712255 56783406 921136447
317242955 643058411 263381004
344490438 466600509 768985696
253768806 105293715 508656661
921043763 851413906 424075073
228276010 200602600 2990696
547942367 731167586 393424573
954164686 310484514 819198389
844066150 548291080 144173031
810171698 236407262 616589326
893262358 699038868 34101818
152914838 12017565 443750726
227107446 752451202 652725997
99490021 644814497 802165016
43401135 373012492 955157568
939585791 471171437 854354421
442961027 256570103 293452815
102039265 609200896 70528126
458316103 737364702 47583088
368494528 946786891 89207526
909258266 550976464 11201483
197774919 478599306 582819353
590028042 438933155 586190480
130135644 415978370 55755189
352407656 7028947 643896572
772176492 351348138 293929261
223987996 995480397 331391069
496549983 129832228 225916678
894485924 51985474 27855250
851812446 221781155 704495267
519653737 798219802 19742986
911176723 760883056 650168109
374388475 456858935 416991210
59730227 380548050 561796014
925006169 340789203 932949236
244043257 613113938 574547499
375516575 154700113 575296100
898322820 794381423 305883806
74625084 810308202 436394884
723708085 834267731 452336708
469681486 128747748 208550154
5180023 962763226 560789342
807231592 575627654 801598767
718512850 801692754 213454624
1076789 929300932 795379851
334757079 302495127 431038884
876595668 104993424 541455206
612489403 622621090 45295969
233294207 647789486 71265831
857853908 123675491 561777725
774696485 869672126 889872672
393682157 996453787 469887785
883432291 539171871 449060054
238346050 848587552 315453813
962519458 198724449 692126009
654340118 924649319 511489481
623100944 611347221 73660841
658151761 944188579 625400015
400635311 272693216 179711540
351798487 815610411 484186897
539443113 154240818 176367746
44116362 510888445 414757014
881758992 520050648 990027341
551994410 937477346 267375180
807384995 687494638 184885466
292149752 365667682 834441855
714335820 307638890 574918900
669380652 246760597 118411114
467035723 852229156 293685918
515657656 78128159 386312082
431425026 880808869 684592632
147138585 610039432 39993598
320504444 609407116 538850070
202466292 328901188 817860302
487953034 952652840 924891145
902449949 2140327 677797682
785966575 997664775 222724951
657168178 683130527 584949121
928681061 997035198 954758855
85206858 232040824 735201208
358846693 431877884 983543028
130181846 789649316 767446443
23754249 356719353 990631461
978454346 833359498 604949036
964236562 526679243 553081331
28060787 376437661 732915762
620167606 192050304 284231539
725658577 462768143 221706384
724835699 47141515 162830329
58770099 388263635 156350159
943037381 874174057 264461441
389771835 138049538 103560747
830396864 168726682 578282201
454896278 352108964 532764757
23388360 568513469 880440849
554469057 229651313 484162741
122880750 423112766 91303136
15261357 828599472 93972553
341440276 519598841 864886049
677291270 389700129 421306258
464717958 447512656 723744204
781064970 480976443 805932741
743116610 894963189 398229561
861556674 976173393 30932845
581097330 213179660 448795080
532733298 517325053 913314582
546941900 841243397 781955963
265704313 365264856 294147156
7241392 602501365 747579105
322629369 761526435 244426759
565680997 985787913 974440440
849888874 286849561 970901182
73705537 437759275 64412558
794090291 268856435 245119431
892187619 818652325 110236893
363859565 355905393 349719835
369744495 324787762 459669179
433870466 791548756 938076041
61676725 112203484 21625563
97360108 881783368 76105421
479281305 165553331 389368371
739608684 994144294 801975654
6255507 486948955 453836895
47778254 309674278 602059675
950525244 309589312 455560870
801980750 959850172 423316268
508584209 10967734 251770879
801975687 764236243 946296042
286570010 321420012 679448865
488501062 120160217 104315164
761477476 164617574 265452572
19373610 822151374 684561202
881757265 512848334 95457754
927146123 768910662 423872856
958681712 363740550 857580837
114685630 219042155 271990465
910747597 14070443 678758932
990235985 859403788 313973411
228550542 38992749 463108905
623899851 597634103 910903522
772171717 499429520 927824672
707992480 365449313 985460091
312827945 300687515 391847581
334313060 609516957 423302295
362211329 711453683 321094874
523697216 720835411 618618976
102602972 693259205 190638514
535649590 447641256 247931126
345696734 95320934 875826094
182901242 887825145 551795897
626728582 390787940 889830461
222101665 580944294 511376407
709952985 235729659 119879707
910603630 147670234 426806754
940549116 732788260 328837452
220724084 359418005 417923210
873833580 103770150 386916367
599030738 207712264 791957649
304927112 920350046 480179348
410920316 336719534 491611898
310967026 317421213 786491796
714266263 279461167 4888456
624662842 871857652 149191707
490711038 407321626 912872054
500625315 22313662 125496833
965781252 437904073 760978609
114205517 446637870 836508357
791433748 155461906 866471278
340646416 591453102 906462407
116632165 558683894 355211742
733901004 41090262 307811584
629296960 463993009 1248886
599981995 249374360 992183154
413137903 644148673 2394081
110583511 718568263 351512326
50642480 417693394 784740807
32933101 421989185 739344482
763625968 106574054 337814697
95569573 408252540 361503868
310891494 608763740 229163174
728236936 48107956 103076777
618097786 264841696 163603741
325024509 436673287 78091494
754391745 853728540 476904296
911075933 147638239 492049028
629730294 114957457 402012851
955817074 850171765 599916087
412659438 917350199 50382824
488112002 102137601 739623816
21756899 914141290 9322205
43429752 601678813 457619787
653096848 612957916 244672467
87016392 438797328 866220010
305984734 578837563 895114190
673779721 491762511 916802830
917711836 160014922 613884500
214410520 652305236 446040919
398986064 252923199 193933040
988144414 25600390 927539746
652569189 647184138 693727605
775307724 190289190 31886364
671359550 147113105 77187605
869705468 794558473 20518633
872842699 963525983 72226811
329604357 764088009 255865784
251906611 349032556 413633066
235218663 253764486 800290115
725631822 774658610 653464124
587831563 706833293 267021431
528008782 817435923 702363246
369460761 508359424 940975816
971624987 122777317 111500521
100932757 75824375 180274652
740267327 473752684 961461659
989158854 606155412 165476485
506810025 44632087 88656342
860663567 470852588 633526360
702738753 100204411 678332670
640828290 436838774 639541272
427911612 7532656 489670105
165075499 771374464 926729395
282418243 921750845 736263770
927272463 239584720 943107016
905337894 589812000 784315167
190646839 570705356 518310830
362067912 94852985 680330382
945410981 279497389 612046593
866754220 522508492 770260640
177613103 890571731 164750272
38791009 483694752 641520177
681973896 799804069 162197939
28009810 91040516 207763950
301407591 134374537 65543055
184199600 155386318 196383945
114003402 362955943 907012110
380079609 792063267 701507034
846361542 911004025 274142120
756538699 13001072 445001609
493636078 682049196 205039819
113662108 107758278 550042218
156278850 592807433 142541640
391182511 899382202 980889362
58631088 152993909 432323184
195460524 862626583 541177783
548922643 429125116 799155923
493740731 132852728 160854941
417115673 843738068 9549590
350888186 167626369 681284584
993410539 129399371 281772001
433472664 959135612 779702208
409994166 2587468 385915387
460068602 798883190 266832287
754067748 248019504 569235465
416433860 866471366 659010127
722154931 655648949 299031248
121919386 795061307 212773627
942181479 857205797 591432470
478445693 554301520 937139828
504385384 124588617 994926014
623868616 679008685 81311897
721792337 37026677 792911335
410464610 384238568 549680436
700517212 454118678 628746326
804774766 819029115 332182219
640180975 607526443 140235488
439909149 805837322 176772536
326967515 498064533 84194207
541737744 534642495 898673813
124226043 936996793 221771047
575800651 941168705 789602659
792052246 35303467 501503200
624075303 377825855 103189673
863581664 717183512 63851579
981985367 253054986 626537663
217376403 968812620 618291288
633009567 488928005 750259779
68602184 334363539 280528497
364056217 120267175 279764058
624310045 289162214 538594631
682715710 562547396 330756878
93623854 157467972 75761678
941322375 309926932 705818346
999732730 773561935 205759337
598283073 497537954 118398016
314954830 150764338 829275320
958631585 236304301 781491073
755659910 657609048 799379175
441590594 5260716 382366856
839803930 195237125 874188896
983930131 839270570 87495494
356310966 692006280 148566328
538567401 195329886 922495780
720743862 314948522 170562864
820704434 598019286 212860398
66453276 388382058 699494056
553036576 43511027 155633227
751074665 14518766 970629621
853438710 132969793 717776646
514499131 659504769 566174849
881005880 491326 696783492
828905622 969305129 254294276
174132204 615134533 93952357
354975195 303769215 353166156
349242434 141668812 169321073
828448679 992641763 455103084
456482901 758088151 298710076
88462705 127054541 43891718
407756002 168836350 926499002
374814753 776420806 601861692
184187695 685431433 436184328
96758654 819366021 541891889
437461682 931092618 477843911
449679982 699035340 392134943
701934748 978215806 571525006
483515594 733444267 740884207
287550643 7997443 373923524
516248024 598215706 151625875
707975173 113404289 195391793
187740499 6014761 777351843
179882783 637679995 54551136
550008698 939482780 531522427
344870714 905273162 825813821
837553509 928480132 85978404
984577256 597652684 245322422
665838230 565677975 424408484
867924343 757940727 574053344
603706068 872778395 394045761
310064671 775815236 771522453
285635761 41253691 180815456
411814724 463536914 696060216
650763327 276500425 333228602
856502554 826336186 589082650
308219448 406509568 797692789
393949307 928555362 267164492
187445352 303897795 596404041
358783502 258212527 912623330
582073752 749796762 168658684
549897157 230972648 608118354
767231019 487218400 727169282
748283053 48708369 282274133
813592076 227336871 911477519
103076176 537963453 958387052
747151650 69311171 846785343
752645428 182537099 207902484
671729711 435030545 580289589
978628478 948913376 447592146
625603085 376746548 194091207
323795518 975184051 809068335
506273929 782006992 312972374
436800430 189645637 787516587
431720193 520914191 887659999
996302120 676205641 335992721
208010556 986784190 797220908
510140384 767933871 180776889
802051695 394928635 662074594
195078605 989536170 112132019
6458052 858547388 835724943
778825481 808429494 677314025
528523107 971296811 900853619
96011015 82710071 727854976
253305940 77861282 179466299
403682313 914996560 683646171
690590126 395105655 936307644
139893114 515809887 673976064
883728518 747429053 88957958
776975264 890358251 565680133
66978627 713277218 274654305
296414120 292227852 193423856
200704688 671875544 155322056
23990702 838159048 713751524
95394804 875244459 717836104
893720857 180981789 527167675
205881534 468671077 426005699
421508099 158139391 860138997
545277321 571419678 468374111
28551543 130997096 595134781
245376237 518352591 9497425
106098937 65092351 537923574
958910369 244312205 877772762
230526790 579121608 898760801
359344921 78410107 373406904
870176438 494981222 526343724
977160624 981999530 54918307
801508257 709134771 669684967
565799583 759688153 875426372
700674140 177335163 459251991
870859549 385364367 457126782
368433637 179035367 452887138
422352329 150390634 804371594
119512717 110300498 288113906
134550008 911909214 143748486
514512025 670423065 188867448
261872417 61200295 825078582
947958541 42198771 698929887
396713917 391100496 233159533
363262677 810264576 903962178
3453513 327564355 651660728
195392503 474266295 299156313
605637464 624447442 911396826
599124081 348679499 145194857
131532938 719848824 70703703
912321800 849106864 597536095
462222867 927636223 164333855
344880353 810250185 66047815
876643819 615970781 597677562
900431769 578144773 170507679
220294071 851934500 543002981
830547834 176116180 260618648
504952169 79230988 75583749
390060932 707888575 838431219
18475358 80534158 796863345
879419920 619066926 624254653
508790749 268872177 936587097
553205511 884779247 723566970
634857153 312970460 153561339
327483354 259917199 355098969
819928694 854243398 829135696
554717634 762893683 612589670
366189866 901659092 969906922
981510006 707000155 381707200
132664915 649904230 609302523
718294424 835574919 806746741
759987540 174298341 34657135
927452668 364852929 78644389
536232366 117331666 127100535
495103014 601499459 407919295
718850224 204548257 732434794
77325767 516936334 329726630
549438059 508616325 895273769
693248543 948090481 286925087
692223417 439257548 738098432
442810519 786853873 55462301
585745313 919674756 658696404
275487304 847204385 29185282
149354231 19028449 926494191
308943719 564421107 626966862
245241868 399906996 806349343
501262670 739090484 776526265
587473252 247503050 815008605
88475052 247133979 706134533
43549979 323861256 489511989
513863289 77487038 580794602
568530319 487951726 645295145
958670603 512948090 523580069
519964134 121522772 202587677
819047223 193830355 906756358
204152409 265048401 440037760
503968620 953579488 946025998
544489633 830738581 597838416
108448514 593421832 99730599
561804535 709342551 666091265
890240278 462027027 264028508
734984313 16394232 487415978
898744249 998578996 659400524
284445080 695184596 931895547
518818057 19284269 678058323
940968431 572922137 374802293
644713861 245430900 128677157
988298639 505104297 234628816
759321110 475795171 217114359
95911020 120425920 333980377
622233885 422390439 75012083
623308636 165974032 453832781
943222430 72500511 902525331
429392858 566291700 470300876
560604454 522759022 869514354
187235034 425808532 622170161
672851559 159034760 980339491
432750933 919722788 625182495
528623111 277164055 27847359
276078564 814431386 833390216
663844363 93980963 561250889
804497648 383431099 786545998
793554953 867299016 202591731
649654443 235658171 931843297
684560741 664253694 632662855
750079132 803568613 128567983
56866056 48375219 127341084
827365243 386708349 107363363
284973820 501040971 310416537
744869789 936716437 838207703
592628583 236261623 623701829
97752912 443986016 789221437
910623919 812628059 198054724
901644308 25906307 762247842
257070597 580685240 669354217
93167820 788770871 861209450
345506310 681056110 997347374
165525500 603569893 189076582
163667973 892526096 518626875
895957441 427011504 422712805
316642427 206516196 42893493
955715106 403045720 977952197
572443868 178983326 365228305
295358221 958075154 499174706
567068952 156784847 242373897
259883572 866529709 768918663
354573390 989591999 480103420
307575187 629432686 713772662
79110977 165685600 539936046
730020791 12286007 732743206
577828457 658571143 464729335
554266998 570469369 1800543
935853436 620903012 856014953
129742671 142090958 621571047
306765137 386322749 838790338
678189574 704877758 391498074
105836565 827474266 208366009
83127997 598802202 359147535
343455777 557006035 914161118
853002608 112377024 423195120
523553139 199137968 67072955
723235880 152749919 306738187
815961675 983946032 704195997
847908513 780688549 186554445
835317804 969718003 316407070
853994927 990144384 627106297
934226260 488132658 271094306
726717389 350028322 255601565
641446209 534589694 275062626
592004794 647981499 68798195
650785508 750336239 231737871
16340156 743265962 205243011
478700185 822913565 282788821
959719512 111680340 663375170
407421872 619204100 170907918
838137098 541366048 833543618
10423524 831586296 834827864
42357090 210941948 697152073
970521442 1110475 787639924
318130276 658060726 767895302
616931926 726549062 197710221
669262173 55898673 808897800
657949075 771875268 913019507
78979578 896985590 681683529
264080369 577147585 884380486
193189296 669866236 337633543
93199043 136539895 255906542
622086445 372003951 911023434
201054481 756091102 416406877
498334758 588827644 723653820
536731975 464052447 357286403
72913309 149238608 389021811
526888241 721524233 628659149
900269763 413390371 96513064
410039128 661640698 513009829
391868690 830516926 1190004
273564910 880196588 354137541
55341435 742471114 307325946
527200269 964820430 433536012
89808719 76426407 741643097
266271699 336427722 413425796
44076833 35793492 873904125
795013217 907221388 758911593
748248676 424593739 231893779
378391326 488995346 594189767
962845027 295885190 394968596
611117029 265390320 972350591
798280307 620819407 769745491
621907248 436267422 207778021
14367615 714810454 39728952
437381669 333116225 272816737
699398702 302029553 340645123
832174157 784796401 794229856
84545528 875110094 268652444
53827498 302807493 836289439
132592893 668930251 767147162
523708918 54150148 840656760
766794054 914559802 142993583
75488184 362447365 671342378
598807197 623408270 427738618
273707806 425024434 951752007
609654625 444297356 550054388
224188897 892410260 420468051
68638854 354336662 349536275
762812598 823157714 877939271
684018470 773215568 926612430
660121355 741885383 117279131
326869994 309831749 93832509
259208194 74320458 98267216
840356474 353638308 691199076
488560231 309441979 5438840
208328063 728555124 206388408
423932066 87684226 37695657
525713426 562608862 443189633
558007961 956501378 880609495
687343028 363961248 243974180
644829524 419626895 744204442
957146191 316235684 783060950
531093653 194416004 53188311
845853843 377090724 596091790
904999468 174800901 399388005
647972975 26706207 798033851
160457571 819684499 923497808
404907623 912495235 347141462
325553532 983337503 324007702
264353319 953636460 945680084
594569450 168987545 996496579
712328 497698362 142891508
32712924 164407837 852078930
766630647 519295631 447108326
43400451 579686480 256383548
387189427 61830149 164146526
260754762 515085131 811513385
525503162 768273711 34900595
342490400 538020449 73213184
877233247 967656748 334203346
22752307 636984795 586726621
307029494 857021574 995012511
722069530 395672567 963677861
167365572 727693223 385184322
48917405 367054111 253334306
465319356 383791773 424819074
229378708 439876516 458706329
161703884 430361951 549092198
90140778 867887222 732577663
954101569 630267308 934905700
59680065 952699986 958229187
607194980 47858617 178246123
455893601 384439329 536915525
254495377 644406580 681998825
945566875 131029814 72215365
567989925 306376083 254915522
856457142 442776710 79909161
404777650 964893903 831100831
762669238 212627858 539889958
711728237 538927825 416579086
984162604 801323646 902122537
469696258 459817736 425185305
718629766 128523663 131569779
373905935 876142612 409513517
825618207 153269454 90139869
655042156 622048332 811527772
393936148 52723750 335541952
637356422 960527469 728636215
573945973 745777466 954396941
925393324 126596370 905243193
12530735 740386636 348404920
982063895 71300351 397446109
183965605 955560090 285863533
644178321 618749044 479232789
550174447 677790942 945855377
794916566 814231688 870667543
132797441 9251873 495694486
834897941 657492372 916817730
153033722 615568189 329291322
774508317 192083546 947014336
262650325 240574253 637587483
905766998 874544920 885559809
132170794 443023199 346942699
132414630 302025810 768040975
560059590 77734965 473100675
8129538 237327655 622623903
130426209 2061162 490235578
724627469 244079221 994728733
929971507 754770783 23108543
633206769 539687722 151935453
907107656 460082862 658622783
727624915 3781256 522424919
766611595 431625287 34289424
407086500 822716329 454277740
886466133 17585708 805807759
815910092 535152437 205219147
449206760 942201891 977190445
849511517 767643350 136411024
954464380 466381112 775156171
980799007 285443070 241821656
531543450 41582812 989298292
674452365 654097828 858111667
154773203 119646368 741244915
223818522 738904606 86089092
447852309 813173888 314596954
447211169 423836852 825818402
303562173 449461973 746735413
256545004 503096780 968172460
803427796 638815807 561920828
625218069 553651021 23575188
287936768 291988288 959902760
615818996 848795662 600409658
440949233 269846427 232964060
719461983 638616945 939374384
124818616 637624928 510190999
461141337 250809804 242232107
31261075 864078954 942667935
332615052 289408819 293031473
623937006 144605993 388862989
621321682 527136092 882836868
279428887 243586149 919646044
340137153 560021468 144001218
23232649 113572460 942172427
579725188 368512317 719833451
15545114 819842258 799154015
841478115 977797564 6926240
228220666 549333247 959959273
151361771 443422542 528903715
246089130 943454264 538745628
119715437 554484620 650549562
67394780 841150328 226780248
227842632 793417238 685265886
205595636 928763877 917050306
447617221 467443783 212249156
370588313 888311107 367792312
163927063 557906363 993009546
90250074 663323997 710523857
31673799 568888559 941343337
189195295 219450563 632803087
12189076 887093152 694209278
16508783 623868377 858165474
983765696 380788904 933814297
801639320 298203063 415523838
429392726 863677598 128995087
733724490 625707701 989843210
269276908 721863426 443030817
364674810 225821133 236462126
94584736 570984912 30570936
704202218 151374178 191679173
412202502 819515136 288912698
655755034 60275542 636454313
851550479 33237638 334675654
388912599 660307862 998985384
35774724 715904876 866673975
365162071 291338400 436280050
741178747 367593387 437532381
945604950 786418317 323095911
751951435 986980498 986912345
936067774 461187542 918659217
576851290 119660957 361714299
180601481 833838642 10938197
404980186 781705308 849700566
455733576 501193509 335689200
883719110 4924481 671943050
30797257 28181785 663603260
729343486 160359218 654103050
748308292 781138086 849920979
235354497 846703549 543268249
717869803 4511161 819344013
9500674 977240886 727741731
64455954 359954473 156497391
367108197 45131740 231757717
856976256 875842242 547346282
559435190 746446480 492804481
977616346 955614374 176527405
846821218 578919690 755755395
103353211 499007861 220412286
163562418 814520857 753816599
406359072 470391374 223073035
432829202 381045948 361934309
287450846 966326973 322064267
986780339 545934556 965015952
959724863 845076306 504137383
392588742 388160578 189023919
302111209 658395052 986782416
186435558 719741402 579836140
329014943 391264156 622902517
665508726 46232963 12255462
530531313 769289941 979633878
650595151 401195108 475740534
528046302 848887240 900596862
683744479 130268585 619080759
302873266 742667317 643058364
527430283 159418639 547775326
360344760 641768486 254570998
385022798 447970655 298857631
555111115 749583783 4403757
558968630 736372641 676316226
828367582 557064133 108903242
17118969 857683921 161127872
393891930 995535447 821045080
682078739 787899236 423520389
122340574 608562624 960718993
421266460 787849395 344877949
523324117 651220385 361429858
676775654 985000010 577161064
611175801 70650026 982555085
40141564 657403155 293377482
493394776 530818446 130367406
275609587 942905178 49742247
713971370 796056902 341330484
481266439 488823440 783769113
301253951 739560189 566246679
868627825 156489721 511167458
977815688 554092486 878989661
451014700 571678411 592616558
944181606 734521553 325953054
337042934 525272271 534615977
431460148 620275245 634379482
116438176 49435970 528526211
656768282 354084343 859032642
108311487 644846680 564269796
624850147 414070309 378871288
964583068 897687811 139216447
987101391 317269891 728150019
514764452 736678624 777447413
44036815 736061278 181030711
747531466 55015638 223633801
464701400 697809047 604717466
424297414 813105042 461538770
803902581 582350128 649351145
64688780 396775413 861471700
785528813 180791328 342128242
939843587 501303783 378653754
953622157 774914701 580973959
555628422 874090079 4766190
250649973 855767961 720042573
69712463 698176525 666321413
943995811 195469442 830850806
192815842 298302942 800471736
937271404 725989967 449082262
662823553 737326170 294493774
592320638 50865776 398285752
102085748 502794992 628385976
535105619 878932210 910973407
613148657 415745751 277365929
178378731 829644680 76677717
385428523 514427041 116921297
620300130 41203139 662637747
536476745 290659452 942554441
894151975 634814049 166388977
67860261 618962130 458423722
313418901 959745827 425881790
313179535 179973863 934753585
37927082 136967842 48779457
18769271 869128079 745057956
412835997 735173172 476737138
599112487 602212996 397386536
306408300 345122160 745841756
45330020 266219233 96131730
613922648 72279337 649246540
635623964 603694408 959276041
871265927 300109079 398748634
937259996 806589080 486296243
46544656 745835292 392677687
525669015 630363882 646289812
642772607 720646752 415530528
829008660 408752891 487536571
195036022 204214090 3497886
66511088 303237140 902317456
929641716 54255488 78622469
491560898 296278986 776455886
31943339 478496348 533048757
561770779 57753605 670033513
827819776 601016626 666211435
137575603 566107318 119277856
363522882 771435441 791837334
143694231 623237253 884748425
990354605 675052593 434697073
573587436 846824573 60576513
19424162 45146195 480559800
137171974 305725000 120851959
671592382 27400387 252766081
834650342 253557449 206424566
648459046 110754125 736647116
118619854 491849715 500402082
639586144 926147714 767010458
913753903 901591168 126071754
87265029 752693865 681857041
307126848 868574899 34662339
595478442 6920634 784549673
294266702 31959435 726981841
969362863 430591826 138941341
788754109 127592553 916585483
240490381 720743073 522539718
163898004 859815811 863854569
428540730 701048799 744781335
217018949 624699759 962415265
107925531 288536955 500488772
251434583 767659867 853106897
650186422 779633419 671557606
206878100 828538410 221175066
59970843 337138757 26945236
520597808 890233017 824970572
583086435 284121315 119984544
221411163 662901946 940800822
442532720 742418604 174872584
575573305 137801232 127485243
736469356 492949231 418166725
197407396 68481287 914021970
575664448 102131536 447347881
397104042 93196592 13308390
990932609 987151905 271029745
986610397 702275505 328940899
905481662 613182687 373620934
284243462 542771319 492499666
837923136 430378927 69920907
627785702 229370658 848347085
296606572 920642809 529373529
966400058 794228644 162685349
738706329 752938525 667906148
425493615 850295948 153166669
871514547 665102841 99529721
632508442 655185817 778773829
239176812 45579548 834547152
178243162 947855474 488266912
59159824 476330792 458923017
502895149 690355581 336886354
353315901 835572071 512451714
673820827 296848962 76972852
537426575 260904019 253596820
12660537 558548928 64266495
499332481 742976230 502754259
159219313 172727542 566257127
755305320 323696833 909177146
598003427 351564551 858161653
138088999 647001017 745971318
904978747 308479725 236333302
284793492 938689731 608199878
525733916 153722817 763934380
914223517 537244938 771337107
354569461 883809282 797218678
434896317 925274487 230282201
458165279 419911086 633714780
10386837 488736991 343232217
118193606 369774094 593591624
599236480 76505676 289176107
920303779 632137048 401533141
519039010 232763531 420077208
54268817 166029627 192211067
737740169 671977499 196554760
538078330 620165341 698127470
913641881 822780793 168600386
97880018 617543901 243605075
855338744 696688779 562266989
794660258 827737536 550762710
630523914 19088916 216156039
713932824 306342695 609409146
593099615 192081972 270387522
752254824 183089087 538148444
105858755 270656912 558215587
699821043 764509325 582923520
812896449 710520377 153928718
417829820 220465883 509723083
75961598 829473501 633696907
317884173 314252115 116312442
344275419 833990058 244105352
45103094 108570244 48178040
948250055 513370282 700114156
475406006 660183746 532786015
541769884 433935041 991443626
436767533 911234748 665712836
912070145 901497292 115942466
629565549 721538689 334013673
935073126 122370423 938275579
116304829 318702726 442101126
477270747 659537072 32203361
817977199 946256029 186678541
680090901 104299034 462316386
263477519 554870934 350941620
167706078 461592368 623858662
869268624 125349692 227723399
576358282 332297174 370574171
416542983 558856474 825785536
266556862 831958103 790261681
736894937 268237291 750880726
977089876 630219510 659079591
145405040 94542112 417844616
3663550 694227456 454700643
513129203 276442340 747268800
520823133 817759328 449614976
177017282 659014760 239481726
383354351 930503101 270744806
137561866 713360111 865016810
696961692 761476785 810483843
395743280 827176449 183157476
371735927 62506060 384310754
827272729 654607371 476392897
135426214 639972424 40140425
729397209 129038723 784842191
325246033 268817764 663503812
546790317 312138744 711912420
561525490 957051305 46850580
533163514 7687330 999534002
185110871 284420012 129282133
75664238 975054518 958090731
862557930 560223150 494163032
884082314 408020534 725862536
983013061 559049628 470436360
194736876 475009549 410577843
32698143 565370515 786681757
962604372 982224436 944064517
459171992 355864972 933077567
353503994 972255551 129884420
361190802 398997383 621198837
543268552 496945856 495526201
317461429 224727986 909004302
269978082 135782951 195402058
272638677 743801660 471263057
759243698 589457740 110209057
544153111 913799080 12674604
640001925 455840470 763070237
980639108 263680995 426755570
626796765 320902137 951115468
30932674 642740536 921414182
92662710 280142903 487599199
873736334 219832628 708869677
240175090 818057416 273654287
783731934 808281825 286146839
677367664 674952171 597831497
300210136 845899436 520988655
773686853 275500156 913436934
924379517 428092659 673373090
293570494 691298082 818017361
700723697 88734871 463602585
26962614 980251549 727509295
69408703 370100085 829076852
107129279 746776888 77365516
266580955 490391531 446739958
602028543 204893357 268635555
417099516 995467230 113217235
24902564 274870605 852194509
665634684 616000782 550207556
748849650 229935759 651044882
176550584 479074993 990080070
232801047 144993570 383479995
497699833 137108802 809089728
666079295 610107222 300710958
188882154 430638967 759105539
640464724 683164920 427175823
533806035 942056830 987030786
184857878 258227116 589830162
246529568 241920989 201404808
802759281 856505385 406572025
219463739 211942498 365050163
542718862 392087734 295534350
52911920 216643930 773539336
485608108 600372152 445359948
729281932 322532630 950847241
397291272 164027256 522612555
978330169 19059265 273407349
773674824 744251388 337781758
13433971 878407471 114182769
273801206 238297163 688847997
39356423 431907157 773846681
805965236 563414204 405865
673414136 427763561 908547789
209053582 214288832 572846010
496806446 939498100 472395418
853513657 101319122 576116759
497544043 786456925 461446004
884821201 823209851 144493036
641971961 448089831 566769283
472344801 224765009 834584678
649854966 357964777 659868614
382534958 891665891 644810201
506215457 319798173 367860123
503001386 404545352 559810461
283531795 589950676 52899253
698856043 958706856 613011482
723615040 636837826 891469910
689119924 948008585 561477668
423930594 892588005 531247132
758429308 895091704 246398570
969245783 176926816 241885232
955652928 178409728 707573803
944070959 603541244 721354310
990015934 821050907 432029910
144825989 42407761 589319363
985941662 363215116 522293601
177706833 861483678 294933876
51986716 246423832 283260061
725784362 579385829 664201324
268093088 197499109 692288472
77897916 776964878 425194684
364292909 761481440 669005408
841341676 326502855 737683709
476566281 322848836 879847880
741610243 323010188 449750562
4383206 904151991 631580409
121502453 477527970 623630946
930820 229106553 193058555
174074643 248712673 498397183
608693906 874093387 648412545
446837815 659849925 110502179
707472102 605345830 801862684
151183820 299725740 114039221
677529845 720119361 257642116
5736333 619519646 783030696
361487831 635865528 252922226
356991506 29261070 396084312
129513124 856770590 12476705
94411724 869697781 828776103
535756993 117167978 91282668
788001277 837260564 80836175
734940540 744729856 762551210
467073077 523499158 833332152
657549481 719836955 935125856
519946356 970563580 548444818
999634987 187679147 305576167
15866353 234749968 267600962
549611557 780653515 205287989
261766860 47145042 969343226
275758699 637831872 647119571
826575310 167523539 92447445
54436524 417021269 791574686
336949511 468161810 770697260
374102248 618249358 462754716
25557842 650251587 425200760
385825483 860263964 956691626
901005547 961288494 428681921
291853414 575433724 457045978
375964424 302792301 790625153
791659117 217394037 408729684
842473198 524615689 449722483
264288368 506973319 251666848
460185729 742558834 874440010
327363801 658552815 88369324
965551848 743641924 64840640
432477855 856749045 452027985
466278077 296311491 503495571
66784846 127577547 929334304
1736135 265654482 103906337
552645204 718050999 582478829
976690249 934701862 121591373
911408353 670222513 776077388
563620050 370660405 874294865
351762248 378471362 164415248
277181112 612134752 735981212
927762575 683845753 895485584
709892916 108979826 55018618
564454441 262285354 985209791
373930078 70632287 374697235
667326136 177358475 397842492
364821161 936040457 61394416
668031939 784427898 681977794
428343131 233442946 135109731
376609487 375196543 307736874
656571240 314032244 363283500
326895917 135275924 21335446
671552939 163798921 376238627
859682124 397309081 96750151
867614924 147182460 185452355
722706475 911854632 356347636
898560649 350728185 508772670
832778436 739852654 160514787
508804760 184908690 280178937
924033347 822553201 560690252
993150006 171050584 261837148
572010127 549267105 671537726
842928564 47587305 438779886
937867929 38845680 360082158
438978417 573376329 113634708
324810819 90313963 79763403
895704659 561417113 400755319
468587027 468033445 257533268
687547091 286807466 152842848
865830433 73528368 729266272
811456386 814633611 895769718
866933036 145729614 284528158
964801918 367644243 688059729
42214714 26583190 2634652
669965216 761800713 49243275
655726818 573942229 146457543
505865713 568345445 416112857
868720753 703284372 331642115
54838253 811952183 131287734
407054181 474079149 473674053
896202872 780550631 535840833
889039169 280753573 127115317
948076886 422286654 324039086
229920454 909483576 301015078
578234522 169248229 918339193
80488896 118661552 364584211
932852813 13703220 651862648
830783827 163140593 766851504
29235896 71014529 74087785
811528856 109091237 364438760
878454257 831704875 882825814
965386862 733049472 963346309
873636363 538244521 708620925
209994673 904591588 814281473
978504886 478494777 75071826
508098297 51828515 652948439
866225585 855724412 429272024
405191739 288022346 712054064
863582311 653878698 352538951
866427116 912567470 221614127
429713924 850842743 322941944
590187257 969786857 897597248
649940687 331013297 604417664
901684465 506762950 96089792
695348116 314790053 462407224
84738451 810396203 249556928
188628896 175670263 507866957
559270242 825272238 305790777
827509759 460824931 504173298
627840879 503146939 485648645
384409340 354688273 191528047
521702430 624137498 29778486
99055172 469160299 669185310
670854252 858188355 695226025
251080996 721174009 468072503
209391180 574819367 860465708
363076774 553179646 566476410
400173749 643867311 82922759
723354089 625983101 954298898
237450855 164563359 438007016
885671889 891752737 294561656
93777794 657313685 340270783
313921318 317432437 454527529
601511525 195171335 859709820
75888269 424460472 166701747
399315527 150509319 311306431
378845654 53670030 872746224
600856680 61638257 8837635
615831224 742675426 354262985
910783628 84116096 892216510
81924825 295271833 473742945
79553029 591327725 196721141
650036892 669399423 137639538
328037087 248439424 443739779
288626514 222547408 828959799
765100585 363322122 166240699
70170967 648344429 633226156
136251844 171080308 292145223
958329979 144215674 375634691
571318262 81974448 577505728
436655199 883193677 355373982
632006238 196617078 915280461
97274112 452292165 511428160
184948146 328737419 426290015
534442791 904729885 509193096
150641098 744040907 222174390
329057514 308826888 649174680
988098235 680695760 878360204
337037036 952150782 586382909
267753207 133721209 845565727
916123645 849704716 531717959
291149330 553638035 830407598
757545389 779516785 680252897
680015774 66723328 958824026
897069013 612127534 26614733
504961028 305863658 166764747
480757830 669231402 447065696
655473390 932039820 629858103
825657315 305745168 441094356
555336587 576222651 40803136
13324179 431297379 380237840
494316430 385030536 944873963
512826276 908625080 621896723
376414336 166803452 856213927
48587771 843249029 567023846
379940041 277582804 163579036
996793513 886440705 472332310
59377413 506955062 220473181
186573631 389657733 462353788
260088087 11511101 603152291
388241480 800941952 46930093
586970265 704172341 90769141
741384918 772627842 577744677
777341929 588477502 612225008
719052801 767095014 485859403
891784426 186137974 139375334
100106174 519368129 498950696
861437064 503222249 118936052
844705971 782250299 490095591
513928026 737525060 963356657
303955355 233431610 47345791
70931564 813800166 81202242
427936333 768861779 91159451
332665902 739693733 161454836
922688771 552017710 338178873
700084026 704855065 374001433
296124774 296683432 710971986
572871310 243386214 859392177
794263511 127994998 675616859
60846114 497313722 326109752
209579405 498325603 957296774
703693101 966313031 967095745
883354868 870375382 720547041
926868657 842834178 103102486
557076934 921190181 989459403
376474597 536788211 475703211
182530012 481770985 584744391
148375977 15369879 338047790
940370476 26310133 425836337
97953956 781311022 518530272
669442329 482756276 896062041
215265989 197306385 277171316
735070277 728349132 95986757
85439435 646189435 775489797
469860789 385897140 271936396
557926775 300300478 673512480
701043279 432140770 892028663
488817204 444239725 959917143
42970437 20874166 252142677
745437720 660539329 289491386
382993306 377655614 948255675
419017243 970956131 703026589
446715508 102922114 621844573
60263812 105534264 189152549
122985721 978755196 985565694
4346944 135754422 258951928
572063858 196868462 364270690
699828874 641086742 995487146
211816115 555786214 645293598
458477156 729046314 504245210
267503172 831079678 81691300
388112882 726875466 326826456
65929322 87474659 38211738
785912668 541704758 380823881
244202791 119813090 877168267
787775268 466475653 727331852
197507616 421198311 276996723
419500703 991239157 298837042
939511252 350014270 946469263
713761902 193664838 639633707
622044979 598078258 871936390
63967856 183848553 856454542
117079842 240777695 35445464
237622453 701243471 417948283
949545348 122019035 297844649
201475782 871146975 460206307
172403482 23005731 791540031
230992409 378664389 959757424
375077472 999784881 313913386
682238105 530942520 228642736
555058930 665774195 316116851
449255024 791640508 255525065
853951378 735558375 519124615
179069857 970469964 433772382
660188165 587123883 965112925
532283335 557014589 532055505
698026177 379129822 624918266
965354582 678337643 631923893
714932154 854593761 795798075
719659362 859732321 749093690
777252752 715679594 139410559
820463718 972151900 638884562
646570895 236779305 111718414
49630289 500895463 560614625
122255817 675036580 792021815
855001798 711507587 592408801
995540690 154119248 687280009
188821525 176952808 514358625
287891945 688375550 39368111
632653874 416104168 559614342
212512273 58437838 5529628
983554669 413103085 484697585
762151499 963590243 74686704
268527103 378929403 113188209
927097814 979767826 397645613
690653897 840261127 944218040
857475455 121228058 834865660
519961162 691712019 317663392
676961665 790007089 31906454
662169450 977744657 143382507
879999066 321678461 30658622
62353682 247905862 966926627
24731169 848493140 79315311
767023561 66342479 288780903
342957271 531323117 325710452
796372604 738371679 553505732
639115706 744634940 754110975
606953179 819382939 811458234
809589388 990351446 869934233
630798272 229742148 844976948
525995545 712320580 396615263
7780824 966762608 585504556
598361007 741922074 664104085
978916191 844662809 24342254
59270562 43688475 946773538
174476052 861689070 493976918
352466280 73157900 459651811
150994266 970697208 972173997
665653881 525839531 392256552
882992560 415537035 654001300
61717961 259366610 516749768
881977231 787622301 878023052
155232601 819897454 722438332
534981929 29584058 50197705
244120572 802688120 385553751
578040320 870063088 974101862
803160707 277344316 806621396
44570637 671825513 956158800
90125130 82768952 430608244
198578864 945346723 16612975
989417985 795859336 793922947
950856661 239318423 971586713
109867412 319513032 600466938
889685036 490686783 688542051
307163134 741812541 638558045
493744798 349768822 290541266
759054879 329763500 192208529
192818398 752985853 524617898
561998621 373323414 10227533
40949790 368456224 331455156
948442080 806159183 951966559
978089774 611662719 779539680
673995187 987670494 488076876
933149196 95938467 376540341
608180620 834483340 35090394
340586362 509479107 138104709
205894043 236209097 435358520
178451259 785816187 438883400
753153962 427259004 134132573
488778818 248029776 265167587
502438363 939931619 361451490
523621410 266339652 327254623
611492623 410275088 803768721
619549580 18977702 454016581
339548177 260980456 495000758
206823133 26398861 801528372
598097947 885290748 30511847
992802534 485669195 649056648
200307465 972656570 452924493
465647000 708598707 932129474
747977684 149412846 110015953
123361807 845399618 695263443
471017795 26150504 153009634
918926023 553517483 374780052
321229590 214366499 24645440
845439995 656687897 16625525
187210085 400596870 915162782
822674304 657557848 989285821
622825895 614649880 230546283
689532771 908889292 721633320
79577248 603851975 30102160
997954066 419830904 770256461
243830144 41960062 563098212
939350081 824264518 757142855
173521536 849129004 927111231
505387958 423329196 75106012
163577985 878313896 211421564
41303465 439486412 738728881
57414657 441900346 805845478
224080973 832382294 870563435
410434024 202535557 312919114
607395791 191389244 60018623
251872922 921903598 532600215
493577660 33828119 965639673
851618311 854908176 331806485
816681893 561592998 567385796
175514069 516109836 62914461
596199752 245203790 310319394
751281539 33379472 808864647
466226324 639951809 528304430
575392050 564127828 915792895
152761458 317625149 859460658
500327523 27079731 930065723
427823721 690623951 780804519
702344881 44955765 944002590
506453750 905547885 354160342
993853821 299771140 312526728
123435256 269022739 53565577
223783286 187310920 525636869
559812919 229290214 260237956
431213484 39677591 232747780
854387553 211471711 925108242
908566443 480055761 940215418
714012858 379179118 589543151
884833530 815841045 553566513
392707206 929219591 409978951
672316282 633001735 681946033
659439009 862834093 391136365
34753269 96669709 407747585
382744818 757875806 174249259
938867506 993117147 622266438
317889688 493221441 642603115
419494505 712007543 749145770
576893891 110734857 462780319
660268596 41570194 61317208
917789630 143081175 772580420
793616301 846846637 971956363
391239721 600049657 664831100
369426385 959509865 633213916
152761008 65305101 632135338
621171277 122293645 862807633
622175270 394294777 333932543
763760768 849423892 203466104
695617535 271469442 819490129
521276056 605726233 39796560
581799615 154581670 486023198
51724574 788348580 467626024
277488404 775328207 378399956
853730214 649525979 401264097
38015592 458989727 657539461
281391044 129477922 291303666
855605651 500321636 307366574
310562378 618686823 84904402
917597688 376992951 933405577
844132288 801793976 293993565
690801152 772808504 722272677
666059871 88779666 858692697
639680643 708995942 23553572
620248574 176940582 228475582
489823921 401997391 905916682
632264792 36295042 968126682
886426676 379565695 491781302
294528583 708443423 299105646
150332386 220734650 713550257
607582909 728475247 502700582
401960086 746789279 451179781
151848382 824228619 618142886
262721492 897156265 62407704
654913600 55428554 403957912
275353007 400726 558226840
972697361 768853828 972999224
634823624 741113683 887849402
952929529 669876615 810003824
15532109 948784419 3802105
231483654 525006678 711908901
762518617 230720219 390755905
251216634 714785935 669657098
729457368 82203123 501804492
314451137 837310925 359943720
182456148 692653801 772893718
42601512 538837599 140667050
474707544 257297482 953901433
188660198 261712923 791490334
102792486 997623195 876427188
855104377 560560320 867280102
832847231 398805555 801380709
148721063 495660550 910019782
654706672 536986676 241667245
826031158 788780491 375607962
924811846 78598260 949931806
354340300 10831124 866415575
158969833 10686830 22462363
812734665 300201587 775480759
228626045 388940743 415121692
19726466 568068024 216824915
576575548 483378043 48807167
815995739 347298441 351241285
929281034 288612973 871056309
803831380 535378670 463087137
84774119 714313354 466299531
481996785 15514349 41780623
755352218 681105366 545254232
962973675 392414734 674167847
592332777 500833626 27160427
335471567 975708846 764111467
183730434 117975509 457925516
445689333 338710496 841388341
875140673 336575506 495235501
149697655 862858121 100069134
781630335 186319367 844962162
898198101 677746373 387963598
845045614 351626173 507813726
251023374 454750128 929884039
947308567 425690770 678141228
883006716 208977209 566176898
922069823 507913398 487468333
921247286 754624921 109509988
473673393 359623592 820192240
179587124 711525517 443463962
991345685 655017454 938532332
578314520 119753673 114248238
387057408 766766952 993758214
856289358 581629289 220804248
653750606 405644616 908324219
625662342 940548376 288368929
667907287 695710992 820721360
555670103 945262587 583412558
653872194 368382729 953544135
574821742 951881640 413651987
99027750 587657483 743859621
25438950 562004937 994820474
662113028 552107523 505230647
297913141 131341015 714194008
17703438 482989686 281616378
201070906 18554096 267572542
119168186 176533578 356557638
702856558 440151393 141639505
167201484 601770966 281607726
562703333 797011054 490662427
58040413 667756392 766761301
514112104 109204637 680540732
618884805 312305671 280763001
637793476 229279000 294203774
664879448 241896548 304175967
812197047 864082575 976191906
627379727 189830455 470792772
773091973 886724077 751126544
933408770 774834248 3525538
706969230 352245510 301691246
738095477 805854950 4037516
656865758 897294350 5543311
36925138 518788899 59751017
931491738 650580143 885180032
884561530 725040603 951469032
618694568 152463487 347792275
555186088 517897713 132029440
798077631 631626412 92349031
478763774 44538887 326644900
333305315 342906444 905977906
430254471 42112610 921755481
439259395 210886974 295145969
408515345 564797774 303002306
145995690 887507628 82068047
33262323 789372037 60455627
344152020 729654464 191329277
674555956 816250542 107819684
315077596 751460107 817509324
259146621 781087801 355527688
808103767 294732477 212597174
366739618 959620034 793042116
380383662 891969046 819434403
289821089 152347279 993758773
340567689 712027378 150002265
777422242 457879588 887691613
97921239 318494868 924330725
982951248 65706644 352350606
982582548 669750043 535961277
195311305 116403088 566795235
170941361 211366162 307964946
851366761 71347056 236197869
294582623 459951553 507609832
566938530 999239102 231735365
527790022 526121382 8967673
991397043 747634847 804719100
451390362 310795575 161599011
838317896 386650516 438121514
774812145 218206581 853105790
281498107 751105697 426382596
659892152 442211208 444779865
207507065 938136330 230660898
768929396 38277057 275786398
433385979 979945427 107536537
979528644 322070089 527486255
413297834 296801391 235036246
42038454 609614080 892749556
158273461 459599367 473860635
580339590 439471779 962884658
975278340 677722623 589773844
834721397 264394199 939032464
258405161 224069951 407687842
921715833 331378224 580327975
423941360 128450021 486162911
334851967 840066649 305436841
873464 614425044 456631788
157945367 482057449 218968895
429336035 626840283 288151540
57700505 362617181 722124
266061110 488271884 159347708
777285732 290669559 967550810
144955813 938109681 738157074
43910686 760129093 343264116
641650300 449755426 991756251
126119047 172628723 779946025
849561523 982525786 266819720
725539823 419390328 916361243
526453294 853008070 447612617
692544148 557357681 969295475
752111125 293647738 32844028
594116016 417929909 656549800
251845897 651820738 443513280
289189447 179302362 546082211
170102420 49730427 61701823
518998464 173338671 60311186
543445720 755536509 331302355
795026809 210709007 960834039
283278072 121672328 597330287
921966835 274961976 533896252
526625515 740144444 458228698
535963346 94510610 279089217
546995131 273772320 78812702
931874594 23631207 826248156
686712814 307601472 556780975
574322732 50612516 957570195
281738402 168234832 642041458
53165434 568644778 103692133
483938858 274327426 980856892
822782787 537835892 174651661
7515207 350203843 882719718
516398948 851061194 936405026
547731567 727780144 554924511
115802992 726857583 200262514
687991696 554886716 563887143
166358200 381669522 901669649
488279450 38597470 511567546
585023945 356031505 106779855
655527903 496501335 981857060
106911796 591003703 348621388
482046447 925038118 166195613
706824429 840639002 188780090
486490912 819019396 825457770
989963739 611469059 65039124
301400934 860901876 754632609
717736045 141015907 283428147
96958921 384276371 500572260
847926824 602154868 883170081
850800410 105285713 803243231
568040454 368655029 586544867
184462410 317132695 210956769
717617262 945331120 370558395
159584324 396113045 757669400
814255492 615898915 48300996
973612134 571218571 467867584
408734175 307424802 220646730
325787243 579399292 549064388
704076895 74529439 966302374
67754178 935842558 214591317
75307324 789391198 460760808
78333065 942376130 340380324
299393551 977531615 340947547
34750371 771129003 626058859
416531025 996945028 31081682
863276235 452802165 323099016
518041436 196673119 926943462
807493225 538960715 635884068
47267 755333715 734151371
978461229 743752631 288626881
722320808 710265719 973314023
732661894 12035182 21906500
473543770 102952647 261144050
979670052 704113790 352051414
612652971 536730191 395904986
618529322 526599812 535619875
83319949 366423980 632642702
572911349 324863286 749617398
911133746 727349381 550171763
382254875 697933845 500012505
302893470 128567200 107453994
541758791 360747748 74681387
91189268 551685406 597623493
311140899 151408190 351059625
505493808 596934343 718166657
384741050 715298962 896124571
58620478 343181758 362552325
735114646 855331077 803696132
795932083 437451974 791431778
743519829 261957141 625937015
574574666 678037044 994757040
100525622 829432416 885799255
738709302 867709227 813411286
688022404 590118766 935180628
489650432 651960629 4475134
548977070 329381731 928865225
967486433 65564346 114680596
577244158 543649611 373924924
725620689 891812679 669067311
835562375 873549889 16769292
32675762 319474195 515346440
742557533 660008379 27516710
266651610 415645207 457773864
990132778 444505952 195720896
412831416 287617582 695776373
906466713 449662432 788210954
558703161 574339407 648560589
658391867 928822089 733874253
605158667 311316596 205178566
548477740 217556100 596912232
105187827 590070887 109714874
434387859 182911400 2426184
635926978 292305203 643215939
608021185 246798943 750627663
470846225 152705069 651894441
583392283 862944880 210372585
769284557 120950107 934129321
177421619 416962714 51004497
68948220 145714398 174250190
443515368 651521047 166617542
41995048 125813274 292001189
421692240 976667131 167850234
229423054 446724298 883612616
543697694 79247574 64524318
342633922 634552059 783071888
986758305 339832720 392217096
211309792 817495234 863129747
494251337 868665255 917068857
187860340 558510243 760690278
706006502 766594770 641594927
883062564 811970756 889056793
353579545 79869094 600887211
497849858 148684719 361482959
290588619 530511871 329030086
52593914 198375197 894522005
621882653 210348169 428961931
853402100 602411450 326849028
599555759 738631288 917348893
937471638 204767449 999595179
829309266 965903862 639876407
805562409 809212744 865434309
779780160 71215453 71843024
120095176 564823066 337009955
391483909 385284294 702828576
304130429 528990179 830295214
156364337 105202974 572564747
448946554 218941584 154481516
459896044 231482595 187048187
553389493 529634551 88312361
314412364 249487204 526521080
80623208 947388535 782758361
211701626 948372457 538419131
682359312 615602048 151102447
490438652 132751392 817906894
795764195 25950678 985798249
287054346 653107967 929784492
326924636 769066564 855228932
200466914 924170156 372734861
105894182 531286474 304920973
405112611 273643170 611935600
968402106 97647446 893763757
236913475 515846307 803269173
183606894 395319347 865762822
765292417 104625621 487664147
668205986 629354642 53441
645110792 939053928 442839487
537423144 116504354 714970658
320038346 157570642 548524257
193550795 763906725 312036346
189236529 86242188 82634072
120200901 905387998 617633977
363455643 396061316 539939522
334588623 113166948 621673278
371569909 760452747 934314347
314507399 520696252 110547342
242626694 577882763 734544228
977406495 993158981 137067291
252915456 725403015 226094328
307712600 982803849 319432803
186433973 835188060 51891260
254836679 216596335 854897526
80637501 97346488 39555973
133648448 174913608 683039989
820009679 144443961 816430081
637806046 225352249 6898756
743687893 406324949 554288590
12910946 546973627 81752977
555525780 735343937 585213663
445462218 625162864 140280300
882762074 432444348 796309078
691547881 679252914 941617499
63215408 211665498 110399877
252612696 650179752 875358511
728357438 292014091 402324106
175110942 943991266 962047392
314492084 731853274 517421989
