307 543 2112
187342147 584327302 222122635
749230056 125340437 254930294
393194850 584511695 636384171
681814855 480334230 461098805
595918311 786966451 375376259
840678980 602750364 11342332
343239802 160227497 626849154
869592157 629516172 179198294
953340783 467952455 213951327
202385203 219511002 244509552
814495217 191354605 823403247
843706441 405763873 384612268
419519890 379912491 422051766
790120047 35473675 463999727
579191880 363783004 489500196
542839665 492923792 478638441
125782953 566114182 359269053
348306468 848338119 871366294
592533653 617753385 360389189
824450033 310080957 554348717
268118187 456334124 934365870
478287170 165452095 996983425
244378818 198650512 190224305
738530939 7752691 11006804
447686202 138586671 161685733
241582885 143739686 582765059
32897764 294282930 297780304
441547945 496452311 439590391
657444192 210428216 594956518
658666820 165225318 947626186
611012783 857374624 759741664
560765409 228625047 117174794
59501427 595558618 607272307
510260082 314850350 491680176
502543179 22666346 534800679
756060686 692279630 27111559
913137609 876106257 117273064
149055186 440224300 276312864
247333078 612970423 943466012
17162375 139396810 814862454
816601894 816441560 445677684
887556674 228877202 926608181
712207851 888722083 984479269
50850112 240791945 213770043
90046529 756868595 479847114
388160697 776858782 558774619
767939064 901434163 43429022
527831353 712579674 948800495
448098817 134338965 551016083
126262941 380112381 223317892
681456815 664035370 64845613
199206405 838680703 422858960
672733753 309338775 663425419
843224168 807752248 966906418
252156553 356194875 661757160
650617676 228087530 344247304
507360389 727743934 859469740
986286991 651573989 711227108
661769052 206698949 969765421
348970402 230014693 419759836
645418605 700005541 879329496
464084418 762218277 219915066
608920907 192436986 559720979
670813196 819097185 285376990
698360073 404506600 492602789
243251323 415369157 788686890
466401167 445975600 766703831
794162880 878813833 128499164
170514786 260239169 927919445
177558787 808659064 286104174
26494258 355176752 205707071
344829203 813476313 407978904
729421598 668639240 309288988
340193139 175026472 332145267
457936125 528283163 433118247
641626229 991629468 57597203
263607568 20199422 96769046
75611059 880059114 621718030
223076489 752285437 536751594
992886363 80732287 391340239
954972036 801268340 318493885
973632588 619741709 876295511
784139083 890319110 759828467
314561480 257693955 749413925
775345098 939059778 263269142
649058384 251201670 479391602
257141587 981487185 925379619
886510086 770516042 925275147
469211867 907989535 853575147
329890853 134797406 20785614
73299322 71077429 402568260
39099827 594254831 742228592
592965046 205104884 88913631
183723433 99709327 609554349
152368131 79525162 151368792
81656009 993169602 133201715
49921009 735045868 658573279
285723748 487613253 346135400
693087662 483618302 557436812
730842029 230600659 830024944
844135862 99903427 697536272
623399039 971496700 90377598
361220251 628054471 148272445
277118762 762199894 126436543
663921852 106141885 544115802
207479668 51396960 940689700
879257093 509299193 853269701
136060253 470659280 491491056
535639211 270237232 574797750
754060521 879983060 904673581
196579684 112188398 787883202
921703831 577090045 204921674
390236381 346174395 865948610
479457593 89969066 497168537
190858160 346971674 384250308
398695780 439366126 917159078
935910092 640449941 971391862
83701716 568022160 359109852
96808111 960631586 446980724
353328516 790292893 214039566
47492533 250484089 427998007
384239105 224897334 364059660
370580097 862338463 761607188
577175955 645737032 17831476
677684208 533230230 519537980
75603370 690771192 148484124
949955635 893970010 498121081
102405949 36053222 378469955
291877526 645019701 641313851
367862390 62688177 427390452
360741355 928961861 788819890
526294741 322806516 360857603
299229383 13111803 549526559
122162691 9424415 139699545
505368752 534627037 622246528
21518406 77232136 933667810
901190162 34320536 775162134
1395792 439063375 104149488
154370323 880393528 350566877
295291408 944218001 87181200
709332406 550492494 899519079
141865963 642127904 632770244
778240739 975334777 760903337
432852192 464058007 722887289
250927527 403184605 791255904
560423407 878137212 730371363
142985167 296967651 355721211
916006645 142569497 105609555
535288254 700675069 381675491
816006588 822138675 523865517
58047004 706630410 29816581
918594702 992817893 115458419
74314582 767562208 38099912
834667504 822026091 638607750
668173584 190483968 367904960
478266035 270878191 60625278
127768676 718658465 166230936
424273633 54212650 852831948
546427972 664359892 997448563
746534081 405926336 795962240
410459054 874116088 189326321
805689561 530832589 827504351
59455988 739475624 679543556
201431884 215878860 441264920
840596274 184030206 85323939
454973156 283970647 787048654
797094230 40131345 790348551
547511596 876100398 495233921
247703386 569748453 774719266
584328334 6191724 453144885
997247260 541377598 234960429
896844839 962118702 113106367
847990531 992340272 745670209
409794455 925199252 590618056
353286971 240150710 857723970
604013185 21243079 791445513
809964136 588060519 134102104
817782267 997500233 461233539
862034 615335794 590431102
753446706 260833222 159143207
470856797 420529691 929542165
472537513 822923806 360932749
780791582 951517057 652499956
87125657 196021716 888927082
872186192 596145618 210676512
785596645 89431632 331688440
294159525 34631761 273675213
379625425 906766281 762717858
575046126 282179113 15236507
673666645 677058516 750627401
59389377 494139851 614430999
683109734 315058779 135870982
976434596 330976249 183429743
517465527 568005399 719127794
232839199 903213459 255718561
909687631 37545528 52599030
320233359 417755669 880340504
506076049 221691850 930175888
716365628 815790810 715121255
404984794 159778018 120619397
512833578 211958211 656452149
661241549 567756396 507246376
673758386 351861599 905589048
484646344 859817334 989626762
808376314 84739690 247572007
443256604 46372392 96766307
393126387 689236482 593444455
151998561 910230627 986420827
393743174 306261579 813903924
14118082 27241498 548219291
238104068 990190084 739580504
535680958 740509464 878103337
743227936 683723480 248146031
22523531 543281957 550424942
974642039 817271320 174473854
717063455 684213476 191334459
424550417 995940054 429290838
411181546 172286028 991384415
442711442 21928517 566605822
573716594 967060585 920324242
975701506 168822441 125242613
43078673 643658115 639017620
669278591 355609163 143760799
159395372 673471039 328730101
905425062 840587309 956892676
924072061 445737748 318481270
586796569 751356843 863799986
593374472 295023083 28365630
821512350 222125849 349805814
947355120 153223054 119976748
56154246 952010211 804076603
697382169 946541972 865950970
587779196 182933104 776786690
411824688 418997 822198555
346828545 487181616 891820481
636780499 81206485 992030683
470000409 694497950 154561016
183232289 477527671 618590468
502061851 143598672 713301200
584401119 977501569 201272632
933752143 486218274 195471076
324846041 971744508 512362707
890656129 547323680 810872065
134929574 521486842 803287333
18820850 507125717 310824758
130014317 470847682 930967792
234027153 255139419 741393216
455890983 352976168 714071528
21217753 517479703 724320771
181951789 91196984 548865436
78801295 442595354 817579643
995850808 254308991 585577651
838014110 681667738 729452609
609644022 126967898 782301669
376638893 840294373 665906135
896819876 648686919 101812637
180975870 866168417 848999397
530540052 900049316 120157061
755936538 146071558 875907296
152333504 27269621 443629881
133688760 403397099 129871406
231368244 804096418 583304576
639993693 389575561 559709758
198725937 385886328 63630311
13803979 919183993 15137276
128666116 996493114 437798284
401599942 289582254 816191018
808540974 83998839 842370190
571807958 448815794 292522575
916826671 684072987 320428929
737058501 473914268 309848509
630876868 103717000 652193534
619577331 308751690 78739527
507817050 142992920 692783826
806709637 784211720 196889514
578513483 112329959 724621055
872438956 395118292 686618427
563144065 654975931 410372463
652235855 981169640 131585397
639785035 197476413 420283249
802211830 766741431 184651736
342676341 172264109 8552517
677820054 590392914 444959523
293729554 252169780 420124578
454936633 995920555 330871683
412631626 859547407 181569341
858710848 133001330 398716792
150617789 439557735 69871703
939612520 322662540 579286327
239688520 171175010 21146700
68661944 606504173 543010553
110491147 218445080 44610577
131595542 175202709 91866040
844501637 12017927 110036954
820070385 91087951 83232371
713625412 824524048 652267497
719853343 448929750 853022396
651448106 120422021 141129387
201068699 103348933 438948550
842284334 399105729 751041155
897519107 139029059 731458802
876823685 661828785 359385917
578778869 651755181 460069861
435575317 179428552 325168473
111221618 27086256 997074882
860779805 826692932 220838659
597662249 266576815 948962438
956327167 685855269 428877189
497923879 66833150 96310683
572783051 603994837 55887732
889922078 572046101 967820814
167946613 855648111 338946294
49075558 819947955 133406236
558005215 891638113 558361813
646538454 154414789 248300485
73569302 545162251 429763946
928388019 941496623 133387243
546481223 880446113 862398847
692562800 134905115 925533627
937999692 509737228 609282840
241860055 961245200 513769988
106585355 348794863 295576925
520802901 334075342 510881649
532780741 315090891 702308284
82819797 870110482 206420218
231293607 934842526 35637335
673827560 59526057 786940445
105736847 564592910 762444429
503566111 827875262 64092108
925199655 247379673 99871003
478719537 503752956 735622147
560958044 190725420 682304904
786642085 703282331 643733647
767622998 651348289 908106231
786056911 20101319 518128110
100694438 818032873 514938504
785631268 179365465 990620296
288202823 549024559 788475313
394139209 965620397 724565662
425837334 822988396 83438164
103977412 722695947 18613081
480685128 724832994 674202270
481746904 952371249 305298565
221092902 502078295 723780036
633178517 274436641 861231098
136623147 422384581 588029956
189803287 935576558 327780507
386015376 240242850 904708998
56935935 715930196 149366627
73562027 481804999 204275095
434231386 466661856 257863866
888304561 543095943 992619499
635497450 786966941 444315347
581537506 370478683 895599536
766810748 266582535 904658722
269848758 500151831 324359875
310166387 535756697 543308297
518299671 680968316 840726701
584849217 567575030 313481465
68520194 351684290 663330831
27711904 481073936 694980319
471613101 954453753 599075654
224891979 647474809 203645733
222171931 600488553 865109251
985961824 491768951 242114138
24705334 853839019 472889479
402900721 272519138 311007133
345511877 706575825 239992363
180429628 414814446 653620840
437187408 529850433 383856531
123484010 393444347 244756373
779330912 327817770 937445400
489061358 645310291 469818943
48858937 1064122 426721550
928684901 620643088 789359040
766859147 525669907 212460202
184392252 608422271 164786558
157864321 358408159 10611766
997357633 204941460 513862058
730591076 124321702 177226354
279123661 697324366 240771318
135330224 389241013 392797786
177642865 416670954 815950983
136643867 454908304 798520263
242528363 286060414 641361928
665763037 783020536 632704998
548432801 213215073 667441651
593906054 18260637 649868867
980482684 437926380 711038459
914163479 327138729 500916104
296821986 935329262 654350854
358173805 356808782 223998841
509604427 158130912 302908330
378521627 952228709 989822581
578421617 632708313 973962623
414381090 710937219 616615373
303429212 435262262 24803954
985919308 236553959 538719385
781023724 578143062 665313560
484935843 79224697 80665301
389687976 162309203 616698430
233174031 256269442 465175815
327070684 264949576 499258480
11228212 399956190 557247808
843562800 929718126 21173655
115249065 40646036 925812323
981418121 393536480 415922088
391457355 674517758 537280042
63657981 911404322 599306407
668923095 123977596 405818416
826769537 196874584 329863896
902216754 129863223 726694145
770310272 483466524 761619933
151157205 618850901 940404253
351828228 209963901 674831169
972757601 831154582 118933888
410753609 494885028 171427177
232213556 637953053 921894299
856419610 483958369 69615183
265907210 346642906 121196931
859916647 728461484 233603642
207838860 376253530 415386909
547658624 727915380 200453663
90934248 916406552 627590868
457500509 630889404 882640227
440658682 136989946 282528178
875420787 388562989 835182036
775684841 264056449 951397598
721039757 157126402 891982407
297817404 880850644 395231776
997200806 306801140 632445260
153789143 43311469 999812049
579336080 719668363 978942000
41850111 11567597 539879217
125523352 570229402 682356026
35394744 988715643 586449792
456472624 934130190 627275243
387780159 148830800 408225227
353983841 210256591 649534312
895149138 605056725 242826912
852260458 974733578 598706190
905123738 930612517 291912684
940729162 422654078 298763236
151795203 56054213 542989917
447723957 590117418 617940241
232180767 927974745 648879838
515695536 463229778 966777914
738253954 898385932 270776606
170463702 729615267 232389134
42409524 437437312 454240850
593627817 450556238 908118748
117335653 482594403 279932591
556590386 599372754 364801589
327498697 106539972 182699191
617781160 8967553 919182696
390022008 978634248 94579153
211579030 533843710 631396543
839142035 612806888 690810255
611672448 505789509 229696117
239207694 984510076 781112247
955399038 73818072 503711286
512238296 864177792 370727831
734277419 681379984 268615053
100800188 371856930 101582216
957105867 199508240 393826781
564606678 274675929 139787979
811407007 420929679 836681739
779719609 532078265 633240151
799786310 865606521 973052716
4139298 802547478 940498862
857727920 719039358 967108691
677330322 713485503 589225467
85239638 800712716 326200838
736942616 865054076 229970127
973721628 499982916 98824672
288871465 882508878 158396862
701567728 473131525 476356531
888418718 703585225 878445766
810749504 645376956 848830540
887505221 396407340 738595812
563257980 342638925 255813889
362550971 985270873 122810810
895429484 441482817 899816940
567219668 318237492 185557199
676141509 668023277 834894283
759849796 886277857 362961556
227212321 985512593 606484730
348843527 115256294 982365714
611044521 484673689 122643189
139925746 151944179 352563191
627202747 946657804 518771041
515588929 695810441 535504214
301658513 647436974 516687882
702274104 682065476 623884394
643560752 219664718 873659466
513965406 635720182 233011668
738156305 36005969 485448697
83973912 111971347 575632391
497622991 652461600 549110200
227097888 94048504 634895205
324825864 826484406 328172757
57764931 232071647 145082637
806466951 370912641 434963583
896894556 632526940 890453014
686486692 793340082 654226344
428844549 420007758 715006422
898891102 2214670 868618568
229294604 614866196 693042680
173008571 133109852 626580869
60008917 190008646 471810415
160724124 807459115 214785391
468916816 18473402 793971044
532877578 52656825 172201807
763334328 656317494 49529827
317216952 622123527 521952403
678541129 706887521 55126811
312482044 420585233 489344356
520206081 572352050 691110815
969425653 431813469 849736356
323941792 3650190 455747269
794266128 943229745 308718746
22899132 42834473 717432666
734700605 671248492 295423978
207131909 797019382 215427233
171424513 478134933 850538392
225706986 43673209 320146375
584959230 885869315 146573234
207832776 52173378 153330109
117864999 252092120 452895666
856882098 344718896 157633147
523938831 174398619 302132050
424622829 836025922 681698433
735917568 748101549 531160187
234379544 362171495 763842978
268831604 725693927 432700937
447162642 140879444 681363934
194503449 978058983 317264804
875338103 508156806 103039669
924627392 200838014 681454651
980775181 823989359 431074661
271558930 40947418 103537938
997021872 134175590 754886707
190890751 67573025 488500421
921571274 770600312 238065315
660127029 270744231 267891001
883192482 39573608 681858009
221974988 493754365 655907139
253322938 689086033 605254613
842898482 742861034 975565990
183354576 883685884 725371970
325419549 813535327 456495586
802639828 992093231 327380525
816870388 274586023 544056182
777004029 597889839 193307479
703470688 467762753 62097020
352487758 148003138 553236793
104063210 870967896 562989040
830828773 799972799 592583895
612415554 380812605 485811443
555771216 938103589 132441309
753034486 683361718 777641170
814250523 347211877 451089718
765538702 267675010 870328754
36640237 132150204 89576541
485940744 372831135 391356249
438551947 486988076 677775301
863200305 344767122 776547182
468266275 999368143 668233934
185006543 346036989 785497892
170152992 186046994 793341212
601409998 564360762 543921634
218659560 77981079 215275018
699734043 696654546 878461060
957119990 537574214 329081366
368171149 466534651 105722878
118364663 484722076 421006726
619906720 442079116 270221273
219582634 695132693 504511634
837203134 535338157 151405064
336310835 749956286 908950605
701892326 856221733 210140784
414963324 517190107 317538569
994941426 130436890 145459858
426574652 968976276 767913715
673896253 415455293 94426686
995870550 187591406 251472576
947129658 599197567 946512778
917972658 515625855 24277730
446874115 74082085 657286934
647379239 269308899 248867718
358517029 76260333 664992563
487869483 876809397 456561963
611506759 87888897 427439565
211992470 599464185 933832801
705044049 345502739 130704920
464320734 445789362 105923197
877462254 673360124 789388078
263429900 827707978 467886420
341716007 670627492 459255227
668565068 608788435 24475655
441369175 890601265 672528418
435908972 747146444 448429833
131138832 711863697 760516085
840672665 957795601 852167986
862668695 249688189 279554275
369945682 682221093 75010462
887819873 36238173 302993292
866688205 95323646 659075828
252177950 304189389 627902426
774697241 993127083 266996557
381109500 682993265 220392165
758273393 299484708 440888181
797214206 623614379 957527572
404607183 693348062 766629542
491461065 298964815 594315705
265083980 792300058 296593028
757361533 747939183 26723107
417822438 901891224 922306556
985949734 302859153 219013015
951775631 945604897 650998665
527316517 594707539 385277355
850234466 259343238 798936035
595567098 526531214 359288863
752122049 125874696 343952341
903786310 546210000 965123222
305772379 820358199 130598965
834135458 250313854 574307660
865149934 139463456 260619310
680992376 139164117 941106030
187659402 899388170 35183053
718806920 766781208 467491678
536827017 2914050 559801298
632409681 253870495 41787729
798658070 38654203 715588529
335505109 530397702 32600652
528453037 410343873 900201596
289763295 821274565 998142121
568144024 176158938 845194286
482515989 882578103 4304321
904015921 455929284 294038765
322969052 968773343 750081807
846782275 13443602 240018170
214297190 959273512 468748613
42792895 757749874 315499218
394857224 666787607 80171196
208490782 834325590 615130066
259152360 40017272 615569595
933520770 276867624 574520954
487396630 399782547 111065622
880657588 478928043 323729676
89303977 348636576 911782812
986314638 68225273 544998554
39293534 166720800 915604615
580380398 393947313 934450762
664046390 424189316 515838832
124532281 193720707 723608178
843754920 41361265 442265108
997590271 360433062 194078540
186228965 381333092 560859427
103177533 866792282 819298219
606177266 94986494 964193584
948539096 388710454 698583010
435682016 105581416 603811946
853236059 494939884 487279342
727722287 240764 463027785
250796719 863097769 245857541
144341283 761736894 169250954
736244647 81204166 2550534
546092713 125936777 171139906
587264682 431922064 590319436
105849830 987672998 540078870
356777067 124085311 721015249
549273610 847380521 442485135
909045011 357243787 138911824
272127133 139534344 135898070
973100111 790077746 812836554
29207277 340984330 500041334
425544045 461488355 367183285
937916659 823438776 619344282
336953324 443412612 418537575
568931265 928199164 877010445
788006169 794287964 370471020
126933523 295461676 534718114
715593696 900655319 820244571
148841848 863238755 462569743
291319641 965764162 855885440
258028236 278454733 844035785
972439479 638763081 557168365
87405151 628155774 854980151
865389048 563109232 292407410
902966384 585363825 57742363
659045784 632614733 58995060
407431168 760966071 376742290
860724829 729420425 255674036
6286349 92118635 822307624
149716283 38681936 192686571
114898842 503815733 243721466
596202904 218483908 483267858
300767162 457852136 59535005
813781561 291992661 231007161
85034570 836591819 64842234
327575434 589955403 921806333
837140965 935005089 631485412
997540248 462316854 982571435
665689482 801920983 625850115
976753602 531672336 741026531
921511114 83189804 989453553
249024901 741838225 321716948
139005427 407544148 669464023
691454074 850356508 633144909
59912982 141307370 136825584
701086689 416367373 828929817
33714894 71972540 158197451
264774921 818564146 114556250
611985482 423871683 431994852
183203256 391407033 183251257
383418344 102969704 704200453
541782796 864250355 784597466
855880022 315978549 198083850
464406775 912672855 948724788
879274291 696718965 308699331
19140751 428094667 648668184
805946725 564649457 922864735
272991734 285099767 54120399
353326458 249788668 555567748
854488723 675028170 365077249
852019875 564069894 396998213
936654902 740984593 953104760
914015964 990656945 65581713
953081891 250138963 959361779
102393885 613061732 957236953
140056050 608170611 695044593
63167198 411463564 398348048
283682531 183611763 274889402
506762319 809381413 614119058
152131894 125111922 413472729
379209676 940558489 443235338
784732383 878239084 565323110
95610589 197342958 53999313
173414374 662507675 975782276
167193597 540192511 888487895
592907680 67382803 729035961
80260171 736509158 380348203
635542373 648803106 395808078
23259809 411360017 975110883
175020773 176094359 626072878
218782433 4260725 562007409
419007069 611974218 750373672
223528703 247696978 30502966
808919071 960908458 241439050
99702451 298270092 527936937
453831310 630066950 901155228
989487082 912841386 934142526
690620137 354648409 246990096
494430273 151852300 846203329
850370261 723007920 318344934
898211963 665963144 34072266
68937759 612837472 768034667
869094391 721967007 915917471
51602329 546768806 181812339
954992306 207816325 400677755
476917445 505249185 837452304
666567512 342165327 266854413
96628787 848075361 210013251
41269473 367187761 126674495
652907888 757279766 955257802
554837259 851077926 26573402
990327708 51140404 672851826
500490400 825550634 269533179
279059858 61282190 526735891
271758005 478918343 704139252
257969514 21743028 292882120
789007543 529601900 72135105
414763217 484087962 33762127
373254117 407074012 473032155
300250848 117940699 786375546
603211512 336578769 490629531
28460236 614989615 830749703
958702785 445594721 159005072
632768643 230525683 745503750
522257362 636273797 664331886
206475487 325903459 977989394
669958674 391562928 29452357
557942989 360973998 441046672
531678734 930441652 331622218
831543129 432120906 8017407
109448918 211481519 525899552
620837801 672256122 196950253
777792741 651305505 422384861
127383946 157481185 818747161
598611971 201381970 240336847
976629014 221727477 467376426
451712945 372376696 513476711
171836842 94943386 672091870
26477066 895822663 664145493
593000884 637097643 927976504
285169900 450274458 59153235
744544357 27768182 715218182
55570530 117051188 116509597
920429282 648879871 154314573
329957255 45844769 554963540
423973479 469650827 200149910
873743152 15690544 446935106
991292645 860108386 787611546
484457718 107157498 148612962
814047789 739171536 871817494
312639426 977949726 656600838
232739311 775805616 537245672
114232225 527486551 453569634
594509841 571431603 187185322
815243458 747150612 687499994
430918625 777694630 691861539
438435337 562619251 299748780
471727231 452211275 448557596
760623409 153049259 473761320
56102483 215108624 104156611
927322890 930959981 993684687
971825590 414038449 969133128
297032967 70540927 974330616
534875833 406447595 375146469
154164157 835935289 142314304
847668640 773285788 478798755
768646896 611607585 533243864
766307734 496404578 64670595
65037530 647662708 427178488
824492758 395103753 683630989
393130259 189471021 902342616
19860330 641454692 705746775
627877942 610713488 571961275
175790196 736770699 456766945
994503490 34492586 568798131
399278373 841713086 255428671
439855372 449765970 830197105
78586941 948294005 678711185
630688693 108136916 791829407
607185173 592345186 248345119
911715578 705415857 712587613
885763402 730634593 342991716
744060508 720229336 414530330
360314956 340669750 433336993
219590293 737021638 825254663
937901210 890949375 574215709
951934874 389971200 420734735
914824624 970052534 360276544
297110451 701618832 733541446
524457938 761852656 831229081
607039642 560060817 995160810
62314114 614812014 25879094
850092040 358834920 394897366
498307863 921196234 109655358
890414116 43767230 178167225
754926627 39065795 896499386
63248078 100875791 946574696
635813431 781261672 358084237
13395186 810453240 722874196
671076501 365491223 106616706
403711199 816193585 872436724
387952620 754797261 886952267
933926086 814560250 254363761
855485346 850283787 595688237
158226609 645752791 123727331
394211851 695257583 757926158
368714897 198746320 305692212
491954652 177163862 661340497
358521377 517030775 803264363
378936534 425396661 389609258
495764164 399738287 66819327
704806158 774290737 48687655
413076545 429599043 924916877
791686587 22824627 115585598
61958855 450773764 720822566
381218331 81184249 529323935
272653943 491367648 642243782
536907889 257131237 384298687
26302379 954237774 241330171
366927537 398159231 204881226
423177891 317197439 509155479
817041350 467107357 724029804
576806833 825502000 332033098
375509859 283858984 521489980
399429550 219424295 275887378
36001163 57433914 662907635
264422711 324597906 616502699
597442633 7592519 140207573
38774552 196526202 242125503
260261349 42590031 864180087
501541911 876723755 336082820
170713223 1582874 539236062
774684411 212422868 957241599
425252722 166106486 833203793
901198577 468192508 584719868
353412554 146864041 546534849
647477447 470130945 336361380
608224793 123001624 501322567
53594769 328729406 522006665
820029687 529151194 600258135
524455333 676250149 10847749
831509944 738946918 857013950
816006172 516934460 58955964
385476624 904811704 638296094
211841908 95127431 814595190
3445374 506390177 536756129
193895653 912391902 344047665
382614839 81442259 377544204
548134932 278177919 777530310
32179368 130098101 680454230
975838012 848878787 859438893
135391649 460287124 347648316
171053325 463894121 920737513
682291055 58143887 914385751
531855918 92134858 570927472
256329450 523044220 314858783
723582623 636971221 728404834
81709873 10699934 438874653
385720856 303056817 92058663
144017951 588848601 195102802
454687631 14479949 344503503
60625869 674336171 17146317
508860287 607374363 421944620
315182492 313514584 245757978
15456242 64627335 739329708
684279853 270648105 365024438
240647983 90186110 366656528
156482201 661905025 664207775
449297105 694333602 780961868
997381463 431171213 994577023
732368950 983832665 707039900
794426785 537779757 293995728
925965330 912400876 711709773
759083883 414754985 774358636
47293192 814811095 623135894
513511878 662356167 20062759
972025498 256526898 888430353
754007302 837448889 253195545
835129343 962660795 491755625
337451000 967828599 906838766
171153688 375757130 748761135
667200229 867546389 743484308
520669078 35248737 793377701
989529238 390226849 303000441
471557409 296717202 940978341
885363261 801882934 39886573
118829911 176035863 995801162
458230234 871312376 102831553
863576701 271382032 118183527
539893020 557512256 100173283
391384947 78362584 70499962
798423075 135997037 698636227
525415121 45206171 997046576
506980559 679404698 166167758
752684386 182152527 666511653
953211216 369251553 675126371
96028992 426902615 878324191
605867631 191279317 244651997
938437757 161275248 688214727
938523189 417972544 646138903
267839014 330321595 746951810
612822596 276531265 149207800
763336438 483057914 721703186
92339752 400443489 475099666
110788186 657625944 372661224
987196388 96122463 832876945
562154421 494648181 465246165
883866113 265877562 320794670
622797422 78155536 196939948
496166995 144591890 232784879
955300555 795862291 203030151
192921996 999800038 187661067
883055385 835512684 998877109
487366165 423739669 127309099
547627740 633276117 904544134
212285970 180820842 856750468
223697070 198960425 492156085
409174411 683552952 676399945
661716405 289277231 742670861
740436461 586193875 889116006
952074569 108692471 461123824
754516054 388329874 961098711
21976697 638003442 86567794
545661222 936822673 269919744
645977187 660795334 705568161
423814022 40731286 545612337
898844706 901706663 21120511
82124240 797636856 308161769
953638239 263237622 550262813
86090738 60880659 387507476
78102272 597190537 681681933
447384973 263352630 853193179
678995732 21618306 967514459
653012483 632083361 311801113
450298922 913038818 467318914
717026508 344175046 500132737
226761902 372119371 150265922
356848828 560984594 758085854
947693264 881427267 518993621
295797166 724580091 572398920
552002207 646750450 404397163
51668409 520895674 851161954
565619406 419148720 340146722
220604800 114604372 981314940
567091876 271466449 82497931
903449912 651016271 502048715
997993564 392901264 751174972
591839074 67767782 38704974
697635905 920778889 843532614
688275958 285841734 461261954
2851158 841508264 637174184
955330016 566772370 100031962
639231328 393540258 526511511
585036168 341628434 670329585
556410743 568870511 913854191
485778081 563501432 580382391
532774300 634238952 224510448
63280332 820155521 21684254
37243830 414557162 901127361
597004139 800038422 522576146
763460384 769464194 22269250
862773383 589738343 795886444
187271260 875344573 233309093
92238796 292371628 102964394
383687609 160259275 731425107
707024484 963859221 193631959
403119047 978555267 567230925
366818965 137381007 365094582
90522596 425326803 277622973
930643921 154303037 139766919
469390913 480854216 316903463
243094853 797011965 303740050
783506865 13041330 376723373
945712845 473444791 570818936
998903322 670668587 627199911
997157226 840095053 192089344
357573346 875105145 275787305
235650578 63243124 613177453
641247781 491613883 98993463
268811332 39447388 277892027
495284659 645994958 557677863
936312757 272266672 329476979
925056702 690229886 950327064
273180546 787153123 897817804
630616056 569661184 89078729
603329229 562441475 179621705
786297452 909997627 707256453
538567289 849936054 611561001
716579415 233241445 665823588
881998990 860917978 936479202
814993928 986727221 603000710
221503306 623678681 956986310
245915972 397402105 429129731
724313537 330778035 217372289
404832263 274545880 68722946
349893418 150450352 962757786
405120186 179803762 614286902
908815206 766183645 996450792
380366357 202191696 721244676
682504543 210217249 433425372
86734362 349158625 941536758
598027733 6608167 337001515
209295521 693464942 636689428
749025671 345376236 127347080
151332909 520009003 242794659
351951956 845698760 736255113
227455573 769975696 406485165
306005895 304354796 36708294
666555045 235917382 583419593
555805818 769250336 632970773
588653552 604703160 145603358
7290025 362861870 521929673
164635836 755357285 331919755
256432320 366662859 754074013
199378316 448173948 826031408
296606045 888566320 251386577
533842909 156213487 93451385
989681165 981145073 395255867
572586079 221887192 436675272
131194010 949489051 951517519
563112676 714419751 692382812
856384862 296869826 831684868
727153325 531959325 187120861
932515033 427800852 538400167
529449472 134659110 984088543
841732157 894733844 464794114
842566926 965311357 628306911
426330396 323197275 380777563
300133619 395659583 495802223
89793821 362761851 63961840
805536431 903772500 651544763
53087435 502444386 182457221
299535765 332086892 771052642
215746822 306972519 914271287
682143556 322905276 218242761
394082710 573808374 42752675
800044639 872104539 901296208
967607130 189888541 550186429
633175863 929279381 772660783
629886900 160226446 988481729
535808969 710341815 844675745
282271484 866002538 127266988
447140058 144656144 379914905
889687668 68815575 598166402
418829581 433930750 654076329
28718027 519246057 584671613
320500783 696035126 37516941
763617328 416637926 717350654
100528118 643230888 950157663
97923932 284012086 457104239
140657454 896538284 69131357
79101040 25915720 186845700
650042760 246024624 458632408
478323844 775774442 899313072
373910227 958362627 288464986
692268384 9842035 171238319
185947835 808846346 876136439
319586774 910231132 222795941
764203177 159741271 524791825
931886075 654854826 624997806
623253981 60907524 898470835
926069742 958246123 805673949
977763051 714046656 375187067
61908672 597842604 603370355
526904963 303366645 477164329
178013300 913282689 728793096
599375033 556910726 376399723
55604264 329148155 614422493
831234562 158049755 155694607
92582441 550717377 330319020
431740589 571626423 384445702
47922811 271463 537111009
496787177 616570006 673924049
849107253 580410979 883688991
78174535 510374125 201597465
788918922 407756442 598267424
738274400 962761330 826729640
5723966 250677997 918825220
765715803 971692078 861491121
341691338 368992429 305345904
420284823 128775727 262528689
227240180 338959372 354240836
276224240 997512620 839315107
685258771 758838846 533701922
287095164 215009215 49596341
614471854 51191447 413237782
978969328 817756608 561268039
550935884 388621423 824190951
258000596 145818763 264073964
160470486 673802914 343690921
826687016 417701382 923483084
912410952 536714754 516975190
757466159 351215465 239653758
61840019 913815634 352439681
457281170 589678358 687760739
597893011 425426425 187289800
770587276 218034524 789890199
571205373 307350008 880970009
808342431 527097107 252467065
343731173 67330690 743291149
778117019 596134997 9916017
423999745 556208527 164911107
247811833 240463189 472624402
589748523 257587875 391771391
29845090 436069515 388866293
466778827 295326506 540004281
161877147 46949521 175787931
331409850 940196100 766433111
847225054 867887565 292382415
447760949 182196123 646241612
300581828 221154424 27693770
567735376 279014432 484540508
554466603 694016769 564672800
525386279 580557865 747959323
61970893 629952346 405991429
231010223 347024586 85904442
38958991 887138390 674322234
467705100 383585246 778700552
670532730 366899108 647875753
752686705 446598075 520038009
988079320 445627059 971467853
966802487 839399717 861212330
363498579 378840115 236499768
954278820 484517049 753339517
867316726 63658246 966019053
762458210 719701978 640438562
620069750 722694696 487896691
231509833 838727826 114423272
740402786 675659917 651295529
872612960 56119096 690704966
880855051 812188049 193675875
825467743 912041507 123402422
650465147 497040364 227301046
417005824 468730621 150817761
679252718 47385396 635456545
692227117 841127513 246148962
919143610 395452366 588293
852300975 263446680 409051396
493118277 641674459 648548569
859098441 682022304 943715793
67084395 567379103 976515378
254682738 286029038 112012258
870752117 445846924 49351852
190666784 268991187 143638878
855031409 397546154 726990066
550041389 270080877 139186054
198874506 53695933 941701247
196138870 571732338 300238518
512890951 430280678 617548057
444653532 326846623 455600792
271402735 941683130 588307002
607943006 44421768 110835908
703381001 624765428 532827373
815429757 416851294 714294574
563709321 481835298 465447789
459248288 903633920 362469284
167839219 322825520 753208633
111174046 318739075 418139367
33644703 146829271 374971464
780837562 267627439 643329299
591916860 718379072 9118545
369244937 132309726 876089382
930409348 948987139 664088293
769082942 617330580 214121595
103193494 98605532 930774943
555126318 267262552 222854212
551606223 875360522 989561993
447779244 146179630 144086270
787724486 727058238 807441539
653717243 605810606 542806808
684049807 743525238 531126913
711827368 688801638 741040050
994113240 363105791 287412698
708700276 666831725 416037726
587703013 371619061 679793415
611677640 929804150 409837589
764631572 157214853 447786107
301802803 927655441 565363471
747967805 960812851 92998787
853274426 853130825 41967691
130112788 985486450 902821813
888648697 743353674 844512340
282152197 556686216 195587980
830211143 547008365 219283842
904631426 456811599 368614234
920554764 663914131 178873834
290455611 419903742 217173216
789237938 807841351 406313587
785403859 581971761 289953650
943562659 483645385 609569758
392674758 725824575 751758874
567728140 206752936 194787692
471798647 263770449 363132910
385166700 487770352 410380509
805101444 806520863 267451306
791545253 539842714 275293514
736982045 288809650 626906208
755742546 856352605 236163617
249892013 946949494 581127709
820490926 326233413 139966534
593263884 979345392 721217028
134516741 572162829 373451269
975116480 460363129 311002980
384835063 505083796 527130605
531538525 657239471 949090995
708626280 258408152 96056744
203879900 505132343 629470200
92622806 97933736 817323138
301108310 875509345 394914063
725756749 237849788 145299761
946038255 440060390 183037970
621254430 505016775 520980235
404134122 385631223 746987590
605199443 324251028 268391338
196861508 421483255 261566843
889148452 654099486 673752197
509226161 684297266 617712215
184579794 593989098 465114225
385652721 292087693 443448037
3621068 608448586 582248002
238718351 312017839 952830603
491876986 137640774 150483823
940778972 812867263 548147041
518275282 557252020 939935625
219091684 180695857 699235130
939602999 219185185 603872052
501931187 378997684 169933072
343468050 855283272 939081301
481589856 829913482 293144102
368871975 551015259 64107801
352442507 480380302 225582667
256403871 238133170 82278700
380300002 881493628 474514011
331817526 495736188 895586481
286700120 204756835 315321098
475668609 517655079 757244480
488903923 757985066 286959823
502682061 564141943 746084286
208178025 553850349 8049345
22751532 970452754 959825426
207604653 972003809 685195058
827773637 983769360 258135290
909117217 110030047 100945052
796075168 245131190 676122304
305729506 888325902 52739527
461004683 846285835 328279434
605385292 168137868 351388478
123025909 311639891 236633522
201674071 80540289 941955086
167455566 662697812 127883426
856576289 693716528 493492052
770669094 685591041 302093255
318583503 879210598 916258922
763280055 58688485 36727480
715201780 382053966 649409837
923662165 361277700 692805891
31533720 620278248 985046743
509847083 348292589 410594360
944238263 221702747 591202617
598457872 98715805 571311401
443661374 191883393 894404350
678278566 338783715 746873287
792973889 222741312 65556832
142425574 536444400 333689556
439554046 404156940 225185963
858296380 108009677 907998312
860594573 971303087 783284280
641169897 128938701 831018269
675252095 34928694 429583229
120237241 105052976 256636667
893423725 523143741 749842574
200031722 12612286 143040597
750643429 429594205 824184219
941900136 976186267 27611855
80601546 972411507 559305954
626676435 819875525 509805086
665843986 322869118 457534427
563986345 414718245 946455552
921375844 351939828 334001716
705475606 777540103 617878300
589161734 305068739 193684821
976023681 461506124 888126867
990575298 665568724 897835367
912964055 160576714 649074882
509502975 508820437 399300912
884669844 966490600 33596339
529894107 419396673 932360417
489592662 920864062 310867442
209421793 544874446 676071692
292908448 727545047 458285209
573814649 386891344 603993290
274241124 948712730 292958916
97352728 730670188 147119771
95109094 598781579 477706695
829157340 68370383 998258700
950972547 146239656 421797055
985958621 813651574 609916383
150869845 843960214 765748005
336857528 736711587 870519202
700660021 461737022 173502157
959236486 438167667 532168221
269058463 685490022 585416379
531886256 541860835 339277525
284040437 505363498 248422211
770487201 130162263 9033472
586490815 453065234 210393121
376351796 595190395 592422659
896100396 385998318 591859996
29363940 707746390 859149335
167505429 26176381 104278578
631129712 461716580 132606645
748499772 928215850 23545076
348807834 162060694 324883477
723198046 989896648 773111247
363073671 682874216 171071962
288502544 184040285 397577822
980165089 76289230 485434654
509550129 944493627 390452031
42465276 875955091 233114454
703889437 365834901 531525553
889260179 817922146 305354927
91409666 86789789 811637627
667581011 666402872 808487249
320852239 774268022 659282949
439811833 870014400 618736157
246208256 811022661 606490954
698288793 496059427 760428085
132782474 488813337 471075921
840286233 550192385 897070895
576697665 791563567 695822961
194119713 409270490 185372646
563643716 387832369 145458243
22831062 144139355 640076631
597994032 759415813 254739891
8163705 874325588 767304711
667321748 60405804 715422409
128187308 185751108 290825994
502299283 452402923 739132851
501888744 371373294 649791488
947458946 153632461 23612090
184420138 69820640 75385184
111641161 167106508 5197889
685726050 946088915 673130367
372483408 17080814 85360354
667123522 315849790 562352161
749130045 872600947 981213731
699254601 12271732 439818247
705736109 330684050 604109834
35414587 681242856 89961360
712747281 937402583 690929739
533959784 857179357 543768073
213072118 700109587 354551791
36030390 704703296 817200945
736517954 710774002 8931522
464008023 569587588 913150057
327383098 389844294 772781027
968835593 256719566 825452688
694061444 548831306 136439585
78937141 868407420 925038859
440249076 552829215 188163025
269428082 150955685 757789108
162860972 94501438 917514584
270730755 182096957 82972337
569374353 963363610 664411427
523852857 761626772 298590909
207584976 157972704 519803236
963374861 154482496 619176671
908217512 612506817 567712313
886422209 804564083 691347539
986993824 400923873 398982529
211161210 452754474 459015130
58963840 963443292 719775302
235350283 482155204 762699408
259864835 945538846 80012810
354768252 718125743 829329479
670495914 434335771 347551273
867734206 246966122 87956643
505131133 354962421 589301814
602008440 576322769 286545502
667309123 11524716 380889186
229385712 3347862 44839596
390640938 791385167 613128125
344740636 206513360 471502357
305198640 507733892 357957366
422171666 57946002 739350979
650897971 518519095 707826825
879227753 156219326 169335877
418428641 80725788 830574783
887678738 239899127 551319690
595549237 462690582 547454527
102671245 811138829 646300259
369688128 172470286 456023702
75949884 166262420 523454599
770912124 361099429 829693551
241810520 693655060 34936354
534563636 15541088 162316279
739370647 453692934 321515144
627516339 669839241 770749718
600553961 461360090 586295512
126297353 193442320 435383012
306337000 637575187 469895927
620379824 185374691 136489938
548411312 127524269 953000065
155719032 333589713 656762475
26042993 626151491 140220012
839532964 478158931 901295798
26027769 609676223 281343110
402838360 564658052 199950905
64089770 760008532 287366779
677916887 990151611 16852502
135318928 209858247 21771691
914630758 342080151 811443211
381149874 121368091 580953150
856545503 379399755 653545637
281470771 926983800 243379397
15581447 202785527 754624239
189986538 578119960 226120473
589829381 495181739 193590753
833083976 719859951 541925864
200427478 894927598 173961069
171501082 104760958 52889048
876664251 25624099 646642671
226025851 167473203 843513555
487320276 68540405 739911036
230581848 9254287 975313152
419478070 943107582 38536237
317276767 732938868 408442018
175639686 44991125 51360377
857017293 981807053 729100639
828472358 986432736 946061804
54330412 253632984 426110166
62943420 578090009 245670995
554109932 587251594 928995768
536818309 642600539 211913443
522832090 516362656 455863045
217770387 650958116 350510877
427276051 682292367 211863145
687077221 189281363 999273885
258490791 50184250 684828435
146534904 982704408 266770643
487578250 45454038 747714884
428309999 7759039 707656630
702444050 620561611 688295169
640975195 973934119 286228109
404402647 793221604 545275091
742577518 305325764 352309651
522761502 905108937 349063628
396402605 914721196 85979281
38750113 718428849 367349400
409391348 785284064 673165487
363762413 241966194 613497957
987381381 179341238 666169231
797280352 937725407 18311535
645803313 54484284 109481346
950132771 230842191 481213608
986212572 189836723 285574055
304188378 772335599 666270698
77816159 439337571 853060851
262972377 322257118 18028990
557147364 495878376 854877178
921143474 976811427 294527896
604467422 804844966 230660161
288560573 140184294 411365225
553396623 248847612 11274233
932073100 469682219 625019592
413217578 622543776 573390631
976293799 843847626 454143505
542964054 613252094 494878485
487200202 778073171 60460861
312354797 309335133 405657128
739724847 689444415 537784311
2323223 122928855 510996059
344112921 772702851 97882354
413742258 278131362 189410093
165584651 799811150 338493567
302553784 30787879 348340817
355047037 623276725 802979483
322635010 899095490 109282732
76847475 492423075 428441699
100086458 842744178 800693203
719411218 226989691 110005087
894736018 671614256 648983503
138068487 280387210 622876385
307370754 67644843 188195262
197185358 531907435 369668275
831354191 3949635 426325023
600635236 125332634 946748201
108496276 79908231 942301904
173317855 684961178 695437826
459845096 894119834 622757338
495934967 399853099 363664422
287722266 451690422 249412959
6853367 951520903 560853724
217185082 693414899 810881963
320648006 952201425 19532407
732893048 796744222 271572588
155324129 822153841 16694537
955466486 74887733 666726247
335258183 854738060 763093271
280078468 120355680 936099698
149453312 562981079 37316558
528019160 743875509 317384429
118002051 10134946 860945713
895823188 238103220 965192029
610091583 175762344 596044124
252024384 311312481 988706673
955931628 866766670 888838077
69814448 690831151 691877565
583169121 460913060 530929716
894064414 466158536 115133318
467846455 355176293 727893787
213181355 857479578 748835182
988002181 133760785 876827788
809843809 151808110 88954870
664451034 354691904 321441750
89973747 953376315 687523251
793670360 386167651 545515751
365424807 20364557 213268074
767375422 728804099 77808737
208319606 581725670 685468306
740083322 324897365 259079577
986080467 652397156 168017892
214450713 660491606 496499846
233578283 77579469 869262837
583894761 613509641 298604150
490475781 27306461 975398942
340125578 418434997 989411574
922798459 190727670 515730460
824106590 947158937 320552424
239494706 217839592 846324643
697485635 205877897 202263261
952560295 611655928 652126537
301192010 476460728 694556935
697337625 521557909 759953572
669252667 96868219 592848544
682298765 849791529 114468399
72516879 673387303 655409293
343969329 165971988 939050025
887856754 805374577 732018699
199227988 374262765 474993851
475060357 813169647 277119799
940891158 762365601 155936492
150877320 873350192 259488377
768638465 872283882 828993268
495909968 957632646 562134855
16475701 334008148 211031364
107521112 664828168 872543705
835777542 386965768 14659226
69770990 416456690 943251159
89269733 704714250 32037811
821097205 226049892 703161654
407424821 671118603 870428590
963178964 369020871 875554087
659241240 994420265 159260453
425818871 871778566 928835226
351346337 838243753 918851243
69863662 272635565 84445383
39901041 757875447 629230741
697107402 892528529 895147127
864899859 690831139 848531974
581918297 624338587 206789919
875642894 765129808 935699032
278135833 430222348 149017618
307409732 557046819 14732522
12220282 395451240 44531478
909065512 448888456 164993844
44700930 32377377 386708866
575947907 217586751 346356943
510371949 162671042 644562338
166141671 736090567 16096280
19150274 765606662 558245518
356732643 923254234 529563134
434162827 827063670 722337713
348745349 391055300 844700760
515542123 969385826 610862306
586046656 892974219 211576646
426183172 919653759 26624865
422401783 978895766 398485751
893760785 182078066 755317311
831900886 150636108 972701647
149157643 571502967 760288525
560355212 326270131 177172410
265755667 987560013 625462051
687862040 255588998 560749619
1933004 381863235 918320552
752420421 94445297 922749612
42688408 790113190 814144717
335218910 2635612 922931109
761677658 647078121 712747803
266227298 184266674 79934116
283870834 280811704 139218034
444496382 19471645 17519251
351604323 133068864 777045586
337305673 156256151 520373070
269982102 364034537 190293874
823466115 215980097 208563450
41288831 851376824 353903914
216483185 645254821 316978165
710561267 930814620 48084528
882053740 259107353 560616514
217333780 793146322 151043020
446531127 669367533 461187883
587963852 823006480 86829252
258168237 298978104 567652273
523615482 339868695 21983080
445725281 942735033 161907920
685255959 938640865 673632368
397773470 100921400 393168697
940956951 850967225 272854402
699561305 187088835 884605435
424220724 595020567 763373114
639594042 683691834 320327869
142280420 464369146 375343888
764412241 861274069 365205993
387405897 500701586 345316780
500976419 930461509 33390739
667035245 625561715 122481403
600335383 348628987 210478716
923335167 583727738 783686767
100736897 102742593 671091792
743343665 491315006 932138695
715840195 57945173 458311164
173864587 870037851 348052101
855876609 631859017 914692422
63453073 784868368 183378854
573858767 87790415 614463147
63814437 870214697 885103483
28721688 76772822 998228371
596844940 333031606 258228451
596161451 480739904 362234757
908294811 780781754 868359604
523022757 468436768 919907331
133229285 278426676 519514125
980216371 473454323 750959969
460292714 85065159 156146564
362186071 183071898 516859894
223853772 794789293 520164481
85470055 469781762 63387391
976413764 841230702 127039684
16034678 423642812 771184343
656392077 413751055 732304946
158535511 435195196 53093538
769550112 440222274 823798566
959898651 464383983 364933112
108687022 463758423 520333691
186694224 547385342 79472929
193229266 823775029 334765833
943814433 987656310 791107998
570482534 932271409 365937735
78157234 918533628 651377013
652557837 531826441 9112715
263432511 411096654 821549321
754932551 543553421 489029542
422146524 45694237 940599196
646872941 193633129 956484066
66674193 815117014 348715753
430739569 603305685 788434200
513548036 414515862 693033985
980996278 731672211 589571754
324492676 605754316 600409478
574935559 318190949 610179075
997124279 87322318 952445698
842859712 415404075 124620459
13812262 715425501 801472556
77598992 384843076 982659142
450425666 578798669 477124247
479849112 176764854 153551031
555099313 195227884 179255292
628264689 582107585 490916200
357961101 614887698 74642344
23693354 139899902 7457799
218999863 620000102 287847770
354913214 562921400 303679252
166928876 367308128 830981794
310844724 379438762 389217825
830900368 713720388 373311330
582538536 15344798 236991729
555696903 914165246 749392164
855070692 508814981 50823679
889661719 550146845 570699155
153050580 262708401 80587655
996673105 799202043 992767591
131010616 321873973 10474742
229151735 133957019 765023535
488296229 290524524 107680166
548193395 421731793 306258870
858069314 973370096 576845852
404746143 757922803 336462363
614523566 445427689 580825493
89307036 236789982 202590052
500474825 999323959 577573812
601493597 243739058 106375880
764463331 397582507 210120803
260971168 113564565 704051336
869024071 263079357 888385243
998564023 806651127 354441931
535197302 329741383 760030958
91540912 295610851 207521944
476014790 861406256 450680270
216031870 336695630 468020210
149686132 744302534 699751826
334177256 819363381 589917046
751601298 104258532 231241640
196307027 121521895 492771623
262708744 431296602 116444553
116721541 569249595 295595038
423364711 327949446 746619191
910146279 866983658 374628079
377244933 355031528 265334162
743525337 652476938 889648624
950311795 711838345 589771888
989326076 366364868 871283032
895825944 654399213 300812608
431126757 401973109 938729216
420726240 73962403 853900
365665466 672563972 401445032
282580848 134997804 703620857
98567001 885089244 376075762
180884444 256858030 105292372
550377328 72474553 660472864
767696949 920609250 144304460
850062384 111687869 422332220
130886804 361274106 905457387
806205473 754802678 763185322
680199541 936638906 312631961
107743854 524789850 333329484
330531556 299477107 840150583
500476343 305776820 616044415
775492673 267163720 350976721
28457385 327780463 984968348
460843427 82675135 910074320
509484578 886385596 359906262
688209749 841464701 603780800
376739953 311649954 527390126
598346644 70433725 884485574
500906040 165620959 624700403
901458826 491488438 465214957
657864563 795702397 635676855
229499758 842452752 10019520
209812197 702248251 798064394
700939377 214269673 206149655
974942116 37582062 893499742
146308168 970150931 11084476
622029614 927692715 726700944
260361934 289894714 887168304
988299999 649380684 553224592
717201446 846164808 557695993
659139393 671714849 519064014
358992684 383833335 573166164
403530867 732885028 185358731
717034988 764529352 249790904
314274798 133029434 353946675
164855113 19905505 770962261
783886778 887083720 283955363
971473048 423657016 489300603
948350782 461164634 629556735
812736639 514432718 456884775
28418461 344353429 458264885
705331391 575043772 923255189
66186064 767735992 961605883
37596706 969429343 394918412
276634006 906342122 603537287
975691588 565100543 426108072
819327960 288451516 642353055
436847899 995446855 88578818
249406825 959910798 341880722
536610577 622085123 847734832
137674317 72401709 504387743
400169377 641183594 657331162
159500073 456823866 384561158
146321853 59184057 584332336
182631251 957559628 780194393
385766009 628437457 552251583
654371946 35928828 325696680
25218320 843781845 658378579
543437000 536945343 575828489
55100086 113479136 692901409
428514018 830520554 774474822
854945135 312500469 885927257
659844269 758090634 176085498
368747719 162818432 150514330
281687140 457386637 224321901
788829104 494407043 748710704
511664739 558815508 778717865
540424373 203355797 696785643
567902024 674013779 750569686
154986632 864324980 220875784
134524620 613567406 904680381
53829271 839586949 498840705
58038985 830791169 508746155
925879747 477398734 116279384
841263974 168258778 534497326
378948216 715620482 557249261
669542786 785739916 52671531
914267790 886912242 935146450
370077748 914468907 325244421
741865262 871924170 618198569
15352515 447247526 357149195
232396576 590033283 678884843
314539653 126188614 852829200
475745624 759285553 199840804
11825877 708795237 70034899
627097287 188986302 97123283
483509494 9637074 216120514
976622940 109527632 342564139
496381514 967710271 4292068
736328690 121142298 160036556
965925551 939961387 467207550
922039691 920262091 73172163
842030212 824849468 769274744
356767887 844701089 437517967
422915733 624303532 189811316
549798628 407648241 537437801
658326173 469739622 84154665
236201745 857274090 487493608
944476588 650650796 827654302
854164524 600930301 307881126
846467936 439889971 830895507
932343531 154382920 953988788
415251735 958752151 510489405
948242425 729961933 834870355
857521162 807949154 472505365
975413359 874434880 650261858
652080877 696681996 470613620
952518388 137658047 667308299
714544026 726457873 928808133
993269104 316671078 820889662
610109835 410012432 955042094
144251772 566096142 492736003
529650524 303104884 523671257
786098566 92949723 322832097
125053214 640882201 519758010
531749046 337785766 735884668
137225591 271291060 85716496
823008158 954967141 968363424
775854210 608658876 385434181
516775989 427366452 949711928
633487638 599258905 48242602
390195747 156485625 394756660
131206350 837409109 508302310
575158457 716354901 303181956
918397697 65636472 952757051
620856140 719998727 796003870
225182995 237100510 649405994
491167567 775102726 358037260
853441480 399648870 170836330
545249318 283660474 559962168
239535881 552388816 152030934
448125014 310702322 261145300
520968741 424129419 856065132
592451642 405263661 390001295
846922605 718561385 46334541
359267716 493424583 207227066
709829398 480136523 904388534
679176969 618848520 79471056
821377992 166848039 139272641
857252521 364290533 399336355
192953 897596786 3065539
207721443 941483320 512503969
954125459 842922111 627733634
863826049 138334941 242886173
952925994 426456629 680165182
62134718 589330413 15339908
535104738 388647452 123431046
815909245 18060151 505016141
182145799 261742030 71972291
569252838 506521198 465180111
46154387 267907385 411065018
434014523 964259976 459092687
916744669 772142278 327574190
235676336 672866531 761567155
247095190 652258394 239108781
100511243 66089109 809302939
561643319 563514887 801668791
313764617 999703696 458059161
894746035 813720662 963072176
146311254 860439560 992584919
700745070 147873700 166114390
189512885 32354435 514395582
437548512 727833942 850255718
474511975 805983105 801983849
705776680 687472564 315915589
49142657 265172676 264170301
844227230 902086278 228217995
315846332 167771807 344148456
868945284 552021286 274931413
993578458 43015885 364525731
773790946 56634396 113077417
26549439 125930238 139953249
892410551 469858561 277267489
167835793 893059985 138864921
82732694 738706825 37546622
66625561 224478407 402179599
352817344 264447909 449357189
935495516 687485667 278102488
245815472 901427154 675929493
268756827 254683687 12050741
770533720 378889725 470071643
715761287 643344614 13659738
888102815 28902319 768985575
312243668 674045956 572738805
285866559 29414270 164198396
648217514 711955415 767379801
62570534 9555990 254492895
515103096 51308765 8656081
400494680 179914554 574013604
241643655 697342042 946877672
73175495 197654513 201060912
660521542 34289088 697108628
871506958 375456405 732658012
395585326 133918510 848537636
972693177 655242485 205945521
719939078 469170723 952177469
386931389 208225943 132238913
303516239 322062095 266107519
205412471 471098147 224754758
484640955 156710535 593782995
66399057 771781575 773627955
191402262 786680612 34659081
166983166 230495039 994650987
713652498 998701544 150601221
894810267 673734080 606828275
992563819 158429114 673694219
77624538 199297188 849963087
7786503 76966061 999089333
833085337 367745226 696784767
115182276 638779335 48049894
696500650 456011523 685805397
626889254 885257067 373758153
349317294 551861844 41837295
135623300 151233909 886473275
618764759 769515399 364683845
85943918 438186811 22396552
450924075 951353624 640535098
16368723 549673002 13050128
560553815 598462650 110706289
257876933 773430600 59420992
819342145 891626079 65150310
642507734 877496026 510434650
490747131 191110944 629629386
230216686 918795765 349133204
881492701 859447808 276836757
936970711 624055910 942804651
595480232 236076059 513431515
17407230 990879879 164970484
810722808 878565636 754701641
104717411 362420410 708264112
920563918 897522225 153039925
838543974 891995405 971998626
97042400 635396748 534777845
770136772 103865187 994399598
966530840 646712013 627241137
807935588 759598382 614564058
810096119 321353916 806620656
770092703 554895565 82731585
36664651 869900881 93177419
674335697 817319570 243465253
414082194 274496072 144914530
182173379 446305945 897824449
187139493 166636009 847927628
993683287 320155471 201602715
855507266 307753149 32418205
742558339 661082615 281035325
668715946 539562078 323795538
521301801 815897068 725253543
356791972 787124750 56962806
518507765 732378536 557275281
728247737 694394605 379879384
781344846 593886517 103883779
176516505 818552940 491897698
79831423 900162277 139595939
878279758 923225281 983174901
900160573 268826900 999967764
510879983 188091012 107829507
304582696 237302132 249271488
227058228 28974707 44640942
407891523 76099017 593180560
542410832 16635841 981859937
778854957 741764365 188453068
503048093 770045420 904686237
295278448 235997513 730859255
157314838 624581874 868727894
434669041 688106661 416802708
828494956 150187726 767056911
559794971 816674420 514381272
344626064 589698755 804676941
381379675 28817512 253656511
758583954 13666686 835961057
470537445 468878176 422680520
938802967 158579833 733091014
284153590 726738323 552587126
161433700 354799483 571447430
303437090 691940469 510794506
620760092 951201641 578202689
328477266 950537581 183056443
620232981 426783084 164577451
285600378 680389616 690402073
445559530 637942999 274286777
656078191 750240688 596320994
54716905 594290419 841222436
501829134 380993664 592797216
267716646 529914632 159925324
24891238 546599616 288406117
934298082 424503335 650877249
119017064 773941041 163395714
982966589 12810368 731814808
352297091 180808043 964831269
160433395 468142138 949486638
393300274 678766483 566710358
293522091 100542130 738109623
150666558 28347882 185846974
803698481 572870723 885853810
434890349 433170093 75719295
938080834 598178884 309749746
590029141 610061391 442396453
21957666 398240368 514736653
983355988 211639946 563539080
682595741 708641696 364493412
884338918 267363724 639870668
495063284 429471092 99878311
839170646 754917036 566581534
149146794 154978910 670577113
396652601 118676875 758480842
120563095 398807818 683337924
555016229 194967303 129488516
253144057 979122625 641006444
618844160 968442391 400767571
115340185 707884792 929999624
634140516 290421120 287780022
324622034 808497402 951537230
395994686 802864645 249205366
687873824 566567788 486913892
580132117 748242836 600684692
78459707 997809569 258278002
84439894 153298732 787781621
90230140 639432435 72391085
494019726 819430367 900063349
394204530 109326401 929013842
643703271 183571690 909529053
920066330 128639691 404271032
167387156 899584503 967491278
374669089 561178280 867937334
931804671 366186069 47816329
621479984 889451679 411820894
799545089 429512280 644912810
510911009 257803009 490410329
823539050 221127687 513742280
93696570 966819942 201575358
175382731 666191270 778463122
371927242 275172019 587254080
559091347 837147273 467452863
363892659 425115797 988868826
835303951 346402656 749428984
515268783 187717030 579581724
601467261 144273825 270503947
582779753 876132039 371396773
255113196 182506879 885726218
241936516 465603139 917964733
860705922 101205547 465021521
225506718 375189192 817800532
632034049 471976388 683951403
294403312 100792614 70159543
375482903 13487842 770600585
759792418 677382825 290698866
698320153 953838678 452223599
802318184 480394396 540762447
471466603 745919537 967490970
320687524 211429973 995877549
404115 472194859 11466709
201879943 572950609 985429604
574734623 391862537 68628262
585950750 302509167 942065313
442547415 358368336 784096904
853059958 351870815 444618197
523406497 957381618 964421836
304369755 289563274 409940963
229324860 317450588 329088644
802294435 902978476 400939818
843190406 524087917 626927432
854448075 826332743 707244505
253535038 436807897 476452840
730426979 876061471 815078956
921518027 376169536 823595627
115055639 993795960 773445978
115140876 668895619 742305886
977581228 597286565 242939906
797993943 4899380 160998597
470885601 209912287 800692270
195297272 128451532 320379789
283090670 604111807 731321360
251680908 747782647 129731461
190787807 833674512 179221343
114248596 801922906 915764007
854127817 473604335 44110099
352853628 437769818 488534723
546103254 503700546 266020251
272805882 135288763 654945473
936159691 106252605 152405297
535637098 390090016 339139951
265468292 933031450 355899516
66051116 981479147 890120925
387988090 162782280 97453274
902124723 479776047 808506906
965058397 657418855 658426109
85665963 843751270 481639856
952007299 513947965 48672269
900033229 992983484 83013345
644587965 290793590 527846928
349018700 882133806 838397407
262671188 280083672 499482322
437977519 729245449 992448067
212814057 328789487 74878468
294514984 530441316 55947032
850323498 623432041 848658508
867871171 215323716 96452462
464501060 611385875 305653037
95007184 473231939 158532514
251055710 469350775 68455426
66385877 576360712 818932896
252168995 279070807 691200362
234199615 111867796 967121294
807611434 796970256 50710540
984461776 833431914 165610004
525024322 558346060 973848958
499639828 2622105 531326958
501422376 926784919 46480533
482127850 956140020 213371862
592774331 188469967 30650478
346719799 69062141 680659118
603719386 761034460 571694323
516638363 400523313 552267985
387153962 258632945 360771791
276903111 738666749 554417972
670392502 419987770 685438264
60035284 866405086 224117864
830278578 976248162 875283850
935916354 7795843 87570810
589873459 803796777 792440206
912674111 398920260 687691878
918761566 44181599 636221912
694379850 166541266 527108917
817633486 384451513 85145483
141191113 724280841 776239405
710787473 461779640 844923902
121261579 925559000 557073181
778119040 889835162 387635113
111884665 103048765 805084743
580510577 793709424 18741092
379468559 888069847 995437398
414999044 564164951 544142367
674337935 366038022 862484305
635044223 801175242 288980815
291401470 259787635 914900673
810110609 944273168 156524284
546168672 35499251 470962994
66130673 513271689 359820370
303152638 301329520 211061490
418758489 191583459 817555287
839517557 775743739 382641168
619997747 240844311 139952286
127016241 624542670 332562091
727979248 540810131 75615096
173273902 827689096 331657397
117582301 184552811 485352695
107693723 824705482 831449745
672718098 177898250 64260307
947713655 976669365 420723428
539923699 15573185 241259037
706914906 409877503 875375472
438472051 78983398 470721029
582489584 720947638 209511265
465473190 156936449 895730058
487182636 327608603 652157742
172935374 457606558 677043144
814517113 697343667 396647551
31280165 74299117 820510063
871287741 460980259 978584525
965987951 518132677 428742311
58450779 568467807 806958939
961206246 648155004 279646508
698834442 775406727 250679483
71302917 840054675 143168690
896715535 252698715 401470771
157327708 803312701 412708242
829042586 193459897 238979533
934261650 769468503 54419223
583668153 583207184 392497435
244937464 95615731 814339676
847232209 436697299 921229595
370291175 791450716 218255358
304895570 586097856 443989872
587510387 717202361 14473164
791463460 122550694 187105067
740737362 363560106 585498148
673056204 273346802 73233017
208401426 970670721 840141773
484675513 184751385 739682696
71248972 27728581 409691735
100352611 599443229 199434565
317149865 719755522 262285500
370138088 738380900 809154202
641777455 583666039 846115666
696573755 479094662 742628072
815484158 237959927 285139282
801833166 960554395 706173488
341100000 461228915 738466068
212080002 717158091 555528595
248711026 701047929 735001022
459434126 465031533 81613714
550921818 688133675 664364282
946181573 196209144 566179645
878424929 800755641 632994843
406243019 35701887 502532561
582886990 623241203 5317460
170603332 667852467 425012950
726817877 841337845 855071432
801905010 943532229 996499554
514273898 748772907 579987264
312477880 99835004 512784599
404767904 828564829 760533639
534907896 82481672 322975424
383260915 524307949 930280559
882685965 891358606 622446763
780199869 601664002 733714657
937051695 131053719 328155208
924172133 531364987 90656056
633599666 385091254 68436210
856300990 373002332 968232611
666839132 730119946 817776962
825449255 785894242 675425839
918082185 913851653 502595157
757909286 775588226 529264952
20707838 818345176 136735868
261238571 429517879 746999354
496505831 283158404 536968763
746259629 162354754 388294287
57114945 572588355 794969288
677559375 470283115 398113115
477717442 41462833 108951484
588085587 856947538 517380148
663236268 456676702 456720305
195168913 516951823 563438137
103667797 141628166 979539122
901757357 874696347 744834585
117133535 274698224 511898187
705032981 743024966 746491069
452621441 900882703 519488306
504693318 402316986 224859556
772781607 821688487 820244653
216960079 843205283 971895520
955909829 490060560 751399277
597416767 765041059 486572198
638103306 64867051 734353120
209830959 421311413 234837470
69126970 452792515 9518089
464929807 651280129 342376595
413321657 508684181 33481953
180428445 192320238 699753129
574400720 230580890 616881139
776551367 646254854 132834994
228940043 873858774 148474600
695211089 947001178 184533840
928628540 759112001 978500352
439217257 96782361 765995213
124726312 454545183 762368260
370890334 927468843 839426071
170642459 924888717 357276475
563801675 146971607 95777152
51023731 642022106 216303110
169838039 844661430 553460258
273525040 440831640 521461522
220581400 550415009 672621700
352099898 911780966 112878599
973153914 992215345 273673736
126241575 353329088 764333
286081852 491072076 783458489
565234287 387956308 219033335
582341399 557239769 597069730
943714360 709702256 45185685
269621610 573292885 444026299
796413192 150952034 153209177
788077085 504695994 655664197
594834925 134843588 952932057
603945298 623273977 400862579
162521403 351542127 669073434
785730004 12670866 977285178
877136304 825873626 882039899
517461505 895684723 174800100
600578605 620071607 159614939
611015836 453809878 570755212
571589122 250668092 189958193
597904801 456079839 690940021
72288994 101910124 9683950
924466534 966557482 429832461
503722495 227064805 612521923
14178569 955621542 197837139
494042954 663168561 744277270
361656502 193862250 748643537
321503077 720517253 145292735
545415911 610328974 841922214
366338699 998763174 492806713
106549907 29455217 180486787
748600401 616042049 603065597
804352887 430514294 69757280
66468690 444650160 608911628
633729740 73198515 693953791
520722149 221123506 818206861
690610594 7727297 570777226
684581716 111386291 70707282
452728060 83775834 506491679
524586677 304334759 652971606
426651303 252032270 832520346
32306492 330457270 236351068
496642446 130342018 344421328
967594425 362510629 724580612
884084356 600001206 621099448
796780557 424463055 561892953
50649487 867465495 212976958
736722049 867856683 60399460
810071546 782064280 315191708
935750647 213130140 573827451
634940051 613776346 654035966
473033363 528356153 394545809
966270967 641834092 748670107
304790748 51239766 11154013
623869665 550135721 810858843
600130784 229152192 650301894
806519095 400629122 30455700
346192062 391342806 464477046
984102432 244343391 61405380
796639076 895968669 625578517
374365335 460090377 483260920
243029364 964416030 155637395
424557451 357239994 103918906
119277 624069515 558027625
383356162 230237910 897245773
763292164 846768476 723833777
916253681 618521044 941906854
925933327 431695682 622272352
902251263 606633118 925633417
906136389 627603414 519956856
505436091 709173358 204427815
165165255 146914647 525274874
502818593 3976362 498282058
726642363 372714131 536486196
323079848 90975150 865733639
505409328 920428285 172995600
259273524 702949969 881216675
220741497 890866825 537153348
527926749 340573415 621077924
710582846 613786454 179372411
702243093 283230350 73374504
602884963 663376339 888444725
923517509 435620011 416177007
157029529 151803887 284005284
615441363 41725110 593351300
44755416 702208026 98329092
768641138 972845314 259057668
963526002 12516332 745092538
276622790 287873533 195940712
373997861 436371174 658643240
635348237 378683227 58115914
820078078 499073292 707813370
905697421 54041875 782171056
351157024 814841722 456462400
353260491 934499412 708670534
107518875 162159672 64696217
925087473 539245651 116555650
471321684 310127866 997121146
342725310 352219864 167857782
403386765 431338120 328599649
730984556 909597943 919848775
18025780 339814332 451737467
295812326 548386496 919397120
416001314 928844264 304711620
795223924 498019075 990455344
580184361 470146667 199850540
917878275 603724501 984272356
720937700 559924910 869196098
847047965 498560455 28532670
217289668 536265567 102217015
435727861 33368233 727002188
397931197 779440511 305001786
73165599 729554242 897206061
738050475 689882286 710414958
95538766 495852451 997144667
520543773 5449198 44490232
662157992 117158262 491169258
914863981 130598766 947993956
724415334 543861875 901061019
268197248 936333092 816073028
492996174 456009493 398863241
107510385 646419298 477899062
616388282 851140737 886716961
389411407 909230428 80588551
905147443 791583262 21409751
200501813 650184522 683133502
688197402 551212615 870285487
740123654 391170177 218109643
600160116 835960889 740002645
409023474 530139218 226269572
486442256 767851704 351533424
973124119 898038435 226638193
30560476 122555490 149018442
337876337 561045674 794478761
711025961 759217018 17999491
570856568 357542754 579113595
214131207 842784088 634854427
372029301 804487607 540732642
758562663 10042185 99878601
339622566 391893603 472767994
696486462 650024046 788172068
682316480 478258596 863862971
873802052 595267907 669903094
381267024 777645869 748497793
244417389 768834414 907200698
741790134 422424834 835063177
432768337 516249401 657135178
259511663 927285276 968047270
58629456 795801373 99252739
508590689 456657644 629697069
70197934 284293439 247160154
431050285 831347446 608846532
990690968 777253575 235067033
804198765 691157690 43129043
65796610 750471919 89873738
582595539 314429943 714238849
857084030 715931881 396628158
588607145 472951130 537480528
89097007 127825039 528936757
300771497 583163849 335703353
992656905 590749333 21546501
886045329 466964891 543391904
297441520 728838792 106292114
100255846 334751886 873898105
317101261 971559058 148569838
560759521 585846086 478058722
926213434 959491985 414072063
547889423 77837502 966170669
877661382 272239702 453737014
159584795 84059310 912292760
349086885 912694975 659051088
656345123 319697409 106928447
103773557 627124692 802152560
630290393 875654342 579233092
672203800 973172065 16980509
464193551 717261791 497960722
603174463 16959079 918279252
782227549 136060016 787846815
357437392 617093711 541651739
647622008 93629364 924638993
99821774 723908171 91391758
581739328 161187128 193793208
699547706 165027118 228951360
212559702 317020149 778127733
315733216 724580662 631562957
187261485 544091378 760944216
488313948 16205233 159592693
166196590 60019648 581673996
22440163 497180500 268913755
503221524 447356730 240385462
682361217 610109318 490461326
340171811 382625248 601971843
593322291 351515409 200918578
452926507 992079615 88619690
190682384 888272809 364474522
753246748 546727343 614352178
248083794 561198208 723205569
662437993 989217307 329644871
627053703 659226684 963111186
209084826 102520635 598840826
902295202 151670441 261240876
60029323 522478313 449787118
761815515 214796309 603343191
374674749 510914024 176086898
586196870 153831372 417059926
472624963 892173560 738966191
509931628 652088603 329904627
681412828 235530873 239612490
637890231 542406688 490511744
281518659 254502183 156634706
675889616 677547777 449878733
200428288 934228456 613920615
616576143 616323747 382371156
660233705 663806843 110089138
804504987 276371673 65234945
559305549 497587096 219050526
811465920 566451649 887293303
924528030 347320948 474440736
98830481 15881360 185045294
281988297 431179653 567019436
619051934 629771627 613971174
877879883 25669206 645432442
877204697 854976322 836285033
652639275 924122415 416936324
188744337 154458236 139067239
724001517 747945477 291764877
656395580 684217895 444213430
302736245 797090964 38774542
314787708 351095037 662128488
866329966 899470876 942570803
779943163 688901018 74432245
304880634 553742645 635735887
971812975 915887839 369253242
721778575 240289559 635894134
51832426 221608061 755908712
303742988 335600146 49308616
274220690 387865835 47476172
702884355 116710433 726982064
904810092 772505446 887656384
416568584 394822568 439117421
345657407 413818422 361575975
864195449 633109708 284046378
904021511 645768208 604873962
377515264 460807134 471834432
812576734 218393675 269966472
917944574 931451865 79737510
307606311 659581429 257741276
368946377 429801028 307914099
261499348 959299547 453428543
921227438 743350357 798841289
938585808 492220252 161733940
841071540 779969294 653715089
729145772 904205248 505397517
129799107 592967611 151316811
392104969 632782438 94930782
263897997 408354282 379725799
742538033 500365302 724878940
744219936 683799504 627606386
662753546 807692071 683337686
393479920 908940769 812756887
224974342 408107283 549258818
17327999 555153789 26802615
151108676 870422692 582433204
10664071 862408170 848355024
98860999 355640298 753382984
737063453 379101250 277527367
860685347 598208805 842178818
550730842 701578853 478402604
379531176 99224518 579792061
210187234 765279580 531091635
636718657 215860851 380258856
50548043 265510586 290481690
667717510 669218740 845027157
567693781 928129234 965721106
581025963 886951977 274280293
641758363 48901215 461346956
641314206 53060493 467130429
145845919 740156529 377140127
278477530 502008530 855032641
977537646 205458229 231022294
498932644 764027284 974595185
460414396 875779117 46420078
223350259 8838737 567804931
891697882 162921994 618241897
657889229 947586266 717033297
621546381 301655725 797791224
548136181 825378594 731983844
173136675 782097315 929228214
815994282 213438736 762906556
720334518 17366587 167550113
39900241 66847717 980668472
843864052 863209117 500460130
454710416 829034559 129696698
438378001 267063728 248996963
702443411 420620515 911136217
661021035 532436470 387894790
97576442 216406087 204779001
800136256 907676991 632188700
701283799 701344594 667881813
411810844 242399878 397643107
779026635 815117444 876980412
665345342 736082974 855084286
749289066 876274244 513955451
439127240 458601636 401962221
91257144 1181549 892167977
816003955 898656769 53067404
988583980 91289998 322124184
106360161 623537130 834011258
229184240 343104589 423126012
823668770 114207241 496642090
59615366 427479399 723921888
331831327 235635835 398035918
417379322 815726958 553153510
200256162 861005458 209279124
585327015 631977640 305024896
271121957 766477409 502140733
14007782 285310491 831489179
868091346 714124308 704628176
794527135 714102574 459648201
138883371 553160915 561828055
780315468 554443 633291587
963987381 579874574 994277968
171755048 586597666 286546292
516442801 772103310 749636212
152102922 445294072 656470
137272974 204336424 350215341
924858322 575414273 802547823
156781119 259948670 810991938
73039825 117749593 987962638
261321114 937597159 141867781
126330345 141577240 231481182
538968606 682652326 242747905
783635578 142423691 207082860
873231580 905508816 730052622
63546526 959261183 774690878
524666378 791743993 473861937
372921439 907583737 458629690
362010476 88373439 454429043
692310879 855227845 985118950
850266033 892755362 372367209
692616192 566299969 71381738
148768615 121048217 887657202
545446939 355322388 609498503
367370486 25674024 758701971
632471354 658315776 709110044
711812845 386437612 401852709
960848647 265996350 432413494
29417872 732440188 662668977
532447458 161487359 946418093
903359307 9479886 725050047
348586621 300747150 750008706
287367805 177706939 554003182
90893393 548993462 47663761
844036655 883706152 797501279
232219014 59292520 960472830
77913122 718091639 67325560
465010603 505845704 454318746
580242323 222197427 484790858
543506612 229855911 334886218
677316910 388235520 553166840
14755219 466864949 312243293
235904605 64368969 311134285
364143776 57866790 687832878
404005378 550551799 211011146
576749085 847221245 749056394
633432230 274654431 80162072
892539342 283020510 725153358
17081045 426426101 152956773
195647565 55693114 271890631
234425088 235098304 999334908
216532637 587675957 742524135
255789641 972060043 232855283
269382882 72666800 46780133
265772501 394075406 305510885
301531688 629336018 808787093
924212394 343781363 357405374
867931990 268559159 485003068
580807458 697974335 121908871
15799695 934769817 522588973
546161181 683112071 239160839
702507186 452473145 789621230
811580658 88313310 754171044
283731306 103092492 168411527
696689763 186168544 584492568
883859864 958171516 247595931
294379975 770979009 389430624
658445826 730690153 649863647
784521680 869392965 695421254
259406239 159253074 467892406
512569146 824083912 574241790
356674099 866528170 527950711
257823725 848853533 774224668
373004137 384915861 734766730
816328719 215910427 716630932
919599069 570904581 292649629
357109622 366104935 278761465
683406296 500358180 597461859
803096111 934084180 354227320
549710680 26282177 680131602
226415110 741805210 315995674
275680015 479178188 290210803
730528977 765053519 283404647
30542203 199701939 922458479
100789976 848344867 791279119
965496095 197430142 693256393
882429329 414340738 258595479
960433418 578401924 985918562
300207208 94747643 270521585
216193840 848895351 239641026
826323144 143762985 952769997
648520819 371051048 219392
812603968 608555240 787600125
720183852 356919159 2331200
922305655 334377654 738828113
618568212 528279891 962041770
595022456 321593741 482317504
422043801 557122765 271478950
681007614 125456592 271518674
506599098 758201378 916052479
76335209 156115357 505969146
222956175 432448363 443077711
726546855 499206676 149397257
965535421 887448214 736573514
541181231 893013301 383076803
475746221 996111542 278729438
751336313 997736500 38285314
660586118 606685218 913855185
274632384 467219133 317108764
977003601 433111795 169366476
93909557 27220298 366566746
22013611 705199475 431486226
723225467 82735944 261650365
133948713 762107993 457605506
299378827 245360832 849918342
152190705 707157510 741453800
105945517 498127969 166984939
957038217 817222046 716568346
639774912 158574650 597320723
151052094 699419703 362014159
970713887 693796146 721259415
364213988 200344457 691406781
797942426 158856714 344650317
452193596 911255887 405757479
60559545 496056052 522950171
689666838 91462095 198121946
196256212 624806855 625192734
865429286 754155927 907250003
387907062 507644364 637207388
296502810 393161293 582035442
475693196 962301989 695421152
815288155 121372445 409751839
506353700 583194804 73680222
136838098 530424000 883038364
475867282 272864778 278978454
365345977 520611476 708975093
15258591 85736597 608014258
219925941 39735409 399312873
5094081 556144353 705624865
890532645 237957288 960562226
878118283 223995825 449659936
839498745 210107262 598097912
33854094 453397570 555560447
496400405 278720999 504186252
482374922 210909683 774900827
50342849 134554764 825968192
361214252 720955520 157354242
12155740 909845694 491943292
753775347 290606922 612976556
561650429 373071781 195715063
533451826 569506422 455977301
711403291 796317928 210030086
723525979 95177156 822170663
977339496 282745873 605215405
752984186 176391367 718210690
342714705 852621808 618289715
820271178 798152616 542956101
391906345 786770389 316513483
240108081 553535047 613972255
453722914 190785836 628597426
488673657 643242267 526504308
459109250 113428449 204871959
658021982 887447129 89537441
934917288 496708650 305678225
809583554 150724072 628200192
274955323 200052457 480495318
502298423 865322268 117888289
172539139 415978308 608280077
956939607 636005277 49134133
79054788 699014278 838207459
444753272 955922449 184113942
626528893 264305284 610910233
358224454 789259150 973573811
474629174 772374870 406578101
261332201 475685012 495426592
612916248 160662272 297942951
86345855 907887178 155620807
166277728 853815382 593729469
817880776 638817651 856716352
371747989 932973026 235225599
903551556 480371433 961505765
102351557 349394829 164162803
569652904 792909486 319265252
301930452 762020898 936751757
959423422 42368336 762974313
331638719 952378286 11957032
870109724 922549893 888453075
635827166 372107969 535214573
973208503 417194500 866834332
238821767 468799086 378978967
644807795 71683184 494923585
443367370 30078924 891132817
914171649 323516654 797505638
187976422 774761410 437892190
726253272 880075232 843058900
790105152 821317564 543396697
46471607 852948496 415962297
731121978 531136613 857211488
27887083 203163743 701347143
699413956 86188382 961863126
198374377 418587902 269210882
756549854 155682210 583533527
384406876 349450168 341517598
729384505 319588032 805599181
513140136 566001712 199888812
954313131 770463980 900579502
274330038 185275969 816064437
896540717 117248923 434199991
59107807 260140950 769391659
346425725 423061387 949839970
77988417 925184657 596997711
277026396 76708195 899721737
459263395 723376216 204377406
779393928 165688542 646606667
81658395 446579366 35813839
10767468 356513454 110099879
59405691 958441672 847762848
478430589 390678585 529195238
954531957 385694355 108579852
742064668 436423419 668185928
559758781 476494040 591627110
108790140 8322139 109454105
631392775 822271806 646401999
821628590 113615340 816528458
177070854 659975540 399463781
609075126 663727793 582857263
607674556 7381479 596260137
795057674 964579445 7441787
59401462 605279415 942020918
441401353 221621615 837983687
477095311 440589761 598755176
270124367 799608516 250528171
263650735 148670736 511814804
483719375 636006296 329584704
860036950 667989661 927919406
239087884 186344831 37339666
211304228 543284085 663990784
696133577 807603186 892845516
231029481 952970516 853286344
725738100 741059514 485872244
14511372 994498154 712812612
195774956 798602440 949173924
11884361 910866372 199958319
524409145 479381086 455890784
810153525 668194313 139164248
589866383 851282566 629630882
960754374 143631699 368541349
471935842 752310890 908006086
957568908 407001024 843070281
622343699 262211558 520087378
134000126 752717126 851172035
830819056 373391475 724167882
873964466 323130529 47543467
899212009 456089043 475310454
276005105 395137909 746679380
641550166 25515591 909942624
979465749 63297974 658327318
745910033 2634337 311894132
47881127 767634968 845697774
898354855 966632000 26234679
584947181 599415522 893158751
422897791 806180759 348760586
356920812 301358661 561491181
635169449 982571810 731205164
787483774 378734591 43999856
820734358 255702589 580515729
324947968 104914644 523479970
865438189 262553181 658675663
543396503 112228592 783459588
284309595 569869030 32284776
517994679 911028627 193934339
633395536 761754710 576355787
327654434 777390066 398852724
422611550 232953985 971869817
524785435 243325936 69585446
487893153 163835649 935678421
622029633 623250847 376812782
622605901 132761274 722080041
151638689 751184406 293265299
583054741 264599320 161350291
474752661 931368835 475012197
562064083 43922517 610416234
498045236 638077379 784507769
221669752 566156189 919087061
428005051 299434798 720729672
497862225 911284288 680252020
682567868 409072398 563529995
616093278 731617260 499430257
203681246 484153652 384311207
67160271 120605520 509699363
971771505 338890437 212903430
277425028 517178673 365729633
685452065 49057254 151480783
284038633 403429848 534110838
715420173 605217277 290696022
183867582 47797610 923288638
184827651 992179089 573954633
805191438 563566959 419737260
342622902 429308992 687139706
509019634 517382274 485791492
473206927 754826902 647627446
721659205 67114768 460461453
661695903 680295130 931916839
399953673 443914121 674264515
437683265 68994438 882479042
912573198 359543976 263065277
665280936 961377247 847978084
485319077 35503430 551649246
229974154 113550095 31483219
297338261 738651758 213103369
490933079 592579007 518251186
500473330 712032165 538756112
747154330 162185528 107168458
582041123 846130078 910719431
29600690 736355625 663070649
485535607 332154450 313444664
